File SSV Action;File SSV Status;File SSV Error;Area Type;Area FID;Area Version;Area Name;Zoning FID;Zoning Version;Zoning Name;Zoning Id;Zoning Tech;BG Id;BG Version;BG Name;BG SSV Action;BG SSV Status;BG SSV Error;BG Building SSV Action;BG Building SSV Status;BG Building SSV Error;Building FID;Building Version;LAM MK;LAM City Code;LAM Street Code;Street;Nr;Suffix;Zip;Municipality;Suburb;xPos;yPos;Name;Wall Mount;SS Reason;Number Floors;Height Cable;Orig VC Type;New VC Type;VC Method;Intro Tube;Prov Status;Prov Reason;Prov Planned;Prov Mod By;Prov Mod Date;Comments;SSV Flag;SSV Action;SSV Status;SSV Error;SSV Date;Seq;LU Key;LAM SK;Nature;Nr TPs;PBox;App;Block;Floor;OtherRef;CAD;CAD Details;CAD Type;CAD Type Descr;CAD SubType;Prov Status LU;Prov Reason LU;Prov Planned LU;Prov Mod By LU;Prov Mod Date LU;Comments LU;SSV Flag LU;SSV Action LU;SSV Status LU;SSV Error LU;SSV Date LU
;;;Zoning;6807712;'20200127134349;W03-C-Antwerpen-West-FH08;6807712;'20200127134349;W03-C-Antwerpen-West-FH08;19085;FTTH-Cu;;';';;;;;;;615236;'20200326153606;12597;'1630000;'25;Aalmoezenierstraat;'1;';2000;Antwerpen;;'152091,233;'211625,62;';Y;NA;4;4;Unknown;Unknown;;None;;;';IFH_BATCH;'26/03/2020 14:54:23;;Y;;;;'26/03/2020 14:34:24;1;1615197;;LU;1;';';';';';Y;;APTBLD;APPARTEMENTSGEBOUW - IMMEUBLE A APPARTEMENTS;NA;;;';;';;Y;;;;'26/03/2020 14:34:24
;;;Zoning;6807712;'20200127134349;W03-C-Antwerpen-West-FH08;6807712;'20200127134349;W03-C-Antwerpen-West-FH08;19085;FTTH-Cu;;';';;;;;;;615236;'20200326153606;12597;'1630000;'25;Aalmoezenierstraat;'1;';2000;Antwerpen;;'152091,233;'211625,62;';Y;NA;4;4;Unknown;Unknown;;None;;;';IFH_BATCH;'26/03/2020 14:54:23;;Y;;;;'26/03/2020 14:34:24;2;1615198;;LU;1;';';';';';Y;;APTBLD;APPARTEMENTSGEBOUW - IMMEUBLE A APPARTEMENTS;NA;;;';;';;Y;;;;'26/03/2020 14:34:24
;;;Zoning;6807712;'20200127134349;W03-C-Antwerpen-West-FH08;6807712;'20200127134349;W03-C-Antwerpen-West-FH08;19085;FTTH-Cu;;';';;;;;;;615236;'20200326153606;12597;'1630000;'25;Aalmoezenierstraat;'1;';2000;Antwerpen;;'152091,233;'211625,62;';Y;NA;4;4;Unknown;Unknown;;None;;;';IFH_BATCH;'26/03/2020 14:54:23;;Y;;;;'26/03/2020 14:34:24;3;1615199;;LU;1;';';';';';Y;;APTBLD;APPARTEMENTSGEBOUW - IMMEUBLE A APPARTEMENTS;NA;;;';;';;Y;;;;'26/03/2020 14:34:24
;;;Zoning;6807712;'20200127134349;W03-C-Antwerpen-West-FH08;6807712;'20200127134349;W03-C-Antwerpen-West-FH08;19085;FTTH-Cu;;';';;;;;;;615236;'20200326153606;12597;'1630000;'25;Aalmoezenierstraat;'1;';2000;Antwerpen;;'152091,233;'211625,62;';Y;NA;4;4;Unknown;Unknown;;None;;;';IFH_BATCH;'26/03/2020 14:54:23;;Y;;;;'26/03/2020 14:34:24;4;1615200;;LU;1;';';';';';Y;;APTBLD;APPARTEMENTSGEBOUW - IMMEUBLE A APPARTEMENTS;NA;;;';;';;Y;;;;'26/03/2020 14:34:24
;;;Zoning;6807712;'20200127134349;W03-C-Antwerpen-West-FH08;6807712;'20200127134349;W03-C-Antwerpen-West-FH08;19085;FTTH-Cu;;';';;;;;;;710618;'20200326153604;49188;'1630000;'25;Aalmoezenierstraat;'2;';2000;Antwerpen;;'152085,02;'211600,74;';Y;NA;4;4;Unknown;Unknown;;None;;;';IFH_BATCH;'26/03/2020 14:56:25;;Y;;;;'26/03/2020 14:34:24;1;1693676;;LU;1;';';';';';Y;;APTBLD;APPARTEMENTSGEBOUW - IMMEUBLE A APPARTEMENTS;NA;;;';;';;Y;;;;'26/03/2020 14:34:24
;;;Zoning;6807712;'20200127134349;W03-C-Antwerpen-West-FH08;6807712;'20200127134349;W03-C-Antwerpen-West-FH08;19085;FTTH-Cu;;';';;;;;;;710618;'20200326153604;49188;'1630000;'25;Aalmoezenierstraat;'2;';2000;Antwerpen;;'152085,02;'211600,74;';Y;NA;4;4;Unknown;Unknown;;None;;;';IFH_BATCH;'26/03/2020 14:56:25;;Y;;;;'26/03/2020 14:34:24;2;1693677;;LU;1;';';';';';Y;;APTBLD;APPARTEMENTSGEBOUW - IMMEUBLE A APPARTEMENTS;NA;;;';;';;Y;;;;'26/03/2020 14:34:24
;;;Zoning;6807712;'20200127134349;W03-C-Antwerpen-West-FH08;6807712;'20200127134349;W03-C-Antwerpen-West-FH08;19085;FTTH-Cu;;';';;;;;;;710618;'20200326153604;49188;'1630000;'25;Aalmoezenierstraat;'2;';2000;Antwerpen;;'152085,02;'211600,74;';Y;NA;4;4;Unknown;Unknown;;None;;;';IFH_BATCH;'26/03/2020 14:56:25;;Y;;;;'26/03/2020 14:34:24;3;1693678;;LU;1;';';';';';Y;;APTBLD;APPARTEMENTSGEBOUW - IMMEUBLE A APPARTEMENTS;NA;;;';;';;Y;;;;'26/03/2020 14:34:24
;;;Zoning;6807712;'20200127134349;W03-C-Antwerpen-West-FH08;6807712;'20200127134349;W03-C-Antwerpen-West-FH08;19085;FTTH-Cu;;';';;;;;;;710618;'20200326153604;49188;'1630000;'25;Aalmoezenierstraat;'2;';2000;Antwerpen;;'152085,02;'211600,74;';Y;NA;4;4;Unknown;Unknown;;None;;;';IFH_BATCH;'26/03/2020 14:56:25;;Y;;;;'26/03/2020 14:34:24;4;1693679;;LU;1;';';';';';Y;;APTBLD;APPARTEMENTSGEBOUW - IMMEUBLE A APPARTEMENTS;NA;;;';;';;Y;;;;'26/03/2020 14:34:24
;;;Zoning;6807712;'20200127134349;W03-C-Antwerpen-West-FH08;6807712;'20200127134349;W03-C-Antwerpen-West-FH08;19085;FTTH-Cu;;';';;;;;;;621163;'20200326153607;1732159;'1630000;'25;Aalmoezenierstraat;'3;';2000;Antwerpen;;'152096,705;'211623,702;';Y;NA;2;4;Unknown;Unknown;;None;;;';IFH_BATCH;'26/03/2020 14:54:30;;Y;;;;'26/03/2020 14:34:24;1;1741724;;LU;1;';';';';';Y;;HOUSE;WONING - MAISON;NA;;;';;';;Y;;;;'26/03/2020 14:34:24
;;;Zoning;6807712;'20200127134349;W03-C-Antwerpen-West-FH08;6807712;'20200127134349;W03-C-Antwerpen-West-FH08;19085;FTTH-Cu;;';';;;;;;;621164;'20200326153607;1732160;'1630000;'25;Aalmoezenierstraat;'3;'A;2000;Antwerpen;;'152101,497;'211624,015;';Y;NA;2;4;Unknown;Unknown;;None;;;';IFH_BATCH;'26/03/2020 14:54:32;;Y;;;;'26/03/2020 14:34:24;1;1741725;;BU;1;';';';';';Y;;COMM;HANDELSZAAK - COMMERCE;NA;;;';;';;Y;;;;'26/03/2020 14:34:24
;;;Zoning;6807712;'20200127134349;W03-C-Antwerpen-West-FH08;6807712;'20200127134349;W03-C-Antwerpen-West-FH08;19085;FTTH-Cu;;';';;;;;;;621165;'20200326153607;1732161;'1630000;'25;Aalmoezenierstraat;'4;';2000;Antwerpen;;'152090,491;'211600,23;';Y;NA;4;4;Unknown;Unknown;;None;;;';IFH_BATCH;'26/03/2020 14:54:34;;Y;;;;'26/03/2020 14:34:24;1;1772617;;LU;1;';';';';';Y;#A1/B1;APPART;DEEL_APP_GEBOUW - PARTIE_IMMEUBLE_APP;APPART;;;';;';;Y;;;;'26/03/2020 14:34:24
;;;Zoning;6807712;'20200127134349;W03-C-Antwerpen-West-FH08;6807712;'20200127134349;W03-C-Antwerpen-West-FH08;19085;FTTH-Cu;;';';;;;;;;621165;'20200326153607;1732161;'1630000;'25;Aalmoezenierstraat;'4;';2000;Antwerpen;;'152090,491;'211600,23;';Y;NA;4;4;Unknown;Unknown;;None;;;';IFH_BATCH;'26/03/2020 14:54:34;;Y;;;;'26/03/2020 14:34:24;2;1773009;;LU;1;';';';';';Y;#A2/B2;APPART;DEEL_APP_GEBOUW - PARTIE_IMMEUBLE_APP;APPART;;;';;';;Y;;;;'26/03/2020 14:34:24
;;;Zoning;6807712;'20200127134349;W03-C-Antwerpen-West-FH08;6807712;'20200127134349;W03-C-Antwerpen-West-FH08;19085;FTTH-Cu;;';';;;;;;;621165;'20200326153607;1732161;'1630000;'25;Aalmoezenierstraat;'4;';2000;Antwerpen;;'152090,491;'211600,23;';Y;NA;4;4;Unknown;Unknown;;None;;;';IFH_BATCH;'26/03/2020 14:54:34;;Y;;;;'26/03/2020 14:34:24;3;1773264;;LU;1;';';';';';Y;#A3/B3;APPART;DEEL_APP_GEBOUW - PARTIE_IMMEUBLE_APP;APPART;;;';;';;Y;;;;'26/03/2020 14:34:24
;;;Zoning;6807712;'20200127134349;W03-C-Antwerpen-West-FH08;6807712;'20200127134349;W03-C-Antwerpen-West-FH08;19085;FTTH-Cu;;';';;;;;;;621165;'20200326153607;1732161;'1630000;'25;Aalmoezenierstraat;'4;';2000;Antwerpen;;'152090,491;'211600,23;';Y;NA;4;4;Unknown;Unknown;;None;;;';IFH_BATCH;'26/03/2020 14:54:34;;Y;;;;'26/03/2020 14:34:24;4;1773384;;LU;1;';';';';';Y;#A4.5/B4;APPART;DEEL_APP_GEBOUW - PARTIE_IMMEUBLE_APP;APPART;;;';;';;Y;;;;'26/03/2020 14:34:24
;;;Zoning;6807712;'20200127134349;W03-C-Antwerpen-West-FH08;6807712;'20200127134349;W03-C-Antwerpen-West-FH08;19085;FTTH-Cu;;';';;;;;;;621165;'20200326153607;1732161;'1630000;'25;Aalmoezenierstraat;'4;';2000;Antwerpen;;'152090,491;'211600,23;';Y;NA;4;4;Unknown;Unknown;;None;;;';IFH_BATCH;'26/03/2020 14:54:34;;Y;;;;'26/03/2020 14:34:24;5;1774056;;BU;1;';';';';';Y;#HA.GV/B WINKEL;APPART;DEEL_APP_GEBOUW - PARTIE_IMMEUBLE_APP;COMM;;;';;';;Y;;;;'26/03/2020 14:34:24
;;;Zoning;6807712;'20200127134349;W03-C-Antwerpen-West-FH08;6807712;'20200127134349;W03-C-Antwerpen-West-FH08;19085;FTTH-Cu;;';';;;;;;;621166;'20200326153607;1732162;'1630000;'25;Aalmoezenierstraat;'5;';2000;Antwerpen;;'152106,682;'211622,287;';Y;NA;2;4;Unknown;Unknown;;None;;;';IFH_BATCH;'26/03/2020 14:54:36;;Y;;;;'26/03/2020 14:34:24;1;1802936;;BU;1;';';';';';Y;;COMM;HANDELSZAAK - COMMERCE;NA;;;';;';;Y;;;;'26/03/2020 14:34:24
;;;Zoning;6807712;'20200127134349;W03-C-Antwerpen-West-FH08;6807712;'20200127134349;W03-C-Antwerpen-West-FH08;19085;FTTH-Cu;;';';;;;;;;621167;'20200326153607;1732163;'1630000;'25;Aalmoezenierstraat;'6;';2000;Antwerpen;;'152095,699;'211598,821;';Y;NA;2;4;Unknown;Unknown;;None;;;';IFH_BATCH;'26/03/2020 14:54:38;;Y;;;;'26/03/2020 14:34:24;1;1824206;;BU;1;';';';';';Y;;COMM;HANDELSZAAK - COMMERCE;NA;;;';;';;Y;;;;'26/03/2020 14:34:24
;;;Zoning;6807712;'20200127134349;W03-C-Antwerpen-West-FH08;6807712;'20200127134349;W03-C-Antwerpen-West-FH08;19085;FTTH-Cu;;';';;;;;;;706700;'20200326153600;4507672;'1630000;'25;Aalmoezenierstraat;'7;';2000;Antwerpen;;'152113,478;'211618,754;';Y;NA;2;4;Unknown;Unknown;;None;;;';IFH_BATCH;'26/03/2020 14:55:55;;Y;;;;'26/03/2020 14:34:24;1;1841827;;BU;1;';';';';';Y;;COMM;HANDELSZAAK - COMMERCE;NA;;;';;';;Y;;;;'26/03/2020 14:34:24
;;;Zoning;6807712;'20200127134349;W03-C-Antwerpen-West-FH08;6807712;'20200127134349;W03-C-Antwerpen-West-FH08;19085;FTTH-Cu;;';';;;;;;;621168;'20200326153607;1732164;'1630000;'25;Aalmoezenierstraat;'8;';2000;Antwerpen;;'152099,769;'211596,131;';Y;NA;2;4;Unknown;Unknown;;None;;;';IFH_BATCH;'26/03/2020 14:54:40;;Y;;;;'26/03/2020 14:34:24;1;1855834;;LU;1;';';';';';Y;;HOUSE;WONING - MAISON;NA;;;';;';;Y;;;;'26/03/2020 14:34:24
;;;Zoning;6807712;'20200127134349;W03-C-Antwerpen-West-FH08;6807712;'20200127134349;W03-C-Antwerpen-West-FH08;19085;FTTH-Cu;;';';;;;;;;31647590;'20200326153559;1732165;'1630000;'25;Aalmoezenierstraat;'9;';2000;Antwerpen;;'152114;'211618;';Y;NA;2;4;Unknown;Unknown;;None;;;';SSV_IMPORT;'26/03/2020 14:34:32;;Y;;;;'26/03/2020 14:34:24;1;11341220;;LU;1;';';';';';;;;;;;;';SSV_IMPORT;'26/03/2020 14:34:33;;Y;;;;'26/03/2020 14:34:24
;;;Zoning;6807712;'20200127134349;W03-C-Antwerpen-West-FH08;6807712;'20200127134349;W03-C-Antwerpen-West-FH08;19085;FTTH-Cu;;';';;;;;;;692539;'20200326153547;4035928;'1630000;'25;Aalmoezenierstraat;'10;';2000;Antwerpen;;'152103,225;'211594,518;';Y;NA;2;4;Unknown;Unknown;;None;;;';IFH_BATCH;'26/03/2020 14:55:45;;Y;;;;'26/03/2020 14:34:24;1;1620887;;LU;1;';';';';';Y;;HOUSE;WONING - MAISON;NA;;;';;';;Y;;;;'26/03/2020 14:34:24
;;;Zoning;6807712;'20200127134349;W03-C-Antwerpen-West-FH08;6807712;'20200127134349;W03-C-Antwerpen-West-FH08;19085;FTTH-Cu;;';';;;;;;;31647595;'20200326153559;6440180;'1630000;'25;Aalmoezenierstraat;'10;'A;2000;Antwerpen;;'152105;'211594;';Y;NA;2;4;Unknown;Unknown;;None;;;';SSV_IMPORT;'26/03/2020 14:34:36;;Y;;;;'26/03/2020 14:34:24;1;11341221;;LU;1;';';';';';;;;;;;;';SSV_IMPORT;'26/03/2020 14:34:36;;Y;;;;'26/03/2020 14:34:24
;;;Zoning;6807712;'20200127134349;W03-C-Antwerpen-West-FH08;6807712;'20200127134349;W03-C-Antwerpen-West-FH08;19085;FTTH-Cu;;';';;;;;;;691846;'20200326153547;3998582;'1630000;'25;Aalmoezenierstraat;'11;';2000;Antwerpen;;'152120,163;'211616,065;';Y;NA;4;4;Unknown;Unknown;;None;;;';IFH_BATCH;'26/03/2020 14:55:43;;Y;;;;'26/03/2020 14:34:24;1;1628096;;LU;1;';';';';';Y;#A1.2.3/KAVEL 2/;APPART;DEEL_APP_GEBOUW - PARTIE_IMMEUBLE_APP;APPART;;;';;';;Y;;;;'26/03/2020 14:34:24
;;;Zoning;6807712;'20200127134349;W03-C-Antwerpen-West-FH08;6807712;'20200127134349;W03-C-Antwerpen-West-FH08;19085;FTTH-Cu;;';';;;;;;;691846;'20200326153547;3998582;'1630000;'25;Aalmoezenierstraat;'11;';2000;Antwerpen;;'152120,163;'211616,065;';Y;NA;4;4;Unknown;Unknown;;None;;;';IFH_BATCH;'26/03/2020 14:55:43;;Y;;;;'26/03/2020 14:34:24;2;1628445;;LU;1;';';';';';Y;#A2/KAVEL 3/;APPART;DEEL_APP_GEBOUW - PARTIE_IMMEUBLE_APP;APPART;;;';;';;Y;;;;'26/03/2020 14:34:24
;;;Zoning;6807712;'20200127134349;W03-C-Antwerpen-West-FH08;6807712;'20200127134349;W03-C-Antwerpen-West-FH08;19085;FTTH-Cu;;';';;;;;;;691846;'20200326153547;3998582;'1630000;'25;Aalmoezenierstraat;'11;';2000;Antwerpen;;'152120,163;'211616,065;';Y;NA;4;4;Unknown;Unknown;;None;;;';IFH_BATCH;'26/03/2020 14:55:43;;Y;;;;'26/03/2020 14:34:24;3;1628585;;LU;1;';';';';';Y;#A3/KAVEL 4/;APPART;DEEL_APP_GEBOUW - PARTIE_IMMEUBLE_APP;APPART;;;';;';;Y;;;;'26/03/2020 14:34:24
;;;Zoning;6807712;'20200127134349;W03-C-Antwerpen-West-FH08;6807712;'20200127134349;W03-C-Antwerpen-West-FH08;19085;FTTH-Cu;;';';;;;;;;691846;'20200326153547;3998582;'1630000;'25;Aalmoezenierstraat;'11;';2000;Antwerpen;;'152120,163;'211616,065;';Y;NA;4;4;Unknown;Unknown;;None;;;';IFH_BATCH;'26/03/2020 14:55:43;;Y;;;;'26/03/2020 14:34:24;4;1628963;;BU;1;';';';';';Y;#HA.GV/KAVEL 1/;APPART;DEEL_APP_GEBOUW - PARTIE_IMMEUBLE_APP;COMM;;;';;';;Y;;;;'26/03/2020 14:34:24
;;;Zoning;6807712;'20200127134349;W03-C-Antwerpen-West-FH08;6807712;'20200127134349;W03-C-Antwerpen-West-FH08;19085;FTTH-Cu;;';';;;;;;;31647602;'20200326153559;49183;'1630000;'25;Aalmoezenierstraat;'12;';2000;Antwerpen;;'152113;'211590;';Y;NA;2;4;Unknown;Unknown;;None;;;';SSV_IMPORT;'26/03/2020 14:34:40;;Y;;;;'26/03/2020 14:34:24;1;11341222;;LU;1;';';';';';;;;;;;;';SSV_IMPORT;'26/03/2020 14:34:40;;Y;;;;'26/03/2020 14:34:24
;;;Zoning;6807712;'20200127134349;W03-C-Antwerpen-West-FH08;6807712;'20200127134349;W03-C-Antwerpen-West-FH08;19085;FTTH-Cu;;';';;;;;;;31647605;'20200326153559;1732167;'1630000;'25;Aalmoezenierstraat;'13;';2000;Antwerpen;;'152123;'211613;';Y;NA;2;4;Unknown;Unknown;;None;;;';SSV_IMPORT;'26/03/2020 14:34:43;;Y;;;;'26/03/2020 14:34:24;1;11341223;;LU;1;';';';';';;;;;;;;';SSV_IMPORT;'26/03/2020 14:34:44;;Y;;;;'26/03/2020 14:34:24
;;;Zoning;6807712;'20200127134349;W03-C-Antwerpen-West-FH08;6807712;'20200127134349;W03-C-Antwerpen-West-FH08;19085;FTTH-Cu;;';';;;;;;;706714;'20200326153601;4507749;'1630000;'25;Aalmoezenierstraat;'14;';2000;Antwerpen;;'152122,698;'211580,461;';Y;NA;4;4;Unknown;Unknown;;None;;;';IFH_BATCH;'26/03/2020 14:56:13;;Y;;;;'26/03/2020 14:34:24;1;1653440;;BU;1;';';';';';Y;#BU.1/KI;APPART;DEEL_APP_GEBOUW - PARTIE_IMMEUBLE_APP;OFFICE;;;';;';;Y;;;;'26/03/2020 14:34:24
;;;Zoning;6807712;'20200127134349;W03-C-Antwerpen-West-FH08;6807712;'20200127134349;W03-C-Antwerpen-West-FH08;19085;FTTH-Cu;;';';;;;;;;706714;'20200326153601;4507749;'1630000;'25;Aalmoezenierstraat;'14;';2000;Antwerpen;;'152122,698;'211580,461;';Y;NA;4;4;Unknown;Unknown;;None;;;';IFH_BATCH;'26/03/2020 14:56:13;;Y;;;;'26/03/2020 14:34:24;2;1653445;;BU;1;';';';';';Y;#BU.3/KIII;APPART;DEEL_APP_GEBOUW - PARTIE_IMMEUBLE_APP;OFFICE;;;';;';;Y;;;;'26/03/2020 14:34:24
;;;Zoning;6807712;'20200127134349;W03-C-Antwerpen-West-FH08;6807712;'20200127134349;W03-C-Antwerpen-West-FH08;19085;FTTH-Cu;;';';;;;;;;706714;'20200326153601;4507749;'1630000;'25;Aalmoezenierstraat;'14;';2000;Antwerpen;;'152122,698;'211580,461;';Y;NA;4;4;Unknown;Unknown;;None;;;';IFH_BATCH;'26/03/2020 14:56:13;;Y;;;;'26/03/2020 14:34:24;3;1653448;;BU;1;';';';';';Y;#BU.GV/K.GLV;APPART;DEEL_APP_GEBOUW - PARTIE_IMMEUBLE_APP;OFFICE;;;';;';;Y;;;;'26/03/2020 14:34:24
;;;Zoning;6807712;'20200127134349;W03-C-Antwerpen-West-FH08;6807712;'20200127134349;W03-C-Antwerpen-West-FH08;19085;FTTH-Cu;;';';;;;;;;706714;'20200326153601;4507749;'1630000;'25;Aalmoezenierstraat;'14;';2000;Antwerpen;;'152122,698;'211580,461;';Y;NA;4;4;Unknown;Unknown;;None;;;';IFH_BATCH;'26/03/2020 14:56:13;;Y;;;;'26/03/2020 14:34:24;4;1653452;;BU;1;';';';';';Y;#BU2/KII;APPART;DEEL_APP_GEBOUW - PARTIE_IMMEUBLE_APP;OFFICE;;;';;';;Y;;;;'26/03/2020 14:34:24
;;;Zoning;6807712;'20200127134349;W03-C-Antwerpen-West-FH08;6807712;'20200127134349;W03-C-Antwerpen-West-FH08;19085;FTTH-Cu;;';';;;;;;;693499;'20200326153546;4099377;'1630000;'25;Aalmoezenierstraat;'15;';2000;Antwerpen;;'152126,154;'211613,991;';Y;NA;4;4;Unknown;Unknown;;None;;;';IFH_BATCH;'26/03/2020 14:55:47;;Y;;;;'26/03/2020 14:34:24;1;1659709;;LU;1;';';';';';Y;#A1/-/K1V;APPART;DEEL_APP_GEBOUW - PARTIE_IMMEUBLE_APP;APPART;;;';;';;Y;;;;'26/03/2020 14:34:24
;;;Zoning;6807712;'20200127134349;W03-C-Antwerpen-West-FH08;6807712;'20200127134349;W03-C-Antwerpen-West-FH08;19085;FTTH-Cu;;';';;;;;;;693499;'20200326153546;4099377;'1630000;'25;Aalmoezenierstraat;'15;';2000;Antwerpen;;'152126,154;'211613,991;';Y;NA;4;4;Unknown;Unknown;;None;;;';IFH_BATCH;'26/03/2020 14:55:47;;Y;;;;'26/03/2020 14:34:24;2;1659933;;LU;1;';';';';';Y;#A2/-/K2V;APPART;DEEL_APP_GEBOUW - PARTIE_IMMEUBLE_APP;APPART;;;';;';;Y;;;;'26/03/2020 14:34:24
;;;Zoning;6807712;'20200127134349;W03-C-Antwerpen-West-FH08;6807712;'20200127134349;W03-C-Antwerpen-West-FH08;19085;FTTH-Cu;;';';;;;;;;693499;'20200326153546;4099377;'1630000;'25;Aalmoezenierstraat;'15;';2000;Antwerpen;;'152126,154;'211613,991;';Y;NA;4;4;Unknown;Unknown;;None;;;';IFH_BATCH;'26/03/2020 14:55:47;;Y;;;;'26/03/2020 14:34:24;3;1660419;;LU;1;';';';';';Y;#AGV/-/KGV;APPART;DEEL_APP_GEBOUW - PARTIE_IMMEUBLE_APP;APPART;;;';;';;Y;;;;'26/03/2020 14:34:24
;;;Zoning;6807712;'20200127134349;W03-C-Antwerpen-West-FH08;6807712;'20200127134349;W03-C-Antwerpen-West-FH08;19085;FTTH-Cu;;';';;;;;;;31647606;'20200326153559;5898387;'1630000;'25;Aalmoezenierstraat;'16;';2000;Antwerpen;;'152127;'211578;';Y;NA;2;4;Unknown;Unknown;;None;;;';SSV_IMPORT;'26/03/2020 14:34:46;;Y;;;;'26/03/2020 14:34:24;1;11341224;;LU;1;';';';';';;;;;;;;';SSV_IMPORT;'26/03/2020 14:34:46;;Y;;;;'26/03/2020 14:34:24
;;;Zoning;6807712;'20200127134349;W03-C-Antwerpen-West-FH08;6807712;'20200127134349;W03-C-Antwerpen-West-FH08;19085;FTTH-Cu;;';';;;;;;;621169;'20200326153607;1732168;'1630000;'25;Aalmoezenierstraat;'17;';2000;Antwerpen;;'152130,994;'211612,838;';Y;NA;4;4;Unknown;Unknown;;None;;;';IFH_BATCH;'26/03/2020 14:54:41;;Y;;;;'26/03/2020 14:34:24;1;1674547;;LU;1;';';';';';Y;;HOUSE;WONING - MAISON;NA;;;';;';;Y;;;;'26/03/2020 14:34:24
;;;Zoning;6807712;'20200127134349;W03-C-Antwerpen-West-FH08;6807712;'20200127134349;W03-C-Antwerpen-West-FH08;19085;FTTH-Cu;;';';;;;;;;621169;'20200326153607;1732168;'1630000;'25;Aalmoezenierstraat;'17;';2000;Antwerpen;;'152130,994;'211612,838;';Y;NA;4;4;Unknown;Unknown;;None;;;';IFH_BATCH;'26/03/2020 14:54:41;;Y;;;;'26/03/2020 14:34:24;2;1674548;;LU;1;';';';';';Y;;HOUSE;WONING - MAISON;NA;;;';;';;Y;;;;'26/03/2020 14:34:24
;;;Zoning;6807712;'20200127134349;W03-C-Antwerpen-West-FH08;6807712;'20200127134349;W03-C-Antwerpen-West-FH08;19085;FTTH-Cu;;';';;;;;;;621169;'20200326153607;1732168;'1630000;'25;Aalmoezenierstraat;'17;';2000;Antwerpen;;'152130,994;'211612,838;';Y;NA;4;4;Unknown;Unknown;;None;;;';IFH_BATCH;'26/03/2020 14:54:41;;Y;;;;'26/03/2020 14:34:24;3;1674549;;LU;1;';';';';';Y;;HOUSE;WONING - MAISON;NA;;;';;';;Y;;;;'26/03/2020 14:34:24
;;;Zoning;6807712;'20200127134349;W03-C-Antwerpen-West-FH08;6807712;'20200127134349;W03-C-Antwerpen-West-FH08;19085;FTTH-Cu;;';';;;;;;;706701;'20200326153600;4507675;'1630000;'25;Aalmoezenierstraat;'19;';2000;Antwerpen;;'152135,487;'211610,995;';Y;NA;2;4;Unknown;Unknown;;None;;;';IFH_BATCH;'26/03/2020 14:55:57;;Y;;;;'26/03/2020 14:34:24;1;1685744;;BU;1;';';';';';Y;;COMM;HANDELSZAAK - COMMERCE;NA;;;';;';;Y;;;;'26/03/2020 14:34:24
;;;Zoning;6807712;'20200127134349;W03-C-Antwerpen-West-FH08;6807712;'20200127134349;W03-C-Antwerpen-West-FH08;19085;FTTH-Cu;;';';;;;;;;31647610;'20200326153559;5727479;'1630000;'25;Aalmoezenierstraat;'20;'A;2000;Antwerpen;;'152123;'211592;';Y;NA;2;4;Unknown;Unknown;;None;;;';SSV_IMPORT;'26/03/2020 14:34:49;;Y;;;;'26/03/2020 14:34:24;1;11341225;;LU;1;';';';';';;;;;;;;';SSV_IMPORT;'26/03/2020 14:34:49;;Y;;;;'26/03/2020 14:34:24
;;;Zoning;6807712;'20200127134349;W03-C-Antwerpen-West-FH08;6807712;'20200127134349;W03-C-Antwerpen-West-FH08;19085;FTTH-Cu;;';';;;;;;;706702;'20200326153601;4507678;'1630000;'25;Aalmoezenierstraat;'21;';2000;Antwerpen;;'152141,594;'211608,575;';Y;NA;4;4;Unknown;Unknown;;None;;;';IFH_BATCH;'26/03/2020 14:55:59;;Y;;;;'26/03/2020 14:34:24;1;1703866;;LU;1;';';';';';Y;;APTBLD;APPARTEMENTSGEBOUW - IMMEUBLE A APPARTEMENTS;NA;;;';;';;Y;;;;'26/03/2020 14:34:24
;;;Zoning;6807712;'20200127134349;W03-C-Antwerpen-West-FH08;6807712;'20200127134349;W03-C-Antwerpen-West-FH08;19085;FTTH-Cu;;';';;;;;;;706702;'20200326153601;4507678;'1630000;'25;Aalmoezenierstraat;'21;';2000;Antwerpen;;'152141,594;'211608,575;';Y;NA;4;4;Unknown;Unknown;;None;;;';IFH_BATCH;'26/03/2020 14:55:59;;Y;;;;'26/03/2020 14:34:24;2;1703867;;LU;1;';';';';';Y;;APTBLD;APPARTEMENTSGEBOUW - IMMEUBLE A APPARTEMENTS;NA;;;';;';;Y;;;;'26/03/2020 14:34:24
;;;Zoning;6807712;'20200127134349;W03-C-Antwerpen-West-FH08;6807712;'20200127134349;W03-C-Antwerpen-West-FH08;19085;FTTH-Cu;;';';;;;;;;706702;'20200326153601;4507678;'1630000;'25;Aalmoezenierstraat;'21;';2000;Antwerpen;;'152141,594;'211608,575;';Y;NA;4;4;Unknown;Unknown;;None;;;';IFH_BATCH;'26/03/2020 14:55:59;;Y;;;;'26/03/2020 14:34:24;3;1703868;;LU;1;';';';';';Y;;APTBLD;APPARTEMENTSGEBOUW - IMMEUBLE A APPARTEMENTS;NA;;;';;';;Y;;;;'26/03/2020 14:34:24
;;;Zoning;6807712;'20200127134349;W03-C-Antwerpen-West-FH08;6807712;'20200127134349;W03-C-Antwerpen-West-FH08;19085;FTTH-Cu;;';';;;;;;;706702;'20200326153601;4507678;'1630000;'25;Aalmoezenierstraat;'21;';2000;Antwerpen;;'152141,594;'211608,575;';Y;NA;4;4;Unknown;Unknown;;None;;;';IFH_BATCH;'26/03/2020 14:55:59;;Y;;;;'26/03/2020 14:34:24;4;1703869;;LU;1;';';';';';Y;;APTBLD;APPARTEMENTSGEBOUW - IMMEUBLE A APPARTEMENTS;NA;;;';;';;Y;;;;'26/03/2020 14:34:24
;;;Zoning;6807712;'20200127134349;W03-C-Antwerpen-West-FH08;6807712;'20200127134349;W03-C-Antwerpen-West-FH08;19085;FTTH-Cu;;';';;;;;;;706702;'20200326153601;4507678;'1630000;'25;Aalmoezenierstraat;'21;';2000;Antwerpen;;'152141,594;'211608,575;';Y;NA;4;4;Unknown;Unknown;;None;;;';IFH_BATCH;'26/03/2020 14:55:59;;Y;;;;'26/03/2020 14:34:24;5;1703870;;LU;1;';';';';';Y;;APTBLD;APPARTEMENTSGEBOUW - IMMEUBLE A APPARTEMENTS;NA;;;';;';;Y;;;;'26/03/2020 14:34:24
;;;Zoning;6807712;'20200127134349;W03-C-Antwerpen-West-FH08;6807712;'20200127134349;W03-C-Antwerpen-West-FH08;19085;FTTH-Cu;;';';;;;;;;690659;'20200326153547;3918145;'1630000;'25;Aalmoezenierstraat;'22;';2000;Antwerpen;;'152125,348;'211591,061;';Y;NA;4;4;Unknown;Unknown;;None;;;';IFH_BATCH;'26/03/2020 14:55:35;;Y;;;;'26/03/2020 14:34:24;1;1708452;;LU;1;';';';';';Y;;HOUSE;WONING - MAISON;NA;;;';;';;Y;;;;'26/03/2020 14:34:24
;;;Zoning;6807712;'20200127134349;W03-C-Antwerpen-West-FH08;6807712;'20200127134349;W03-C-Antwerpen-West-FH08;19085;FTTH-Cu;;';';;;;;;;690659;'20200326153547;3918145;'1630000;'25;Aalmoezenierstraat;'22;';2000;Antwerpen;;'152125,348;'211591,061;';Y;NA;4;4;Unknown;Unknown;;None;;;';IFH_BATCH;'26/03/2020 14:55:35;;Y;;;;'26/03/2020 14:34:24;2;1708453;;LU;1;';';';';';Y;;HOUSE;WONING - MAISON;NA;;;';;';;Y;;;;'26/03/2020 14:34:24
;;;Zoning;6807712;'20200127134349;W03-C-Antwerpen-West-FH08;6807712;'20200127134349;W03-C-Antwerpen-West-FH08;19085;FTTH-Cu;;';';;;;;;;690659;'20200326153547;3918145;'1630000;'25;Aalmoezenierstraat;'22;';2000;Antwerpen;;'152125,348;'211591,061;';Y;NA;4;4;Unknown;Unknown;;None;;;';IFH_BATCH;'26/03/2020 14:55:35;;Y;;;;'26/03/2020 14:34:24;3;1708454;;LU;1;';';';';';Y;;HOUSE;WONING - MAISON;NA;;;';;';;Y;;;;'26/03/2020 14:34:24
;;;Zoning;6807712;'20200127134349;W03-C-Antwerpen-West-FH08;6807712;'20200127134349;W03-C-Antwerpen-West-FH08;19085;FTTH-Cu;;';';;;;;;;690659;'20200326153547;3918145;'1630000;'25;Aalmoezenierstraat;'22;';2000;Antwerpen;;'152125,348;'211591,061;';Y;NA;4;4;Unknown;Unknown;;None;;;';IFH_BATCH;'26/03/2020 14:55:35;;Y;;;;'26/03/2020 14:34:24;4;1708455;;LU;1;';';';';';Y;;HOUSE;WONING - MAISON;NA;;;';;';;Y;;;;'26/03/2020 14:34:24
;;;Zoning;6807712;'20200127134349;W03-C-Antwerpen-West-FH08;6807712;'20200127134349;W03-C-Antwerpen-West-FH08;19085;FTTH-Cu;;';';;;;;;;31647615;'20200326153559;3918146;'1630000;'25;Aalmoezenierstraat;'23;';2000;Antwerpen;;'152142;'211606;';Y;NA;4;4;Unknown;Unknown;;None;;;';SSV_IMPORT;'26/03/2020 14:34:52;;Y;;;;'26/03/2020 14:34:24;1;11341226;;LU;1;';';';';';;;;;;;;';SSV_IMPORT;'26/03/2020 14:34:53;;Y;;;;'26/03/2020 14:34:24
;;;Zoning;6807712;'20200127134349;W03-C-Antwerpen-West-FH08;6807712;'20200127134349;W03-C-Antwerpen-West-FH08;19085;FTTH-Cu;;';';;;;;;;31647615;'20200326153559;3918146;'1630000;'25;Aalmoezenierstraat;'23;';2000;Antwerpen;;'152142;'211606;';Y;NA;4;4;Unknown;Unknown;;None;;;';SSV_IMPORT;'26/03/2020 14:34:52;;Y;;;;'26/03/2020 14:34:24;2;11341227;;LU;1;';';';';';;;;;;;;';SSV_IMPORT;'26/03/2020 14:34:53;;Y;;;;'26/03/2020 14:34:24
;;;Zoning;6807712;'20200127134349;W03-C-Antwerpen-West-FH08;6807712;'20200127134349;W03-C-Antwerpen-West-FH08;19085;FTTH-Cu;;';';;;;;;;31647615;'20200326153559;3918146;'1630000;'25;Aalmoezenierstraat;'23;';2000;Antwerpen;;'152142;'211606;';Y;NA;4;4;Unknown;Unknown;;None;;;';SSV_IMPORT;'26/03/2020 14:34:52;;Y;;;;'26/03/2020 14:34:24;3;11341228;;LU;1;';';';';';;;;;;;;';SSV_IMPORT;'26/03/2020 14:34:53;;Y;;;;'26/03/2020 14:34:24
;;;Zoning;6807712;'20200127134349;W03-C-Antwerpen-West-FH08;6807712;'20200127134349;W03-C-Antwerpen-West-FH08;19085;FTTH-Cu;;';';;;;;;;31647615;'20200326153559;3918146;'1630000;'25;Aalmoezenierstraat;'23;';2000;Antwerpen;;'152142;'211606;';Y;NA;4;4;Unknown;Unknown;;None;;;';SSV_IMPORT;'26/03/2020 14:34:52;;Y;;;;'26/03/2020 14:34:24;4;11341229;;LU;1;';';';';';;;;;;;;';SSV_IMPORT;'26/03/2020 14:34:54;;Y;;;;'26/03/2020 14:34:24
;;;Zoning;6807712;'20200127134349;W03-C-Antwerpen-West-FH08;6807712;'20200127134349;W03-C-Antwerpen-West-FH08;19085;FTTH-Cu;;';';;;;;;;31647615;'20200326153559;3918146;'1630000;'25;Aalmoezenierstraat;'23;';2000;Antwerpen;;'152142;'211606;';Y;NA;4;4;Unknown;Unknown;;None;;;';SSV_IMPORT;'26/03/2020 14:34:52;;Y;;;;'26/03/2020 14:34:24;5;11341230;;LU;1;';';';';';;;;;;;;';SSV_IMPORT;'26/03/2020 14:34:54;;Y;;;;'26/03/2020 14:34:24
;;;Zoning;6807712;'20200127134349;W03-C-Antwerpen-West-FH08;6807712;'20200127134349;W03-C-Antwerpen-West-FH08;19085;FTTH-Cu;;';';;;;;;;706707;'20200326153601;4507710;'1630000;'25;Aalmoezenierstraat;'24;';2000;Antwerpen;;'152130,648;'211588,411;';Y;NA;2;4;Unknown;Unknown;;None;;;';IFH_BATCH;'26/03/2020 14:56:05;;Y;;;;'26/03/2020 14:34:24;1;1717336;;LU;1;';';';';';Y;;HOUSE;WONING - MAISON;NA;;;';;';;Y;;;;'26/03/2020 14:34:24
;;;Zoning;6807712;'20200127134349;W03-C-Antwerpen-West-FH08;6807712;'20200127134349;W03-C-Antwerpen-West-FH08;19085;FTTH-Cu;;';';;;;;;;621171;'20200326153607;1732170;'1630000;'25;Aalmoezenierstraat;'25;';2000;Antwerpen;;'152147,931;'211605,234;';Y;NA;4;4;Unknown;Unknown;;None;;;';IFH_BATCH;'26/03/2020 14:54:44;;Y;;;;'26/03/2020 14:34:24;1;1721342;;LU;1;';';';';';Y;;HOUSE;WONING - MAISON;NA;;;';;';;Y;;;;'26/03/2020 14:34:24
;;;Zoning;6807712;'20200127134349;W03-C-Antwerpen-West-FH08;6807712;'20200127134349;W03-C-Antwerpen-West-FH08;19085;FTTH-Cu;;';';;;;;;;621171;'20200326153607;1732170;'1630000;'25;Aalmoezenierstraat;'25;';2000;Antwerpen;;'152147,931;'211605,234;';Y;NA;4;4;Unknown;Unknown;;None;;;';IFH_BATCH;'26/03/2020 14:54:44;;Y;;;;'26/03/2020 14:34:24;2;1721343;;LU;1;';';';';';Y;;HOUSE;WONING - MAISON;NA;;;';;';;Y;;;;'26/03/2020 14:34:24
;;;Zoning;6807712;'20200127134349;W03-C-Antwerpen-West-FH08;6807712;'20200127134349;W03-C-Antwerpen-West-FH08;19085;FTTH-Cu;;';';;;;;;;621171;'20200326153607;1732170;'1630000;'25;Aalmoezenierstraat;'25;';2000;Antwerpen;;'152147,931;'211605,234;';Y;NA;4;4;Unknown;Unknown;;None;;;';IFH_BATCH;'26/03/2020 14:54:44;;Y;;;;'26/03/2020 14:34:24;3;1721344;;LU;1;';';';';';Y;;HOUSE;WONING - MAISON;NA;;;';;';;Y;;;;'26/03/2020 14:34:24
;;;Zoning;6807712;'20200127134349;W03-C-Antwerpen-West-FH08;6807712;'20200127134349;W03-C-Antwerpen-West-FH08;19085;FTTH-Cu;;';';;;;;;;621171;'20200326153607;1732170;'1630000;'25;Aalmoezenierstraat;'25;';2000;Antwerpen;;'152147,931;'211605,234;';Y;NA;4;4;Unknown;Unknown;;None;;;';IFH_BATCH;'26/03/2020 14:54:44;;Y;;;;'26/03/2020 14:34:24;4;1721345;;LU;1;';';';';';Y;;HOUSE;WONING - MAISON;NA;;;';;';;Y;;;;'26/03/2020 14:34:24
;;;Zoning;6807712;'20200127134349;W03-C-Antwerpen-West-FH08;6807712;'20200127134349;W03-C-Antwerpen-West-FH08;19085;FTTH-Cu;;';';;;;;;;706708;'20200326153601;4507711;'1630000;'25;Aalmoezenierstraat;'26;';2000;Antwerpen;;'152133,874;'211587,49;';Y;NA;4;4;Unknown;Unknown;;None;;;';IFH_BATCH;'26/03/2020 14:56:07;;Y;;;;'26/03/2020 14:34:24;1;1725206;;LU;1;';';';';';Y;;HOUSE;WONING - MAISON;NA;;;';;';;Y;;;;'26/03/2020 14:34:24
;;;Zoning;6807712;'20200127134349;W03-C-Antwerpen-West-FH08;6807712;'20200127134349;W03-C-Antwerpen-West-FH08;19085;FTTH-Cu;;';';;;;;;;706708;'20200326153601;4507711;'1630000;'25;Aalmoezenierstraat;'26;';2000;Antwerpen;;'152133,874;'211587,49;';Y;NA;4;4;Unknown;Unknown;;None;;;';IFH_BATCH;'26/03/2020 14:56:07;;Y;;;;'26/03/2020 14:34:24;2;1725207;;LU;1;';';';';';Y;;HOUSE;WONING - MAISON;NA;;;';;';;Y;;;;'26/03/2020 14:34:24
;;;Zoning;6807712;'20200127134349;W03-C-Antwerpen-West-FH08;6807712;'20200127134349;W03-C-Antwerpen-West-FH08;19085;FTTH-Cu;;';';;;;;;;706708;'20200326153601;4507711;'1630000;'25;Aalmoezenierstraat;'26;';2000;Antwerpen;;'152133,874;'211587,49;';Y;NA;4;4;Unknown;Unknown;;None;;;';IFH_BATCH;'26/03/2020 14:56:07;;Y;;;;'26/03/2020 14:34:24;3;1725208;;LU;1;';';';';';Y;;HOUSE;WONING - MAISON;NA;;;';;';;Y;;;;'26/03/2020 14:34:24
;;;Zoning;6807712;'20200127134349;W03-C-Antwerpen-West-FH08;6807712;'20200127134349;W03-C-Antwerpen-West-FH08;19085;FTTH-Cu;;';';;;;;;;706708;'20200326153601;4507711;'1630000;'25;Aalmoezenierstraat;'26;';2000;Antwerpen;;'152133,874;'211587,49;';Y;NA;4;4;Unknown;Unknown;;None;;;';IFH_BATCH;'26/03/2020 14:56:07;;Y;;;;'26/03/2020 14:34:24;4;1725209;;LU;1;';';';';';Y;;HOUSE;WONING - MAISON;NA;;;';;';;Y;;;;'26/03/2020 14:34:24
;;;Zoning;6807712;'20200127134349;W03-C-Antwerpen-West-FH08;6807712;'20200127134349;W03-C-Antwerpen-West-FH08;19085;FTTH-Cu;;';';;;;;;;621172;'20200326153607;1732171;'1630000;'25;Aalmoezenierstraat;'27;';2000;Antwerpen;;'152153,352;'211603,44;';Y;NA;4;4;Unknown;Unknown;;None;;;';IFH_BATCH;'26/03/2020 14:54:46;;Y;;;;'26/03/2020 14:34:24;1;1728979;;BU;1;';';';';';Y;;COMM;HANDELSZAAK - COMMERCE;NA;;;';;';;Y;;;;'26/03/2020 14:34:24
;;;Zoning;6807712;'20200127134349;W03-C-Antwerpen-West-FH08;6807712;'20200127134349;W03-C-Antwerpen-West-FH08;19085;FTTH-Cu;;';';;;;;;;621172;'20200326153607;1732171;'1630000;'25;Aalmoezenierstraat;'27;';2000;Antwerpen;;'152153,352;'211603,44;';Y;NA;4;4;Unknown;Unknown;;None;;;';IFH_BATCH;'26/03/2020 14:54:46;;Y;;;;'26/03/2020 14:34:24;2;1728980;;BU;1;';';';';';Y;;COMM;HANDELSZAAK - COMMERCE;NA;;;';;';;Y;;;;'26/03/2020 14:34:24
;;;Zoning;6807712;'20200127134349;W03-C-Antwerpen-West-FH08;6807712;'20200127134349;W03-C-Antwerpen-West-FH08;19085;FTTH-Cu;;';';;;;;;;621173;'20200326153607;1732172;'1630000;'25;Aalmoezenierstraat;'28;';2000;Antwerpen;;'152138,714;'211586,107;';Y;NA;4;4;Unknown;Unknown;;None;;;';IFH_BATCH;'26/03/2020 14:54:48;;Y;;;;'26/03/2020 14:34:24;1;1732636;;LU;1;';';';';';Y;;APTBLD;APPARTEMENTSGEBOUW - IMMEUBLE A APPARTEMENTS;NA;;;';;';;Y;;;;'26/03/2020 14:34:24
;;;Zoning;6807712;'20200127134349;W03-C-Antwerpen-West-FH08;6807712;'20200127134349;W03-C-Antwerpen-West-FH08;19085;FTTH-Cu;;';';;;;;;;621173;'20200326153607;1732172;'1630000;'25;Aalmoezenierstraat;'28;';2000;Antwerpen;;'152138,714;'211586,107;';Y;NA;4;4;Unknown;Unknown;;None;;;';IFH_BATCH;'26/03/2020 14:54:48;;Y;;;;'26/03/2020 14:34:24;2;1732637;;LU;1;';';';';';Y;;APTBLD;APPARTEMENTSGEBOUW - IMMEUBLE A APPARTEMENTS;NA;;;';;';;Y;;;;'26/03/2020 14:34:24
;;;Zoning;6807712;'20200127134349;W03-C-Antwerpen-West-FH08;6807712;'20200127134349;W03-C-Antwerpen-West-FH08;19085;FTTH-Cu;;';';;;;;;;31647625;'20200326153605;4507680;'1630000;'25;Aalmoezenierstraat;'29;';2000;Antwerpen;;'152155;'211602;';Y;NA;2;4;Unknown;Unknown;;None;;;';SSV_IMPORT;'26/03/2020 14:34:57;;Y;;;;'26/03/2020 14:34:24;1;11341231;;LU;1;';';';';';;;;;;;;';SSV_IMPORT;'26/03/2020 14:34:58;;Y;;;;'26/03/2020 14:34:24
;;;Zoning;6807712;'20200127134349;W03-C-Antwerpen-West-FH08;6807712;'20200127134349;W03-C-Antwerpen-West-FH08;19085;FTTH-Cu;;';';;;;;;;621174;'20200326153607;1732173;'1630000;'25;Aalmoezenierstraat;'31;';2000;Antwerpen;;'152159,454;'211601,201;';Y;NA;4;4;Unknown;Unknown;;None;;;';IFH_BATCH;'26/03/2020 14:54:50;;Y;;;;'26/03/2020 14:34:24;1;1748622;;LU;1;';';';';';Y;;HOUSE;WONING - MAISON;NA;;;';;';;Y;;;;'26/03/2020 14:34:24
;;;Zoning;6807712;'20200127134349;W03-C-Antwerpen-West-FH08;6807712;'20200127134349;W03-C-Antwerpen-West-FH08;19085;FTTH-Cu;;';';;;;;;;621174;'20200326153607;1732173;'1630000;'25;Aalmoezenierstraat;'31;';2000;Antwerpen;;'152159,454;'211601,201;';Y;NA;4;4;Unknown;Unknown;;None;;;';IFH_BATCH;'26/03/2020 14:54:50;;Y;;;;'26/03/2020 14:34:24;2;1748623;;LU;1;';';';';';Y;;HOUSE;WONING - MAISON;NA;;;';;';;Y;;;;'26/03/2020 14:34:24
;;;Zoning;6807712;'20200127134349;W03-C-Antwerpen-West-FH08;6807712;'20200127134349;W03-C-Antwerpen-West-FH08;19085;FTTH-Cu;;';';;;;;;;621174;'20200326153607;1732173;'1630000;'25;Aalmoezenierstraat;'31;';2000;Antwerpen;;'152159,454;'211601,201;';Y;NA;4;4;Unknown;Unknown;;None;;;';IFH_BATCH;'26/03/2020 14:54:50;;Y;;;;'26/03/2020 14:34:24;3;1748624;;LU;1;';';';';';Y;;HOUSE;WONING - MAISON;NA;;;';;';;Y;;;;'26/03/2020 14:34:24
;;;Zoning;6807712;'20200127134349;W03-C-Antwerpen-West-FH08;6807712;'20200127134349;W03-C-Antwerpen-West-FH08;19085;FTTH-Cu;;';';;;;;;;621175;'20200326153607;1732174;'1630000;'25;Aalmoezenierstraat;'32;';2000;Antwerpen;;'152148,507;'211581,498;';Y;NA;4;4;Unknown;Unknown;;None;;;';IFH_BATCH;'26/03/2020 14:54:52;;Y;;;;'26/03/2020 14:34:24;1;1750069;;LU;1;';';';';';Y;#A.GV/V0/K1@3;APPART;DEEL_APP_GEBOUW - PARTIE_IMMEUBLE_APP;APPART;;;';;';;Y;;;;'26/03/2020 14:34:24
;;;Zoning;6807712;'20200127134349;W03-C-Antwerpen-West-FH08;6807712;'20200127134349;W03-C-Antwerpen-West-FH08;19085;FTTH-Cu;;';';;;;;;;621175;'20200326153607;1732174;'1630000;'25;Aalmoezenierstraat;'32;';2000;Antwerpen;;'152148,507;'211581,498;';Y;NA;4;4;Unknown;Unknown;;None;;;';IFH_BATCH;'26/03/2020 14:54:52;;Y;;;;'26/03/2020 14:34:24;2;1750215;;LU;1;';';';';';Y;#A1/V1/K4;APPART;DEEL_APP_GEBOUW - PARTIE_IMMEUBLE_APP;APPART;;;';;';;Y;;;;'26/03/2020 14:34:24
;;;Zoning;6807712;'20200127134349;W03-C-Antwerpen-West-FH08;6807712;'20200127134349;W03-C-Antwerpen-West-FH08;19085;FTTH-Cu;;';';;;;;;;621175;'20200326153607;1732174;'1630000;'25;Aalmoezenierstraat;'32;';2000;Antwerpen;;'152148,507;'211581,498;';Y;NA;4;4;Unknown;Unknown;;None;;;';IFH_BATCH;'26/03/2020 14:54:52;;Y;;;;'26/03/2020 14:34:24;3;1750357;;LU;1;';';';';';Y;#A2/V2/K5;APPART;DEEL_APP_GEBOUW - PARTIE_IMMEUBLE_APP;APPART;;;';;';;Y;;;;'26/03/2020 14:34:24
;;;Zoning;6807712;'20200127134349;W03-C-Antwerpen-West-FH08;6807712;'20200127134349;W03-C-Antwerpen-West-FH08;19085;FTTH-Cu;;';';;;;;;;621175;'20200326153607;1732174;'1630000;'25;Aalmoezenierstraat;'32;';2000;Antwerpen;;'152148,507;'211581,498;';Y;NA;4;4;Unknown;Unknown;;None;;;';IFH_BATCH;'26/03/2020 14:54:52;;Y;;;;'26/03/2020 14:34:24;4;1750457;;LU;1;';';';';';Y;#A3/V3/K6;APPART;DEEL_APP_GEBOUW - PARTIE_IMMEUBLE_APP;APPART;;;';;';;Y;;;;'26/03/2020 14:34:24
;;;Zoning;6807712;'20200127134349;W03-C-Antwerpen-West-FH08;6807712;'20200127134349;W03-C-Antwerpen-West-FH08;19085;FTTH-Cu;;';';;;;;;;621176;'20200326153607;1732175;'1630000;'25;Aalmoezenierstraat;'33;';2000;Antwerpen;;'152163,717;'211599,934;';Y;NA;2;4;Unknown;Unknown;;None;;;';IFH_BATCH;'26/03/2020 14:54:54;;Y;;;;'26/03/2020 14:34:24;1;1754747;;BU;1;';';';';';Y;;COMM;HANDELSZAAK - COMMERCE;NA;;;';;';;Y;;;;'26/03/2020 14:34:24
;;;Zoning;6807712;'20200127134349;W03-C-Antwerpen-West-FH08;6807712;'20200127134349;W03-C-Antwerpen-West-FH08;19085;FTTH-Cu;;';';;;;;;;706709;'20200326153601;4507713;'1630000;'25;Aalmoezenierstraat;'34;';2000;Antwerpen;;'152152,886;'211580,231;';Y;NA;4;4;Unknown;Unknown;;None;;;';IFH_BATCH;'26/03/2020 14:56:09;;Y;;;;'26/03/2020 14:34:24;1;1757811;;LU;1;';';';';';Y;;HOUSE;WONING - MAISON;NA;;;';;';;Y;;;;'26/03/2020 14:34:24
;;;Zoning;6807712;'20200127134349;W03-C-Antwerpen-West-FH08;6807712;'20200127134349;W03-C-Antwerpen-West-FH08;19085;FTTH-Cu;;';';;;;;;;706709;'20200326153601;4507713;'1630000;'25;Aalmoezenierstraat;'34;';2000;Antwerpen;;'152152,886;'211580,231;';Y;NA;4;4;Unknown;Unknown;;None;;;';IFH_BATCH;'26/03/2020 14:56:09;;Y;;;;'26/03/2020 14:34:24;2;1757812;;LU;1;';';';';';Y;;HOUSE;WONING - MAISON;NA;;;';;';;Y;;;;'26/03/2020 14:34:24
;;;Zoning;6807712;'20200127134349;W03-C-Antwerpen-West-FH08;6807712;'20200127134349;W03-C-Antwerpen-West-FH08;19085;FTTH-Cu;;';';;;;;;;706709;'20200326153601;4507713;'1630000;'25;Aalmoezenierstraat;'34;';2000;Antwerpen;;'152152,886;'211580,231;';Y;NA;4;4;Unknown;Unknown;;None;;;';IFH_BATCH;'26/03/2020 14:56:09;;Y;;;;'26/03/2020 14:34:24;3;1757813;;LU;1;';';';';';Y;;HOUSE;WONING - MAISON;NA;;;';;';;Y;;;;'26/03/2020 14:34:24
;;;Zoning;6807712;'20200127134349;W03-C-Antwerpen-West-FH08;6807712;'20200127134349;W03-C-Antwerpen-West-FH08;19085;FTTH-Cu;;';';;;;;;;710620;'20200326153604;49190;'1630000;'25;Aalmoezenierstraat;'35;';2000;Antwerpen;;'152167,98;'211597,86;';Y;NA;2;4;Unknown;Unknown;;None;;;';IFH_BATCH;'26/03/2020 14:56:33;;Y;;;;'26/03/2020 14:34:24;1;1760870;;LU;1;';';';';';Y;;HOUSE;WONING - MAISON;NA;;;';;';;Y;;;;'26/03/2020 14:34:24
;;;Zoning;6807712;'20200127134349;W03-C-Antwerpen-West-FH08;6807712;'20200127134349;W03-C-Antwerpen-West-FH08;19085;FTTH-Cu;;';';;;;;;;621177;'20200326153607;1732176;'1630000;'25;Aalmoezenierstraat;'36;';2000;Antwerpen;;'152157,84;'211577,35;';Y;NA;4;4;Unknown;Unknown;;None;;;';IFH_BATCH;'26/03/2020 14:54:56;;Y;;;;'26/03/2020 14:34:24;1;1763567;;LU;1;';';';';';Y;;HOUSE;WONING - MAISON;NA;;;';;';;Y;;;;'26/03/2020 14:34:24
;;;Zoning;6807712;'20200127134349;W03-C-Antwerpen-West-FH08;6807712;'20200127134349;W03-C-Antwerpen-West-FH08;19085;FTTH-Cu;;';';;;;;;;621177;'20200326153607;1732176;'1630000;'25;Aalmoezenierstraat;'36;';2000;Antwerpen;;'152157,84;'211577,35;';Y;NA;4;4;Unknown;Unknown;;None;;;';IFH_BATCH;'26/03/2020 14:54:56;;Y;;;;'26/03/2020 14:34:24;2;1763568;;LU;1;';';';';';Y;;HOUSE;WONING - MAISON;NA;;;';;';;Y;;;;'26/03/2020 14:34:24
;;;Zoning;6807712;'20200127134349;W03-C-Antwerpen-West-FH08;6807712;'20200127134349;W03-C-Antwerpen-West-FH08;19085;FTTH-Cu;;';';;;;;;;621177;'20200326153607;1732176;'1630000;'25;Aalmoezenierstraat;'36;';2000;Antwerpen;;'152157,84;'211577,35;';Y;NA;4;4;Unknown;Unknown;;None;;;';IFH_BATCH;'26/03/2020 14:54:56;;Y;;;;'26/03/2020 14:34:24;3;1763569;;LU;1;';';';';';Y;;HOUSE;WONING - MAISON;NA;;;';;';;Y;;;;'26/03/2020 14:34:24
;;;Zoning;6807712;'20200127134349;W03-C-Antwerpen-West-FH08;6807712;'20200127134349;W03-C-Antwerpen-West-FH08;19085;FTTH-Cu;;';';;;;;;;706710;'20200326153601;4507714;'1630000;'25;Aalmoezenierstraat;'38;';2000;Antwerpen;;'152163,141;'211575,967;';Y;NA;2;4;Unknown;Unknown;;None;;;';IFH_BATCH;'26/03/2020 14:56:11;;Y;;;;'26/03/2020 14:34:24;1;1768743;;BU;1;';';';';';Y;;COMM;HANDELSZAAK - COMMERCE;NA;;;';;';;Y;;;;'26/03/2020 14:34:24
;;;Zoning;6807712;'20200127134349;W03-C-Antwerpen-West-FH08;6807712;'20200127134349;W03-C-Antwerpen-West-FH08;19085;FTTH-Cu;;';';;;;;;;710621;'20200326153604;49191;'1630000;'25;Aalmoezenierstraat;'39;';2000;Antwerpen;;'152192,774;'211598,069;';Y;NA;4;4;Unknown;Unknown;;None;;;';IFH_BATCH;'26/03/2020 14:56:35;;Y;;;;'26/03/2020 14:34:24;1;1771402;;LU;1;';';';';';Y;;APTBLD;APPARTEMENTSGEBOUW - IMMEUBLE A APPARTEMENTS;NA;;;';;';;Y;;;;'26/03/2020 14:34:24
;;;Zoning;6807712;'20200127134349;W03-C-Antwerpen-West-FH08;6807712;'20200127134349;W03-C-Antwerpen-West-FH08;19085;FTTH-Cu;;';';;;;;;;710621;'20200326153604;49191;'1630000;'25;Aalmoezenierstraat;'39;';2000;Antwerpen;;'152192,774;'211598,069;';Y;NA;4;4;Unknown;Unknown;;None;;;';IFH_BATCH;'26/03/2020 14:56:35;;Y;;;;'26/03/2020 14:34:24;2;1771403;;LU;1;';';';';';Y;;APTBLD;APPARTEMENTSGEBOUW - IMMEUBLE A APPARTEMENTS;NA;;;';;';;Y;;;;'26/03/2020 14:34:24
;;;Zoning;6807712;'20200127134349;W03-C-Antwerpen-West-FH08;6807712;'20200127134349;W03-C-Antwerpen-West-FH08;19085;FTTH-Cu;;';';;;;;;;710621;'20200326153604;49191;'1630000;'25;Aalmoezenierstraat;'39;';2000;Antwerpen;;'152192,774;'211598,069;';Y;NA;4;4;Unknown;Unknown;;None;;;';IFH_BATCH;'26/03/2020 14:56:35;;Y;;;;'26/03/2020 14:34:24;3;1771404;;LU;1;';';';';';Y;;APTBLD;APPARTEMENTSGEBOUW - IMMEUBLE A APPARTEMENTS;NA;;;';;';;Y;;;;'26/03/2020 14:34:24
;;;Zoning;6807712;'20200127134349;W03-C-Antwerpen-West-FH08;6807712;'20200127134349;W03-C-Antwerpen-West-FH08;19085;FTTH-Cu;;';';;;;;;;710621;'20200326153604;49191;'1630000;'25;Aalmoezenierstraat;'39;';2000;Antwerpen;;'152192,774;'211598,069;';Y;NA;4;4;Unknown;Unknown;;None;;;';IFH_BATCH;'26/03/2020 14:56:35;;Y;;;;'26/03/2020 14:34:24;4;1771405;;LU;1;';';';';';Y;;APTBLD;APPARTEMENTSGEBOUW - IMMEUBLE A APPARTEMENTS;NA;;;';;';;Y;;;;'26/03/2020 14:34:24
;;;Zoning;6807712;'20200127134349;W03-C-Antwerpen-West-FH08;6807712;'20200127134349;W03-C-Antwerpen-West-FH08;19085;FTTH-Cu;;';';;;;;;;710621;'20200326153604;49191;'1630000;'25;Aalmoezenierstraat;'39;';2000;Antwerpen;;'152192,774;'211598,069;';Y;NA;4;4;Unknown;Unknown;;None;;;';IFH_BATCH;'26/03/2020 14:56:35;;Y;;;;'26/03/2020 14:34:24;5;1771406;;LU;1;';';';';';Y;;APTBLD;APPARTEMENTSGEBOUW - IMMEUBLE A APPARTEMENTS;NA;;;';;';;Y;;;;'26/03/2020 14:34:24
;;;Zoning;6807712;'20200127134349;W03-C-Antwerpen-West-FH08;6807712;'20200127134349;W03-C-Antwerpen-West-FH08;19085;FTTH-Cu;;';';;;;;;;710621;'20200326153604;49191;'1630000;'25;Aalmoezenierstraat;'39;';2000;Antwerpen;;'152192,774;'211598,069;';Y;NA;4;4;Unknown;Unknown;;None;;;';IFH_BATCH;'26/03/2020 14:56:35;;Y;;;;'26/03/2020 14:34:24;6;1771407;;LU;1;';';';';';Y;;APTBLD;APPARTEMENTSGEBOUW - IMMEUBLE A APPARTEMENTS;NA;;;';;';;Y;;;;'26/03/2020 14:34:24
;;;Zoning;6807712;'20200127134349;W03-C-Antwerpen-West-FH08;6807712;'20200127134349;W03-C-Antwerpen-West-FH08;19085;FTTH-Cu;;';';;;;;;;710621;'20200326153604;49191;'1630000;'25;Aalmoezenierstraat;'39;';2000;Antwerpen;;'152192,774;'211598,069;';Y;NA;4;4;Unknown;Unknown;;None;;;';IFH_BATCH;'26/03/2020 14:56:35;;Y;;;;'26/03/2020 14:34:24;7;1771408;;LU;1;';';';';';Y;;APTBLD;APPARTEMENTSGEBOUW - IMMEUBLE A APPARTEMENTS;NA;;;';;';;Y;;;;'26/03/2020 14:34:24
;;;Zoning;6807712;'20200127134349;W03-C-Antwerpen-West-FH08;6807712;'20200127134349;W03-C-Antwerpen-West-FH08;19085;FTTH-Cu;;';';;;;;;;710621;'20200326153604;49191;'1630000;'25;Aalmoezenierstraat;'39;';2000;Antwerpen;;'152192,774;'211598,069;';Y;NA;4;4;Unknown;Unknown;;None;;;';IFH_BATCH;'26/03/2020 14:56:35;;Y;;;;'26/03/2020 14:34:24;8;1771409;;LU;1;';';';';';Y;;APTBLD;APPARTEMENTSGEBOUW - IMMEUBLE A APPARTEMENTS;NA;;;';;';;Y;;;;'26/03/2020 14:34:24
;;;Zoning;6807712;'20200127134349;W03-C-Antwerpen-West-FH08;6807712;'20200127134349;W03-C-Antwerpen-West-FH08;19085;FTTH-Cu;;';';;;;;;;710621;'20200326153604;49191;'1630000;'25;Aalmoezenierstraat;'39;';2000;Antwerpen;;'152192,774;'211598,069;';Y;NA;4;4;Unknown;Unknown;;None;;;';IFH_BATCH;'26/03/2020 14:56:35;;Y;;;;'26/03/2020 14:34:24;9;1771410;;LU;1;';';';';';Y;;APTBLD;APPARTEMENTSGEBOUW - IMMEUBLE A APPARTEMENTS;NA;;;';;';;Y;;;;'26/03/2020 14:34:24
;;;Zoning;6807712;'20200127134349;W03-C-Antwerpen-West-FH08;6807712;'20200127134349;W03-C-Antwerpen-West-FH08;19085;FTTH-Cu;;';';;;;;;;621178;'20200326153607;1732177;'1630000;'25;Aalmoezenierstraat;'40;';2000;Antwerpen;;'152167,707;'211574,149;';Y;NA;2;4;Unknown;Unknown;;None;;;';IFH_BATCH;'26/03/2020 14:54:58;;Y;;;;'26/03/2020 14:34:24;1;1778525;;LU;1;';';';';';Y;;HOUSE;WONING - MAISON;NA;;;';;';;Y;;;;'26/03/2020 14:34:24
;;;Zoning;6807712;'20200127134349;W03-C-Antwerpen-West-FH08;6807712;'20200127134349;W03-C-Antwerpen-West-FH08;19085;FTTH-Cu;;';';;;;;;;621179;'20200326153607;1732179;'1630000;'25;Aalmoezenierstraat;'42;';2000;Antwerpen;;'152172,589;'211572,05;';Y;NA;4;4;Unknown;Unknown;;None;;;';IFH_BATCH;'26/03/2020 14:55:00;;Y;;;;'26/03/2020 14:34:24;1;1783354;;LU;1;';';';';';Y;;HOUSE;WONING - MAISON;NA;;;';;';;Y;;;;'26/03/2020 14:34:24
;;;Zoning;6807712;'20200127134349;W03-C-Antwerpen-West-FH08;6807712;'20200127134349;W03-C-Antwerpen-West-FH08;19085;FTTH-Cu;;';';;;;;;;621179;'20200326153607;1732179;'1630000;'25;Aalmoezenierstraat;'42;';2000;Antwerpen;;'152172,589;'211572,05;';Y;NA;4;4;Unknown;Unknown;;None;;;';IFH_BATCH;'26/03/2020 14:55:00;;Y;;;;'26/03/2020 14:34:24;2;1783355;;LU;1;';';';';';Y;;HOUSE;WONING - MAISON;NA;;;';;';;Y;;;;'26/03/2020 14:34:24
;;;Zoning;6807712;'20200127134349;W03-C-Antwerpen-West-FH08;6807712;'20200127134349;W03-C-Antwerpen-West-FH08;19085;FTTH-Cu;;';';;;;;;;621180;'20200326153607;1732180;'1630000;'25;Aalmoezenierstraat;'43;';2000;Antwerpen;;'152208,538;'211597,283;';Y;NA;4;4;Unknown;Unknown;;None;;;';IFH_BATCH;'26/03/2020 14:55:02;;Y;;;;'26/03/2020 14:34:24;1;1784188;;LU;1;';';';';';Y;#A.GV.1/1/B11-S2.6;APPART;DEEL_APP_GEBOUW - PARTIE_IMMEUBLE_APP;APPART;;;';;';;Y;;;;'26/03/2020 14:34:24
;;;Zoning;6807712;'20200127134349;W03-C-Antwerpen-West-FH08;6807712;'20200127134349;W03-C-Antwerpen-West-FH08;19085;FTTH-Cu;;';';;;;;;;621180;'20200326153607;1732180;'1630000;'25;Aalmoezenierstraat;'43;';2000;Antwerpen;;'152208,538;'211597,283;';Y;NA;4;4;Unknown;Unknown;;None;;;';IFH_BATCH;'26/03/2020 14:55:02;;Y;;;;'26/03/2020 14:34:24;2;1784189;;LU;1;';';';';';Y;#A.GV.1/2/B3-S13;APPART;DEEL_APP_GEBOUW - PARTIE_IMMEUBLE_APP;APPART;;;';;';;Y;;;;'26/03/2020 14:34:24
;;;Zoning;6807712;'20200127134349;W03-C-Antwerpen-West-FH08;6807712;'20200127134349;W03-C-Antwerpen-West-FH08;19085;FTTH-Cu;;';';;;;;;;621180;'20200326153607;1732180;'1630000;'25;Aalmoezenierstraat;'43;';2000;Antwerpen;;'152208,538;'211597,283;';Y;NA;4;4;Unknown;Unknown;;None;;;';IFH_BATCH;'26/03/2020 14:55:02;;Y;;;;'26/03/2020 14:34:24;3;1784282;;LU;1;';';';';';Y;#A1/3/B1-S12;APPART;DEEL_APP_GEBOUW - PARTIE_IMMEUBLE_APP;APPART;;;';;';;Y;;;;'26/03/2020 14:34:24
;;;Zoning;6807712;'20200127134349;W03-C-Antwerpen-West-FH08;6807712;'20200127134349;W03-C-Antwerpen-West-FH08;19085;FTTH-Cu;;';';;;;;;;621180;'20200326153607;1732180;'1630000;'25;Aalmoezenierstraat;'43;';2000;Antwerpen;;'152208,538;'211597,283;';Y;NA;4;4;Unknown;Unknown;;None;;;';IFH_BATCH;'26/03/2020 14:55:02;;Y;;;;'26/03/2020 14:34:24;4;1784283;;LU;1;';';';';';Y;#A1/4/B8-S9;APPART;DEEL_APP_GEBOUW - PARTIE_IMMEUBLE_APP;APPART;;;';;';;Y;;;;'26/03/2020 14:34:24
;;;Zoning;6807712;'20200127134349;W03-C-Antwerpen-West-FH08;6807712;'20200127134349;W03-C-Antwerpen-West-FH08;19085;FTTH-Cu;;';';;;;;;;621180;'20200326153607;1732180;'1630000;'25;Aalmoezenierstraat;'43;';2000;Antwerpen;;'152208,538;'211597,283;';Y;NA;4;4;Unknown;Unknown;;None;;;';IFH_BATCH;'26/03/2020 14:55:02;;Y;;;;'26/03/2020 14:34:24;5;1784377;;LU;1;';';';';';Y;#A2.3/7/B7-S15.16;APPART;DEEL_APP_GEBOUW - PARTIE_IMMEUBLE_APP;APPART;;;';;';;Y;;;;'26/03/2020 14:34:24
;;;Zoning;6807712;'20200127134349;W03-C-Antwerpen-West-FH08;6807712;'20200127134349;W03-C-Antwerpen-West-FH08;19085;FTTH-Cu;;';';;;;;;;621180;'20200326153607;1732180;'1630000;'25;Aalmoezenierstraat;'43;';2000;Antwerpen;;'152208,538;'211597,283;';Y;NA;4;4;Unknown;Unknown;;None;;;';IFH_BATCH;'26/03/2020 14:55:02;;Y;;;;'26/03/2020 14:34:24;6;1784402;;LU;1;';';';';';Y;#A2/5/B9;APPART;DEEL_APP_GEBOUW - PARTIE_IMMEUBLE_APP;APPART;;;';;';;Y;;;;'26/03/2020 14:34:24
;;;Zoning;6807712;'20200127134349;W03-C-Antwerpen-West-FH08;6807712;'20200127134349;W03-C-Antwerpen-West-FH08;19085;FTTH-Cu;;';';;;;;;;621180;'20200326153607;1732180;'1630000;'25;Aalmoezenierstraat;'43;';2000;Antwerpen;;'152208,538;'211597,283;';Y;NA;4;4;Unknown;Unknown;;None;;;';IFH_BATCH;'26/03/2020 14:55:02;;Y;;;;'26/03/2020 14:34:24;7;1784405;;LU;1;';';';';';Y;#A2/6/B10-S14;APPART;DEEL_APP_GEBOUW - PARTIE_IMMEUBLE_APP;APPART;;;';;';;Y;;;;'26/03/2020 14:34:24
;;;Zoning;6807712;'20200127134349;W03-C-Antwerpen-West-FH08;6807712;'20200127134349;W03-C-Antwerpen-West-FH08;19085;FTTH-Cu;;';';;;;;;;621180;'20200326153607;1732180;'1630000;'25;Aalmoezenierstraat;'43;';2000;Antwerpen;;'152208,538;'211597,283;';Y;NA;4;4;Unknown;Unknown;;None;;;';IFH_BATCH;'26/03/2020 14:55:02;;Y;;;;'26/03/2020 14:34:24;8;1784509;;LU;1;';';';';';Y;#A3/8/B4-S1.5;APPART;DEEL_APP_GEBOUW - PARTIE_IMMEUBLE_APP;APPART;;;';;';;Y;;;;'26/03/2020 14:34:24
;;;Zoning;6807712;'20200127134349;W03-C-Antwerpen-West-FH08;6807712;'20200127134349;W03-C-Antwerpen-West-FH08;19085;FTTH-Cu;;';';;;;;;;621180;'20200326153607;1732180;'1630000;'25;Aalmoezenierstraat;'43;';2000;Antwerpen;;'152208,538;'211597,283;';Y;NA;4;4;Unknown;Unknown;;None;;;';IFH_BATCH;'26/03/2020 14:55:02;;Y;;;;'26/03/2020 14:34:24;9;1784512;;LU;1;';';';';';Y;#A3/9/B6-S3.7;APPART;DEEL_APP_GEBOUW - PARTIE_IMMEUBLE_APP;APPART;;;';;';;Y;;;;'26/03/2020 14:34:24
;;;Zoning;6807712;'20200127134349;W03-C-Antwerpen-West-FH08;6807712;'20200127134349;W03-C-Antwerpen-West-FH08;19085;FTTH-Cu;;';';;;;;;;621180;'20200326153607;1732180;'1630000;'25;Aalmoezenierstraat;'43;';2000;Antwerpen;;'152208,538;'211597,283;';Y;NA;4;4;Unknown;Unknown;;None;;;';IFH_BATCH;'26/03/2020 14:55:02;;Y;;;;'26/03/2020 14:34:24;10;1784569;;LU;1;';';';';';Y;#A4.5/10/B5-S4.8;APPART;DEEL_APP_GEBOUW - PARTIE_IMMEUBLE_APP;APPART;;;';;';;Y;;;;'26/03/2020 14:34:24
;;;Zoning;6807712;'20200127134349;W03-C-Antwerpen-West-FH08;6807712;'20200127134349;W03-C-Antwerpen-West-FH08;19085;FTTH-Cu;;';';;;;;;;621180;'20200326153607;1732180;'1630000;'25;Aalmoezenierstraat;'43;';2000;Antwerpen;;'152208,538;'211597,283;';Y;NA;4;4;Unknown;Unknown;;None;;;';IFH_BATCH;'26/03/2020 14:55:02;;Y;;;;'26/03/2020 14:34:24;11;1784570;;LU;1;';';';';';Y;#A4.5/11/B2-S10.11;APPART;DEEL_APP_GEBOUW - PARTIE_IMMEUBLE_APP;APPART;;;';;';;Y;;;;'26/03/2020 14:34:24
;;;Zoning;6807712;'20200127134349;W03-C-Antwerpen-West-FH08;6807712;'20200127134349;W03-C-Antwerpen-West-FH08;19085;FTTH-Cu;;';';;;;;;;710613;'20200326153603;49182;'1630000;'25;Aalmoezenierstraat;'44;';2000;Antwerpen;;'152178,235;'211569,169;';Y;NA;2;4;Unknown;Unknown;;None;;;';IFH_BATCH;'26/03/2020 14:56:15;;Y;;;;'26/03/2020 14:34:24;1;1787772;;LU;1;';';';';';Y;;HOUSE;WONING - MAISON;NA;;;';;';;Y;;;;'26/03/2020 14:34:24
;;;Zoning;6807712;'20200127134349;W03-C-Antwerpen-West-FH08;6807712;'20200127134349;W03-C-Antwerpen-West-FH08;19085;FTTH-Cu;;';';;;;;;;31647627;'20200326153605;4507651;'1630000;'25;Aalmoezenierstraat;'45;';2000;Antwerpen;;'152206;'211592;';Y;NA;2;4;Unknown;Unknown;;None;;;';SSV_IMPORT;'26/03/2020 14:35:00;;Y;;;;'26/03/2020 14:34:24;1;11341232;;LU;1;';';';';';;;;;;;;';SSV_IMPORT;'26/03/2020 14:35:01;;Y;;;;'26/03/2020 14:34:24
;;;Zoning;6807712;'20200127134349;W03-C-Antwerpen-West-FH08;6807712;'20200127134349;W03-C-Antwerpen-West-FH08;19085;FTTH-Cu;;';';;;;;;;710615;'20200326153604;49185;'1630000;'25;Aalmoezenierstraat;'46;';2000;Antwerpen;;'152186,564;'211551,445;';Y;NA;4;4;Unknown;Unknown;;None;;;';IFH_BATCH;'26/03/2020 14:56:19;;Y;;;;'26/03/2020 14:34:24;1;1792659;;LU;1;';';';';';Y;;HOUSE;WONING - MAISON;NA;;;';;';;Y;;;;'26/03/2020 14:34:24
;;;Zoning;6807712;'20200127134349;W03-C-Antwerpen-West-FH08;6807712;'20200127134349;W03-C-Antwerpen-West-FH08;19085;FTTH-Cu;;';';;;;;;;710615;'20200326153604;49185;'1630000;'25;Aalmoezenierstraat;'46;';2000;Antwerpen;;'152186,564;'211551,445;';Y;NA;4;4;Unknown;Unknown;;None;;;';IFH_BATCH;'26/03/2020 14:56:19;;Y;;;;'26/03/2020 14:34:24;2;1792660;;LU;1;';';';';';Y;;HOUSE;WONING - MAISON;NA;;;';;';;Y;;;;'26/03/2020 14:34:24
;;;Zoning;6807712;'20200127134349;W03-C-Antwerpen-West-FH08;6807712;'20200127134349;W03-C-Antwerpen-West-FH08;19085;FTTH-Cu;;';';;;;;;;710615;'20200326153604;49185;'1630000;'25;Aalmoezenierstraat;'46;';2000;Antwerpen;;'152186,564;'211551,445;';Y;NA;4;4;Unknown;Unknown;;None;;;';IFH_BATCH;'26/03/2020 14:56:19;;Y;;;;'26/03/2020 14:34:24;3;1792661;;LU;1;';';';';';Y;;HOUSE;WONING - MAISON;NA;;;';;';;Y;;;;'26/03/2020 14:34:24
;;;Zoning;6807712;'20200127134349;W03-C-Antwerpen-West-FH08;6807712;'20200127134349;W03-C-Antwerpen-West-FH08;19085;FTTH-Cu;;';';;;;;;;710615;'20200326153604;49185;'1630000;'25;Aalmoezenierstraat;'46;';2000;Antwerpen;;'152186,564;'211551,445;';Y;NA;4;4;Unknown;Unknown;;None;;;';IFH_BATCH;'26/03/2020 14:56:19;;Y;;;;'26/03/2020 14:34:24;4;1792662;;LU;1;';';';';';Y;;HOUSE;WONING - MAISON;NA;;;';;';;Y;;;;'26/03/2020 14:34:24
;;;Zoning;6807712;'20200127134349;W03-C-Antwerpen-West-FH08;6807712;'20200127134349;W03-C-Antwerpen-West-FH08;19085;FTTH-Cu;;';';;;;;;;710615;'20200326153604;49185;'1630000;'25;Aalmoezenierstraat;'46;';2000;Antwerpen;;'152186,564;'211551,445;';Y;NA;4;4;Unknown;Unknown;;None;;;';IFH_BATCH;'26/03/2020 14:56:19;;Y;;;;'26/03/2020 14:34:24;5;1792663;;LU;1;';';';';';Y;;HOUSE;WONING - MAISON;NA;;;';;';;Y;;;;'26/03/2020 14:34:24
;;;Zoning;6807712;'20200127134349;W03-C-Antwerpen-West-FH08;6807712;'20200127134349;W03-C-Antwerpen-West-FH08;19085;FTTH-Cu;;';';;;;;;;710615;'20200326153604;49185;'1630000;'25;Aalmoezenierstraat;'46;';2000;Antwerpen;;'152186,564;'211551,445;';Y;NA;4;4;Unknown;Unknown;;None;;;';IFH_BATCH;'26/03/2020 14:56:19;;Y;;;;'26/03/2020 14:34:24;6;1792664;;LU;1;';';';';';Y;;HOUSE;WONING - MAISON;NA;;;';;';;Y;;;;'26/03/2020 14:34:24
;;;Zoning;6807712;'20200127134349;W03-C-Antwerpen-West-FH08;6807712;'20200127134349;W03-C-Antwerpen-West-FH08;19085;FTTH-Cu;;';';;;;;;;710615;'20200326153604;49185;'1630000;'25;Aalmoezenierstraat;'46;';2000;Antwerpen;;'152186,564;'211551,445;';Y;NA;4;4;Unknown;Unknown;;None;;;';IFH_BATCH;'26/03/2020 14:56:19;;Y;;;;'26/03/2020 14:34:24;7;1792665;;LU;1;';';';';';Y;;HOUSE;WONING - MAISON;NA;;;';;';;Y;;;;'26/03/2020 14:34:24
;;;Zoning;6807712;'20200127134349;W03-C-Antwerpen-West-FH08;6807712;'20200127134349;W03-C-Antwerpen-West-FH08;19085;FTTH-Cu;;';';;;;;;;710615;'20200326153604;49185;'1630000;'25;Aalmoezenierstraat;'46;';2000;Antwerpen;;'152186,564;'211551,445;';Y;NA;4;4;Unknown;Unknown;;None;;;';IFH_BATCH;'26/03/2020 14:56:19;;Y;;;;'26/03/2020 14:34:24;8;1792666;;LU;1;';';';';';Y;;HOUSE;WONING - MAISON;NA;;;';;';;Y;;;;'26/03/2020 14:34:24
;;;Zoning;6807712;'20200127134349;W03-C-Antwerpen-West-FH08;6807712;'20200127134349;W03-C-Antwerpen-West-FH08;19085;FTTH-Cu;;';';;;;;;;710615;'20200326153604;49185;'1630000;'25;Aalmoezenierstraat;'46;';2000;Antwerpen;;'152186,564;'211551,445;';Y;NA;4;4;Unknown;Unknown;;None;;;';IFH_BATCH;'26/03/2020 14:56:19;;Y;;;;'26/03/2020 14:34:24;9;1792667;;LU;1;';';';';';Y;;HOUSE;WONING - MAISON;NA;;;';;';;Y;;;;'26/03/2020 14:34:24
;;;Zoning;6807712;'20200127134349;W03-C-Antwerpen-West-FH08;6807712;'20200127134349;W03-C-Antwerpen-West-FH08;19085;FTTH-Cu;;';';;;;;;;710615;'20200326153604;49185;'1630000;'25;Aalmoezenierstraat;'46;';2000;Antwerpen;;'152186,564;'211551,445;';Y;NA;4;4;Unknown;Unknown;;None;;;';IFH_BATCH;'26/03/2020 14:56:19;;Y;;;;'26/03/2020 14:34:24;10;1792668;;BU;1;';';';';';Y;;COMM;HANDELSZAAK - COMMERCE;NA;;;';;';;Y;;;;'26/03/2020 14:34:24
;;;Zoning;6807712;'20200127134349;W03-C-Antwerpen-West-FH08;6807712;'20200127134349;W03-C-Antwerpen-West-FH08;19085;FTTH-Cu;;';';;;;;;;31647628;'20200326153606;4507654;'1630000;'25;Aalmoezenierstraat;'47;';2000;Antwerpen;;'152211;'211592;';Y;NA;2;4;Unknown;Unknown;;None;;;';SSV_IMPORT;'26/03/2020 14:35:03;;Y;;;;'26/03/2020 14:34:24;1;11341233;;LU;1;';';';';';;;;;;;;';SSV_IMPORT;'26/03/2020 14:35:04;;Y;;;;'26/03/2020 14:34:24
;;;Zoning;6807712;'20200127134349;W03-C-Antwerpen-West-FH08;6807712;'20200127134349;W03-C-Antwerpen-West-FH08;19085;FTTH-Cu;;';';;;;;;;710614;'20200326153604;49184;'1630000;'25;Aalmoezenierstraat;'48;';2000;Antwerpen;;'152195,403;'211571,935;';Y;NA;4;4;Unknown;Unknown;;None;;;';IFH_BATCH;'26/03/2020 14:56:17;;Y;;;;'26/03/2020 14:34:24;1;1796347;;LU;1;';';';';';Y;;HOUSE;WONING - MAISON;NA;;;';;';;Y;;;;'26/03/2020 14:34:24
;;;Zoning;6807712;'20200127134349;W03-C-Antwerpen-West-FH08;6807712;'20200127134349;W03-C-Antwerpen-West-FH08;19085;FTTH-Cu;;';';;;;;;;710614;'20200326153604;49184;'1630000;'25;Aalmoezenierstraat;'48;';2000;Antwerpen;;'152195,403;'211571,935;';Y;NA;4;4;Unknown;Unknown;;None;;;';IFH_BATCH;'26/03/2020 14:56:17;;Y;;;;'26/03/2020 14:34:24;2;1796348;;LU;1;';';';';';Y;;HOUSE;WONING - MAISON;NA;;;';;';;Y;;;;'26/03/2020 14:34:24
;;;Zoning;6807712;'20200127134349;W03-C-Antwerpen-West-FH08;6807712;'20200127134349;W03-C-Antwerpen-West-FH08;19085;FTTH-Cu;;';';;;;;;;710614;'20200326153604;49184;'1630000;'25;Aalmoezenierstraat;'48;';2000;Antwerpen;;'152195,403;'211571,935;';Y;NA;4;4;Unknown;Unknown;;None;;;';IFH_BATCH;'26/03/2020 14:56:17;;Y;;;;'26/03/2020 14:34:24;3;1796349;;LU;1;';';';';';Y;;HOUSE;WONING - MAISON;NA;;;';;';;Y;;;;'26/03/2020 14:34:24
;;;Zoning;6807712;'20200127134349;W03-C-Antwerpen-West-FH08;6807712;'20200127134349;W03-C-Antwerpen-West-FH08;19085;FTTH-Cu;;';';;;;;;;619101;'20200326153608;1498054;'1630000;'25;Aalmoezenierstraat;'49;';2000;Antwerpen;;'152223,571;'211593,717;';Y;NA;4;4;Unknown;Unknown;;None;;;';IFH_BATCH;'26/03/2020 14:54:27;;Y;;;;'26/03/2020 14:34:24;1;1798212;;LU;1;';';';';';Y;;HOUSE;WONING - MAISON;NA;;;';;';;Y;;;;'26/03/2020 14:34:24
;;;Zoning;6807712;'20200127134349;W03-C-Antwerpen-West-FH08;6807712;'20200127134349;W03-C-Antwerpen-West-FH08;19085;FTTH-Cu;;';';;;;;;;619101;'20200326153608;1498054;'1630000;'25;Aalmoezenierstraat;'49;';2000;Antwerpen;;'152223,571;'211593,717;';Y;NA;4;4;Unknown;Unknown;;None;;;';IFH_BATCH;'26/03/2020 14:54:27;;Y;;;;'26/03/2020 14:34:24;2;1798213;;LU;1;';';';';';Y;;HOUSE;WONING - MAISON;NA;;;';;';;Y;;;;'26/03/2020 14:34:24
;;;Zoning;6807712;'20200127134349;W03-C-Antwerpen-West-FH08;6807712;'20200127134349;W03-C-Antwerpen-West-FH08;19085;FTTH-Cu;;';';;;;;;;619101;'20200326153608;1498054;'1630000;'25;Aalmoezenierstraat;'49;';2000;Antwerpen;;'152223,571;'211593,717;';Y;NA;4;4;Unknown;Unknown;;None;;;';IFH_BATCH;'26/03/2020 14:54:27;;Y;;;;'26/03/2020 14:34:24;3;1798214;;LU;1;';';';';';Y;;HOUSE;WONING - MAISON;NA;;;';;';;Y;;;;'26/03/2020 14:34:24
;;;Zoning;6807712;'20200127134349;W03-C-Antwerpen-West-FH08;6807712;'20200127134349;W03-C-Antwerpen-West-FH08;19085;FTTH-Cu;;';';;;;;;;619101;'20200326153608;1498054;'1630000;'25;Aalmoezenierstraat;'49;';2000;Antwerpen;;'152223,571;'211593,717;';Y;NA;4;4;Unknown;Unknown;;None;;;';IFH_BATCH;'26/03/2020 14:54:27;;Y;;;;'26/03/2020 14:34:24;4;1798215;;LU;1;';';';';';Y;;HOUSE;WONING - MAISON;NA;;;';;';;Y;;;;'26/03/2020 14:34:24
;;;Zoning;6807712;'20200127134349;W03-C-Antwerpen-West-FH08;6807712;'20200127134349;W03-C-Antwerpen-West-FH08;19085;FTTH-Cu;;';';;;;;;;619101;'20200326153608;1498054;'1630000;'25;Aalmoezenierstraat;'49;';2000;Antwerpen;;'152223,571;'211593,717;';Y;NA;4;4;Unknown;Unknown;;None;;;';IFH_BATCH;'26/03/2020 14:54:27;;Y;;;;'26/03/2020 14:34:24;5;1798216;;LU;1;';';';';';Y;;HOUSE;WONING - MAISON;NA;;;';;';;Y;;;;'26/03/2020 14:34:24
;;;Zoning;6807712;'20200127134349;W03-C-Antwerpen-West-FH08;6807712;'20200127134349;W03-C-Antwerpen-West-FH08;19085;FTTH-Cu;;';';;;;;;;619101;'20200326153608;1498054;'1630000;'25;Aalmoezenierstraat;'49;';2000;Antwerpen;;'152223,571;'211593,717;';Y;NA;4;4;Unknown;Unknown;;None;;;';IFH_BATCH;'26/03/2020 14:54:27;;Y;;;;'26/03/2020 14:34:24;6;10357880;;LU;1;';';';';';Y;;HOUSE;WONING - MAISON;NA;;;';;';;Y;;;;'26/03/2020 14:34:24
;;;Zoning;6807712;'20200127134349;W03-C-Antwerpen-West-FH08;6807712;'20200127134349;W03-C-Antwerpen-West-FH08;19085;FTTH-Cu;;';';;;;;;;619101;'20200326153608;1498054;'1630000;'25;Aalmoezenierstraat;'49;';2000;Antwerpen;;'152223,571;'211593,717;';Y;NA;4;4;Unknown;Unknown;;None;;;';IFH_BATCH;'26/03/2020 14:54:27;;Y;;;;'26/03/2020 14:34:24;7;10357881;;LU;1;';';';';';Y;;HOUSE;WONING - MAISON;NA;;;';;';;Y;;;;'26/03/2020 14:34:24
;;;Zoning;6807712;'20200127134349;W03-C-Antwerpen-West-FH08;6807712;'20200127134349;W03-C-Antwerpen-West-FH08;19085;FTTH-Cu;;';';;;;;;;619101;'20200326153608;1498054;'1630000;'25;Aalmoezenierstraat;'49;';2000;Antwerpen;;'152223,571;'211593,717;';Y;NA;4;4;Unknown;Unknown;;None;;;';IFH_BATCH;'26/03/2020 14:54:27;;Y;;;;'26/03/2020 14:34:24;8;10357882;;LU;1;';';';';';Y;;HOUSE;WONING - MAISON;NA;;;';;';;Y;;;;'26/03/2020 14:34:24
;;;Zoning;6807712;'20200127134349;W03-C-Antwerpen-West-FH08;6807712;'20200127134349;W03-C-Antwerpen-West-FH08;19085;FTTH-Cu;;';';;;;;;;619101;'20200326153608;1498054;'1630000;'25;Aalmoezenierstraat;'49;';2000;Antwerpen;;'152223,571;'211593,717;';Y;NA;4;4;Unknown;Unknown;;None;;;';IFH_BATCH;'26/03/2020 14:54:27;;Y;;;;'26/03/2020 14:34:24;9;10357883;;LU;1;';';';';';Y;;HOUSE;WONING - MAISON;NA;;;';;';;Y;;;;'26/03/2020 14:34:24
;;;Zoning;6807712;'20200127134349;W03-C-Antwerpen-West-FH08;6807712;'20200127134349;W03-C-Antwerpen-West-FH08;19085;FTTH-Cu;;';';;;;;;;619101;'20200326153608;1498054;'1630000;'25;Aalmoezenierstraat;'49;';2000;Antwerpen;;'152223,571;'211593,717;';Y;NA;4;4;Unknown;Unknown;;None;;;';IFH_BATCH;'26/03/2020 14:54:27;;Y;;;;'26/03/2020 14:34:24;10;10357884;;LU;1;';';';';';Y;;HOUSE;WONING - MAISON;NA;;;';;';;Y;;;;'26/03/2020 14:34:24
;;;Zoning;6807712;'20200127134349;W03-C-Antwerpen-West-FH08;6807712;'20200127134349;W03-C-Antwerpen-West-FH08;19085;FTTH-Cu;;';';;;;;;;619101;'20200326153608;1498054;'1630000;'25;Aalmoezenierstraat;'49;';2000;Antwerpen;;'152223,571;'211593,717;';Y;NA;4;4;Unknown;Unknown;;None;;;';IFH_BATCH;'26/03/2020 14:54:27;;Y;;;;'26/03/2020 14:34:24;11;10357885;;LU;1;';';';';';Y;;HOUSE;WONING - MAISON;NA;;;';;';;Y;;;;'26/03/2020 14:34:24
;;;Zoning;6807712;'20200127134349;W03-C-Antwerpen-West-FH08;6807712;'20200127134349;W03-C-Antwerpen-West-FH08;19085;FTTH-Cu;;';';;;;;;;619101;'20200326153608;1498054;'1630000;'25;Aalmoezenierstraat;'49;';2000;Antwerpen;;'152223,571;'211593,717;';Y;NA;4;4;Unknown;Unknown;;None;;;';IFH_BATCH;'26/03/2020 14:54:27;;Y;;;;'26/03/2020 14:34:24;12;10357886;;LU;1;';';';';';Y;;HOUSE;WONING - MAISON;NA;;;';;';;Y;;;;'26/03/2020 14:34:24
;;;Zoning;6807712;'20200127134349;W03-C-Antwerpen-West-FH08;6807712;'20200127134349;W03-C-Antwerpen-West-FH08;19085;FTTH-Cu;;';';;;;;;;619101;'20200326153608;1498054;'1630000;'25;Aalmoezenierstraat;'49;';2000;Antwerpen;;'152223,571;'211593,717;';Y;NA;4;4;Unknown;Unknown;;None;;;';IFH_BATCH;'26/03/2020 14:54:27;;Y;;;;'26/03/2020 14:34:24;13;10357887;;LU;1;';';';';';Y;;HOUSE;WONING - MAISON;NA;;;';;';;Y;;;;'26/03/2020 14:34:24
;;;Zoning;6807712;'20200127134349;W03-C-Antwerpen-West-FH08;6807712;'20200127134349;W03-C-Antwerpen-West-FH08;19085;FTTH-Cu;;';';;;;;;;621181;'20200326153608;1732186;'1630000;'25;Aalmoezenierstraat;'50;';2000;Antwerpen;;'152200,49;'211569,004;';Y;NA;2;4;Unknown;Unknown;;None;;;';IFH_BATCH;'26/03/2020 14:55:04;;Y;;;;'26/03/2020 14:34:24;1;1805630;;LU;1;';';';';';Y;;HOUSE;WONING - MAISON;NA;;;';;';;Y;;;;'26/03/2020 14:34:24
;;;Zoning;6807712;'20200127134349;W03-C-Antwerpen-West-FH08;6807712;'20200127134349;W03-C-Antwerpen-West-FH08;19085;FTTH-Cu;;';';;;;;;;706705;'20200326153601;4507703;'1630000;'25;Aalmoezenierstraat;'52;';2000;Antwerpen;;'152203,814;'211569,861;';Y;NA;4;4;Unknown;Unknown;;None;;;';IFH_BATCH;'26/03/2020 14:56:01;;Y;;;;'26/03/2020 14:34:24;1;1809199;;LU;1;';';';';';Y;;HOUSE;WONING - MAISON;NA;;;';;';;Y;;;;'26/03/2020 14:34:24
;;;Zoning;6807712;'20200127134349;W03-C-Antwerpen-West-FH08;6807712;'20200127134349;W03-C-Antwerpen-West-FH08;19085;FTTH-Cu;;';';;;;;;;706705;'20200326153601;4507703;'1630000;'25;Aalmoezenierstraat;'52;';2000;Antwerpen;;'152203,814;'211569,861;';Y;NA;4;4;Unknown;Unknown;;None;;;';IFH_BATCH;'26/03/2020 14:56:01;;Y;;;;'26/03/2020 14:34:24;2;1809200;;LU;1;';';';';';Y;;HOUSE;WONING - MAISON;NA;;;';;';;Y;;;;'26/03/2020 14:34:24
;;;Zoning;6807712;'20200127134349;W03-C-Antwerpen-West-FH08;6807712;'20200127134349;W03-C-Antwerpen-West-FH08;19085;FTTH-Cu;;';';;;;;;;621182;'20200326153608;1732187;'1630000;'25;Aalmoezenierstraat;'53;';2000;Antwerpen;;'152241,56;'211600,81;';Y;NA;2;4;Unknown;Unknown;;None;;;';IFH_BATCH;'26/03/2020 14:55:06;;Y;;;;'26/03/2020 14:34:24;1;1811022;;LU;1;';';';';';Y;;HOUSE;WONING - MAISON;NA;;;';;';;Y;;;;'26/03/2020 14:34:24
;;;Zoning;6807712;'20200127134349;W03-C-Antwerpen-West-FH08;6807712;'20200127134349;W03-C-Antwerpen-West-FH08;19085;FTTH-Cu;;';';;;;;;;621183;'20200326153608;1732188;'1630000;'25;Aalmoezenierstraat;'54;';2000;Antwerpen;;'152212,11;'211565,551;';Y;NA;4;4;Unknown;Unknown;;None;;;';IFH_BATCH;'26/03/2020 14:55:08;;Y;;;;'26/03/2020 14:34:24;1;1812708;;BU;1;';';';';';Y;;CARE;ZORGINSTELLING - ETABLISSEMENT DE BIENFAISANCE;NA;;;';;';;Y;;;;'26/03/2020 14:34:24
;;;Zoning;6807712;'20200127134349;W03-C-Antwerpen-West-FH08;6807712;'20200127134349;W03-C-Antwerpen-West-FH08;19085;FTTH-Cu;;';';;;;;;;621183;'20200326153608;1732188;'1630000;'25;Aalmoezenierstraat;'54;';2000;Antwerpen;;'152212,11;'211565,551;';Y;NA;4;4;Unknown;Unknown;;None;;;';IFH_BATCH;'26/03/2020 14:55:08;;Y;;;;'26/03/2020 14:34:24;2;1812709;;BU;1;';';';';';Y;;CARE;ZORGINSTELLING - ETABLISSEMENT DE BIENFAISANCE;NA;;;';;';;Y;;;;'26/03/2020 14:34:24
;;;Zoning;6807712;'20200127134349;W03-C-Antwerpen-West-FH08;6807712;'20200127134349;W03-C-Antwerpen-West-FH08;19085;FTTH-Cu;;';';;;;;;;690660;'20200326153547;3918147;'1630000;'25;Aalmoezenierstraat;'55;';2000;Antwerpen;;'152240,915;'211585,07;';Y;NA;4;4;Unknown;Unknown;;None;;;';IFH_BATCH;'26/03/2020 14:55:37;;Y;;;;'26/03/2020 14:34:24;1;1814472;;LU;1;';';';';';Y;;HOUSE;WONING - MAISON;NA;;;';;';;Y;;;;'26/03/2020 14:34:24
;;;Zoning;6807712;'20200127134349;W03-C-Antwerpen-West-FH08;6807712;'20200127134349;W03-C-Antwerpen-West-FH08;19085;FTTH-Cu;;';';;;;;;;690660;'20200326153547;3918147;'1630000;'25;Aalmoezenierstraat;'55;';2000;Antwerpen;;'152240,915;'211585,07;';Y;NA;4;4;Unknown;Unknown;;None;;;';IFH_BATCH;'26/03/2020 14:55:37;;Y;;;;'26/03/2020 14:34:24;2;1814473;;LU;1;';';';';';Y;;HOUSE;WONING - MAISON;NA;;;';;';;Y;;;;'26/03/2020 14:34:24
;;;Zoning;6807712;'20200127134349;W03-C-Antwerpen-West-FH08;6807712;'20200127134349;W03-C-Antwerpen-West-FH08;19085;FTTH-Cu;;';';;;;;;;621184;'20200326153608;1732189;'1630000;'25;Aalmoezenierstraat;'56;';2000;Antwerpen;;'152222,047;'211565,525;';Y;NA;4;4;Unknown;Unknown;;None;;;';IFH_BATCH;'26/03/2020 14:55:10;;Y;;;;'26/03/2020 14:34:24;1;1815819;;LU;1;';';';';';Y;;APTBLD;APPARTEMENTSGEBOUW - IMMEUBLE A APPARTEMENTS;NA;;;';;';;Y;;;;'26/03/2020 14:34:24
;;;Zoning;6807712;'20200127134349;W03-C-Antwerpen-West-FH08;6807712;'20200127134349;W03-C-Antwerpen-West-FH08;19085;FTTH-Cu;;';';;;;;;;621184;'20200326153608;1732189;'1630000;'25;Aalmoezenierstraat;'56;';2000;Antwerpen;;'152222,047;'211565,525;';Y;NA;4;4;Unknown;Unknown;;None;;;';IFH_BATCH;'26/03/2020 14:55:10;;Y;;;;'26/03/2020 14:34:24;2;1815820;;LU;1;';';';';';Y;;APTBLD;APPARTEMENTSGEBOUW - IMMEUBLE A APPARTEMENTS;NA;;;';;';;Y;;;;'26/03/2020 14:34:24
;;;Zoning;6807712;'20200127134349;W03-C-Antwerpen-West-FH08;6807712;'20200127134349;W03-C-Antwerpen-West-FH08;19085;FTTH-Cu;;';';;;;;;;621184;'20200326153608;1732189;'1630000;'25;Aalmoezenierstraat;'56;';2000;Antwerpen;;'152222,047;'211565,525;';Y;NA;4;4;Unknown;Unknown;;None;;;';IFH_BATCH;'26/03/2020 14:55:10;;Y;;;;'26/03/2020 14:34:24;3;1815821;;LU;1;';';';';';Y;;APTBLD;APPARTEMENTSGEBOUW - IMMEUBLE A APPARTEMENTS;NA;;;';;';;Y;;;;'26/03/2020 14:34:24
;;;Zoning;6807712;'20200127134349;W03-C-Antwerpen-West-FH08;6807712;'20200127134349;W03-C-Antwerpen-West-FH08;19085;FTTH-Cu;;';';;;;;;;621184;'20200326153608;1732189;'1630000;'25;Aalmoezenierstraat;'56;';2000;Antwerpen;;'152222,047;'211565,525;';Y;NA;4;4;Unknown;Unknown;;None;;;';IFH_BATCH;'26/03/2020 14:55:10;;Y;;;;'26/03/2020 14:34:24;4;1815822;;LU;1;';';';';';Y;;APTBLD;APPARTEMENTSGEBOUW - IMMEUBLE A APPARTEMENTS;NA;;;';;';;Y;;;;'26/03/2020 14:34:24
;;;Zoning;6807712;'20200127134349;W03-C-Antwerpen-West-FH08;6807712;'20200127134349;W03-C-Antwerpen-West-FH08;19085;FTTH-Cu;;';';;;;;;;621184;'20200326153608;1732189;'1630000;'25;Aalmoezenierstraat;'56;';2000;Antwerpen;;'152222,047;'211565,525;';Y;NA;4;4;Unknown;Unknown;;None;;;';IFH_BATCH;'26/03/2020 14:55:10;;Y;;;;'26/03/2020 14:34:24;5;1815823;;LU;1;';';';';';Y;;APTBLD;APPARTEMENTSGEBOUW - IMMEUBLE A APPARTEMENTS;NA;;;';;';;Y;;;;'26/03/2020 14:34:24
;;;Zoning;6807712;'20200127134349;W03-C-Antwerpen-West-FH08;6807712;'20200127134349;W03-C-Antwerpen-West-FH08;19085;FTTH-Cu;;';';;;;;;;621184;'20200326153608;1732189;'1630000;'25;Aalmoezenierstraat;'56;';2000;Antwerpen;;'152222,047;'211565,525;';Y;NA;4;4;Unknown;Unknown;;None;;;';IFH_BATCH;'26/03/2020 14:55:10;;Y;;;;'26/03/2020 14:34:24;6;1815824;;LU;1;';';';';';Y;;APTBLD;APPARTEMENTSGEBOUW - IMMEUBLE A APPARTEMENTS;NA;;;';;';;Y;;;;'26/03/2020 14:34:24
;;;Zoning;6807712;'20200127134349;W03-C-Antwerpen-West-FH08;6807712;'20200127134349;W03-C-Antwerpen-West-FH08;19085;FTTH-Cu;;';';;;;;;;706698;'20200326153600;4507661;'1630000;'25;Aalmoezenierstraat;'57;';2000;Antwerpen;;'152247,056;'211584,223;';Y;NA;2;4;Unknown;Unknown;;None;;;';IFH_BATCH;'26/03/2020 14:55:51;;Y;;;;'26/03/2020 14:34:24;1;1817276;;LU;1;';';';';';Y;;HOUSE;WONING - MAISON;NA;;;';;';;Y;;;;'26/03/2020 14:34:24
;;;Zoning;6807712;'20200127134349;W03-C-Antwerpen-West-FH08;6807712;'20200127134349;W03-C-Antwerpen-West-FH08;19085;FTTH-Cu;;';';;;;;;;706706;'20200326153601;4507705;'1630000;'25;Aalmoezenierstraat;'58;';2000;Antwerpen;;'152229,387;'211565,652;';Y;NA;2;4;Unknown;Unknown;;None;;;';IFH_BATCH;'26/03/2020 14:56:03;;Y;;;;'26/03/2020 14:34:24;1;1818742;;LU;1;';';';';';Y;;HOUSE;WONING - MAISON;NA;;;';;';;Y;;;;'26/03/2020 14:34:24
;;;Zoning;6807712;'20200127134349;W03-C-Antwerpen-West-FH08;6807712;'20200127134349;W03-C-Antwerpen-West-FH08;19085;FTTH-Cu;;';';;;;;;;621185;'20200326153608;1732190;'1630000;'25;Aalmoezenierstraat;'59;';2000;Antwerpen;;'152249,442;'211587,605;';Y;NA;4;4;Unknown;Unknown;;None;;;';IFH_BATCH;'26/03/2020 14:55:12;;Y;;;;'26/03/2020 14:34:24;1;1820277;;LU;1;';';';';';Y;;HOUSE;WONING - MAISON;NA;;;';;';;Y;;;;'26/03/2020 14:34:24
;;;Zoning;6807712;'20200127134349;W03-C-Antwerpen-West-FH08;6807712;'20200127134349;W03-C-Antwerpen-West-FH08;19085;FTTH-Cu;;';';;;;;;;621185;'20200326153608;1732190;'1630000;'25;Aalmoezenierstraat;'59;';2000;Antwerpen;;'152249,442;'211587,605;';Y;NA;4;4;Unknown;Unknown;;None;;;';IFH_BATCH;'26/03/2020 14:55:12;;Y;;;;'26/03/2020 14:34:24;2;1820278;;LU;1;';';';';';Y;;HOUSE;WONING - MAISON;NA;;;';;';;Y;;;;'26/03/2020 14:34:24
;;;Zoning;6807712;'20200127134349;W03-C-Antwerpen-West-FH08;6807712;'20200127134349;W03-C-Antwerpen-West-FH08;19085;FTTH-Cu;;';';;;;;;;616221;'20200326153606;1319337;'1630000;'25;Aalmoezenierstraat;'60;';2000;Antwerpen;;'152233,187;'211561,511;';Y;NA;2;4;Unknown;Unknown;;None;;;';IFH_BATCH;'26/03/2020 14:54:25;;Y;;;;'26/03/2020 14:34:24;1;1826596;;LU;1;';';';';';Y;;HOUSE;WONING - MAISON;NA;;;';;';;Y;;;;'26/03/2020 14:34:24
;;;Zoning;6807712;'20200127134349;W03-C-Antwerpen-West-FH08;6807712;'20200127134349;W03-C-Antwerpen-West-FH08;19085;FTTH-Cu;;';';;;;;;;621186;'20200326153608;1732191;'1630000;'25;Aalmoezenierstraat;'61;';2000;Antwerpen;;'152254,857;'211585,876;';Y;NA;2;4;Unknown;Unknown;;None;;;';IFH_BATCH;'26/03/2020 14:55:14;;Y;;;;'26/03/2020 14:34:24;1;1828350;;LU;1;';';';';';Y;;HOUSE;WONING - MAISON;NA;;;';;';;Y;;;;'26/03/2020 14:34:24
;;;Zoning;6807712;'20200127134349;W03-C-Antwerpen-West-FH08;6807712;'20200127134349;W03-C-Antwerpen-West-FH08;19085;FTTH-Cu;;';';;;;;;;691559;'20200326153547;3972556;'1630000;'25;Aalmoezenierstraat;'62;';2000;Antwerpen;;'152241,691;'211565,25;';Y;NA;4;4;Unknown;Unknown;;None;;;';IFH_BATCH;'26/03/2020 14:55:41;;Y;;;;'26/03/2020 14:34:24;1;1829670;;LU;1;';';';';';Y;;APTBLD;APPARTEMENTSGEBOUW - IMMEUBLE A APPARTEMENTS;NA;;;';;';;Y;;;;'26/03/2020 14:34:24
;;;Zoning;6807712;'20200127134349;W03-C-Antwerpen-West-FH08;6807712;'20200127134349;W03-C-Antwerpen-West-FH08;19085;FTTH-Cu;;';';;;;;;;691559;'20200326153547;3972556;'1630000;'25;Aalmoezenierstraat;'62;';2000;Antwerpen;;'152241,691;'211565,25;';Y;NA;4;4;Unknown;Unknown;;None;;;';IFH_BATCH;'26/03/2020 14:55:41;;Y;;;;'26/03/2020 14:34:24;2;1829671;;LU;1;';';';';';Y;;APTBLD;APPARTEMENTSGEBOUW - IMMEUBLE A APPARTEMENTS;NA;;;';;';;Y;;;;'26/03/2020 14:34:24
;;;Zoning;6807712;'20200127134349;W03-C-Antwerpen-West-FH08;6807712;'20200127134349;W03-C-Antwerpen-West-FH08;19085;FTTH-Cu;;';';;;;;;;691559;'20200326153547;3972556;'1630000;'25;Aalmoezenierstraat;'62;';2000;Antwerpen;;'152241,691;'211565,25;';Y;NA;4;4;Unknown;Unknown;;None;;;';IFH_BATCH;'26/03/2020 14:55:41;;Y;;;;'26/03/2020 14:34:24;3;1829672;;LU;1;';';';';';Y;;APTBLD;APPARTEMENTSGEBOUW - IMMEUBLE A APPARTEMENTS;NA;;;';;';;Y;;;;'26/03/2020 14:34:24
;;;Zoning;6807712;'20200127134349;W03-C-Antwerpen-West-FH08;6807712;'20200127134349;W03-C-Antwerpen-West-FH08;19085;FTTH-Cu;;';';;;;;;;691559;'20200326153547;3972556;'1630000;'25;Aalmoezenierstraat;'62;';2000;Antwerpen;;'152241,691;'211565,25;';Y;NA;4;4;Unknown;Unknown;;None;;;';IFH_BATCH;'26/03/2020 14:55:41;;Y;;;;'26/03/2020 14:34:24;4;1829673;;LU;1;';';';';';Y;;APTBLD;APPARTEMENTSGEBOUW - IMMEUBLE A APPARTEMENTS;NA;;;';;';;Y;;;;'26/03/2020 14:34:24
;;;Zoning;6807712;'20200127134349;W03-C-Antwerpen-West-FH08;6807712;'20200127134349;W03-C-Antwerpen-West-FH08;19085;FTTH-Cu;;';';;;;;;;691559;'20200326153547;3972556;'1630000;'25;Aalmoezenierstraat;'62;';2000;Antwerpen;;'152241,691;'211565,25;';Y;NA;4;4;Unknown;Unknown;;None;;;';IFH_BATCH;'26/03/2020 14:55:41;;Y;;;;'26/03/2020 14:34:24;5;1829674;;LU;1;';';';';';Y;;APTBLD;APPARTEMENTSGEBOUW - IMMEUBLE A APPARTEMENTS;NA;;;';;';;Y;;;;'26/03/2020 14:34:24
;;;Zoning;6807712;'20200127134349;W03-C-Antwerpen-West-FH08;6807712;'20200127134349;W03-C-Antwerpen-West-FH08;19085;FTTH-Cu;;';';;;;;;;691559;'20200326153547;3972556;'1630000;'25;Aalmoezenierstraat;'62;';2000;Antwerpen;;'152241,691;'211565,25;';Y;NA;4;4;Unknown;Unknown;;None;;;';IFH_BATCH;'26/03/2020 14:55:41;;Y;;;;'26/03/2020 14:34:24;6;1829675;;LU;1;';';';';';Y;;APTBLD;APPARTEMENTSGEBOUW - IMMEUBLE A APPARTEMENTS;NA;;;';;';;Y;;;;'26/03/2020 14:34:24
;;;Zoning;6807712;'20200127134349;W03-C-Antwerpen-West-FH08;6807712;'20200127134349;W03-C-Antwerpen-West-FH08;19085;FTTH-Cu;;';';;;;;;;691559;'20200326153547;3972556;'1630000;'25;Aalmoezenierstraat;'62;';2000;Antwerpen;;'152241,691;'211565,25;';Y;NA;4;4;Unknown;Unknown;;None;;;';IFH_BATCH;'26/03/2020 14:55:41;;Y;;;;'26/03/2020 14:34:24;7;1829676;;LU;1;';';';';';Y;;APTBLD;APPARTEMENTSGEBOUW - IMMEUBLE A APPARTEMENTS;NA;;;';;';;Y;;;;'26/03/2020 14:34:24
;;;Zoning;6807712;'20200127134349;W03-C-Antwerpen-West-FH08;6807712;'20200127134349;W03-C-Antwerpen-West-FH08;19085;FTTH-Cu;;';';;;;;;;691559;'20200326153547;3972556;'1630000;'25;Aalmoezenierstraat;'62;';2000;Antwerpen;;'152241,691;'211565,25;';Y;NA;4;4;Unknown;Unknown;;None;;;';IFH_BATCH;'26/03/2020 14:55:41;;Y;;;;'26/03/2020 14:34:24;8;1829677;;LU;1;';';';';';Y;;APTBLD;APPARTEMENTSGEBOUW - IMMEUBLE A APPARTEMENTS;NA;;;';;';;Y;;;;'26/03/2020 14:34:24
;;;Zoning;6807712;'20200127134349;W03-C-Antwerpen-West-FH08;6807712;'20200127134349;W03-C-Antwerpen-West-FH08;19085;FTTH-Cu;;';';;;;;;;691559;'20200326153547;3972556;'1630000;'25;Aalmoezenierstraat;'62;';2000;Antwerpen;;'152241,691;'211565,25;';Y;NA;4;4;Unknown;Unknown;;None;;;';IFH_BATCH;'26/03/2020 14:55:41;;Y;;;;'26/03/2020 14:34:24;9;1829678;;LU;1;';';';';';Y;;APTBLD;APPARTEMENTSGEBOUW - IMMEUBLE A APPARTEMENTS;NA;;;';;';;Y;;;;'26/03/2020 14:34:24
;;;Zoning;6807712;'20200127134349;W03-C-Antwerpen-West-FH08;6807712;'20200127134349;W03-C-Antwerpen-West-FH08;19085;FTTH-Cu;;';';;;;;;;706699;'20200326153600;4507665;'1630000;'25;Aalmoezenierstraat;'63;';2000;Antwerpen;;'152257,853;'211585,761;';Y;NA;4;4;Unknown;Unknown;;None;;;';IFH_BATCH;'26/03/2020 14:55:53;;Y;;;;'26/03/2020 14:34:24;1;1830177;;LU;1;';';';';';Y;#A.GV;APPART;DEEL_APP_GEBOUW - PARTIE_IMMEUBLE_APP;APPART;;;';;';;Y;;;;'26/03/2020 14:34:24
;;;Zoning;6807712;'20200127134349;W03-C-Antwerpen-West-FH08;6807712;'20200127134349;W03-C-Antwerpen-West-FH08;19085;FTTH-Cu;;';';;;;;;;706699;'20200326153600;4507665;'1630000;'25;Aalmoezenierstraat;'63;';2000;Antwerpen;;'152257,853;'211585,761;';Y;NA;4;4;Unknown;Unknown;;None;;;';IFH_BATCH;'26/03/2020 14:55:53;;Y;;;;'26/03/2020 14:34:24;2;1830226;;LU;1;';';';';';Y;#A1.2.3;APPART;DEEL_APP_GEBOUW - PARTIE_IMMEUBLE_APP;APPART;;;';;';;Y;;;;'26/03/2020 14:34:24
;;;Zoning;6807712;'20200127134349;W03-C-Antwerpen-West-FH08;6807712;'20200127134349;W03-C-Antwerpen-West-FH08;19085;FTTH-Cu;;';';;;;;;;31647629;'20200326153606;1732192;'1630000;'25;Aalmoezenierstraat;'64;';2000;Antwerpen;;'152242;'211565;';Y;NA;2;4;Unknown;Unknown;;None;;;';SSV_IMPORT;'26/03/2020 14:35:06;;Y;;;;'26/03/2020 14:34:24;1;11341234;;LU;1;';';';';';;;;;;;;';SSV_IMPORT;'26/03/2020 14:35:07;;Y;;;;'26/03/2020 14:34:24
;;;Zoning;6807712;'20200127134349;W03-C-Antwerpen-West-FH08;6807712;'20200127134349;W03-C-Antwerpen-West-FH08;19085;FTTH-Cu;;';';;;;;;;621187;'20200326153608;1732194;'1630000;'25;Aalmoezenierstraat;'65;';2000;Antwerpen;;'152263,357;'211588,52;';Y;NA;4;4;Unknown;Unknown;;None;;;';IFH_BATCH;'26/03/2020 14:55:16;;Y;;;;'26/03/2020 14:34:24;1;1833205;;LU;1;';';';';';Y;#KAVEL I;APPART;DEEL_APP_GEBOUW - PARTIE_IMMEUBLE_APP;ROOM;;;';;';;Y;;;;'26/03/2020 14:34:24
;;;Zoning;6807712;'20200127134349;W03-C-Antwerpen-West-FH08;6807712;'20200127134349;W03-C-Antwerpen-West-FH08;19085;FTTH-Cu;;';';;;;;;;621187;'20200326153608;1732194;'1630000;'25;Aalmoezenierstraat;'65;';2000;Antwerpen;;'152263,357;'211588,52;';Y;NA;4;4;Unknown;Unknown;;None;;;';IFH_BATCH;'26/03/2020 14:55:16;;Y;;;;'26/03/2020 14:34:24;2;1833206;;LU;1;';';';';';Y;#KAVEL II;APPART;DEEL_APP_GEBOUW - PARTIE_IMMEUBLE_APP;ROOM;;;';;';;Y;;;;'26/03/2020 14:34:24
;;;Zoning;6807712;'20200127134349;W03-C-Antwerpen-West-FH08;6807712;'20200127134349;W03-C-Antwerpen-West-FH08;19085;FTTH-Cu;;';';;;;;;;621187;'20200326153608;1732194;'1630000;'25;Aalmoezenierstraat;'65;';2000;Antwerpen;;'152263,357;'211588,52;';Y;NA;4;4;Unknown;Unknown;;None;;;';IFH_BATCH;'26/03/2020 14:55:16;;Y;;;;'26/03/2020 14:34:24;3;10370980;;LU;1;';';';';';Y;#KAVEL II;APPART;DEEL_APP_GEBOUW - PARTIE_IMMEUBLE_APP;ROOM;;;';;';;Y;;;;'26/03/2020 14:34:24
;;;Zoning;6807712;'20200127134349;W03-C-Antwerpen-West-FH08;6807712;'20200127134349;W03-C-Antwerpen-West-FH08;19085;FTTH-Cu;;';';;;;;;;710619;'20200326153604;49189;'1630000;'25;Aalmoezenierstraat;'66;';2000;Antwerpen;;'152227,177;'211519,422;';Y;NA;4;4;Unknown;Unknown;;None;;;';IFH_BATCH;'26/03/2020 14:56:27;;Y;;;;'26/03/2020 14:34:24;1;1834195;;LU;1;';';';';';Y;#A1/A01-MEZZ/;APPART;DEEL_APP_GEBOUW - PARTIE_IMMEUBLE_APP;APPART;;;';;';;Y;;;;'26/03/2020 14:34:24
;;;Zoning;6807712;'20200127134349;W03-C-Antwerpen-West-FH08;6807712;'20200127134349;W03-C-Antwerpen-West-FH08;19085;FTTH-Cu;;';';;;;;;;710619;'20200326153604;49189;'1630000;'25;Aalmoezenierstraat;'66;';2000;Antwerpen;;'152227,177;'211519,422;';Y;NA;4;4;Unknown;Unknown;;None;;;';IFH_BATCH;'26/03/2020 14:56:27;;Y;;;;'26/03/2020 14:34:24;2;1834205;;LU;1;';';';';';Y;#A1/B01-MEZZ/;APPART;DEEL_APP_GEBOUW - PARTIE_IMMEUBLE_APP;APPART;;;';;';;Y;;;;'26/03/2020 14:34:24
;;;Zoning;6807712;'20200127134349;W03-C-Antwerpen-West-FH08;6807712;'20200127134349;W03-C-Antwerpen-West-FH08;19085;FTTH-Cu;;';';;;;;;;710619;'20200326153604;49189;'1630000;'25;Aalmoezenierstraat;'66;';2000;Antwerpen;;'152227,177;'211519,422;';Y;NA;4;4;Unknown;Unknown;;None;;;';IFH_BATCH;'26/03/2020 14:56:27;;Y;;;;'26/03/2020 14:34:24;3;1834208;;LU;1;';';';';';Y;#A1/C01-MEZZ/;APPART;DEEL_APP_GEBOUW - PARTIE_IMMEUBLE_APP;APPART;;;';;';;Y;;;;'26/03/2020 14:34:24
;;;Zoning;6807712;'20200127134349;W03-C-Antwerpen-West-FH08;6807712;'20200127134349;W03-C-Antwerpen-West-FH08;19085;FTTH-Cu;;';';;;;;;;710619;'20200326153604;49189;'1630000;'25;Aalmoezenierstraat;'66;';2000;Antwerpen;;'152227,177;'211519,422;';Y;NA;4;4;Unknown;Unknown;;None;;;';IFH_BATCH;'26/03/2020 14:56:27;;Y;;;;'26/03/2020 14:34:24;4;1834284;;LU;1;';';';';';Y;#A2/A02/;APPART;DEEL_APP_GEBOUW - PARTIE_IMMEUBLE_APP;APPART;;;';;';;Y;;;;'26/03/2020 14:34:24
;;;Zoning;6807712;'20200127134349;W03-C-Antwerpen-West-FH08;6807712;'20200127134349;W03-C-Antwerpen-West-FH08;19085;FTTH-Cu;;';';;;;;;;710619;'20200326153604;49189;'1630000;'25;Aalmoezenierstraat;'66;';2000;Antwerpen;;'152227,177;'211519,422;';Y;NA;4;4;Unknown;Unknown;;None;;;';IFH_BATCH;'26/03/2020 14:56:27;;Y;;;;'26/03/2020 14:34:24;5;1834292;;LU;1;';';';';';Y;#A2/B02/;APPART;DEEL_APP_GEBOUW - PARTIE_IMMEUBLE_APP;APPART;;;';;';;Y;;;;'26/03/2020 14:34:24
;;;Zoning;6807712;'20200127134349;W03-C-Antwerpen-West-FH08;6807712;'20200127134349;W03-C-Antwerpen-West-FH08;19085;FTTH-Cu;;';';;;;;;;710619;'20200326153604;49189;'1630000;'25;Aalmoezenierstraat;'66;';2000;Antwerpen;;'152227,177;'211519,422;';Y;NA;4;4;Unknown;Unknown;;None;;;';IFH_BATCH;'26/03/2020 14:56:27;;Y;;;;'26/03/2020 14:34:24;6;1834516;;LU;1;';';';';';Y;#AGV.1.2/AFZ.WONING/;APPART;DEEL_APP_GEBOUW - PARTIE_IMMEUBLE_APP;APPART;;;';;';;Y;;;;'26/03/2020 14:34:24
;;;Zoning;6807712;'20200127134349;W03-C-Antwerpen-West-FH08;6807712;'20200127134349;W03-C-Antwerpen-West-FH08;19085;FTTH-Cu;;';';;;;;;;710619;'20200326153604;49189;'1630000;'25;Aalmoezenierstraat;'66;';2000;Antwerpen;;'152227,177;'211519,422;';Y;NA;4;4;Unknown;Unknown;;None;;;';IFH_BATCH;'26/03/2020 14:56:27;;Y;;;;'26/03/2020 14:34:24;7;1834517;;LU;1;';';';';';Y;#AGV/A00-MEZZ/;APPART;DEEL_APP_GEBOUW - PARTIE_IMMEUBLE_APP;APPART;;;';;';;Y;;;;'26/03/2020 14:34:24
;;;Zoning;6807712;'20200127134349;W03-C-Antwerpen-West-FH08;6807712;'20200127134349;W03-C-Antwerpen-West-FH08;19085;FTTH-Cu;;';';;;;;;;710619;'20200326153604;49189;'1630000;'25;Aalmoezenierstraat;'66;';2000;Antwerpen;;'152227,177;'211519,422;';Y;NA;4;4;Unknown;Unknown;;None;;;';IFH_BATCH;'26/03/2020 14:56:27;;Y;;;;'26/03/2020 14:34:24;8;1834518;;LU;1;';';';';';Y;#AGV/B00-MEZZ/;APPART;DEEL_APP_GEBOUW - PARTIE_IMMEUBLE_APP;APPART;;;';;';;Y;;;;'26/03/2020 14:34:24
;;;Zoning;6807712;'20200127134349;W03-C-Antwerpen-West-FH08;6807712;'20200127134349;W03-C-Antwerpen-West-FH08;19085;FTTH-Cu;;';';;;;;;;710619;'20200326153604;49189;'1630000;'25;Aalmoezenierstraat;'66;';2000;Antwerpen;;'152227,177;'211519,422;';Y;NA;4;4;Unknown;Unknown;;None;;;';IFH_BATCH;'26/03/2020 14:56:27;;Y;;;;'26/03/2020 14:34:24;9;1834519;;LU;1;';';';';';Y;#AGV/C00-MEZZ/;APPART;DEEL_APP_GEBOUW - PARTIE_IMMEUBLE_APP;APPART;;;';;';;Y;;;;'26/03/2020 14:34:24
;;;Zoning;6807712;'20200127134349;W03-C-Antwerpen-West-FH08;6807712;'20200127134349;W03-C-Antwerpen-West-FH08;19085;FTTH-Cu;;';';;;;;;;710619;'20200326153604;49189;'1630000;'25;Aalmoezenierstraat;'66;';2000;Antwerpen;;'152227,177;'211519,422;';Y;NA;4;4;Unknown;Unknown;;None;;;';IFH_BATCH;'26/03/2020 14:56:27;;Y;;;;'26/03/2020 14:34:24;10;1834520;;LU;1;';';';';';Y;#AGV/D00/;APPART;DEEL_APP_GEBOUW - PARTIE_IMMEUBLE_APP;APPART;;;';;';;Y;;;;'26/03/2020 14:34:24
;;;Zoning;6807712;'20200127134349;W03-C-Antwerpen-West-FH08;6807712;'20200127134349;W03-C-Antwerpen-West-FH08;19085;FTTH-Cu;;';';;;;;;;710619;'20200326153604;49189;'1630000;'25;Aalmoezenierstraat;'66;';2000;Antwerpen;;'152227,177;'211519,422;';Y;NA;4;4;Unknown;Unknown;;None;;;';IFH_BATCH;'26/03/2020 14:56:27;;Y;;;;'26/03/2020 14:34:24;11;1834521;;LU;1;';';';';';Y;#AGV/E00/;APPART;DEEL_APP_GEBOUW - PARTIE_IMMEUBLE_APP;APPART;;;';;';;Y;;;;'26/03/2020 14:34:24
;;;Zoning;6807712;'20200127134349;W03-C-Antwerpen-West-FH08;6807712;'20200127134349;W03-C-Antwerpen-West-FH08;19085;FTTH-Cu;;';';;;;;;;710619;'20200326153604;49189;'1630000;'25;Aalmoezenierstraat;'66;';2000;Antwerpen;;'152227,177;'211519,422;';Y;NA;4;4;Unknown;Unknown;;None;;;';IFH_BATCH;'26/03/2020 14:56:27;;Y;;;;'26/03/2020 14:34:24;12;1834523;;LU;1;';';';';';Y;#ATV/D01-MEZZ/;APPART;DEEL_APP_GEBOUW - PARTIE_IMMEUBLE_APP;APPART;;;';;';;Y;;;;'26/03/2020 14:34:24
;;;Zoning;6807712;'20200127134349;W03-C-Antwerpen-West-FH08;6807712;'20200127134349;W03-C-Antwerpen-West-FH08;19085;FTTH-Cu;;';';;;;;;;710619;'20200326153604;49189;'1630000;'25;Aalmoezenierstraat;'66;';2000;Antwerpen;;'152227,177;'211519,422;';Y;NA;4;4;Unknown;Unknown;;None;;;';IFH_BATCH;'26/03/2020 14:56:27;;Y;;;;'26/03/2020 14:34:24;13;1834524;;LU;1;';';';';';Y;#ATV/D02/;APPART;DEEL_APP_GEBOUW - PARTIE_IMMEUBLE_APP;APPART;;;';;';;Y;;;;'26/03/2020 14:34:24
;;;Zoning;6807712;'20200127134349;W03-C-Antwerpen-West-FH08;6807712;'20200127134349;W03-C-Antwerpen-West-FH08;19085;FTTH-Cu;;';';;;;;;;710619;'20200326153604;49189;'1630000;'25;Aalmoezenierstraat;'66;';2000;Antwerpen;;'152227,177;'211519,422;';Y;NA;4;4;Unknown;Unknown;;None;;;';IFH_BATCH;'26/03/2020 14:56:27;;Y;;;;'26/03/2020 14:34:24;14;1834525;;LU;1;';';';';';Y;#ATV/E01-MEZZ/;APPART;DEEL_APP_GEBOUW - PARTIE_IMMEUBLE_APP;APPART;;;';;';;Y;;;;'26/03/2020 14:34:24
;;;Zoning;6807712;'20200127134349;W03-C-Antwerpen-West-FH08;6807712;'20200127134349;W03-C-Antwerpen-West-FH08;19085;FTTH-Cu;;';';;;;;;;710619;'20200326153604;49189;'1630000;'25;Aalmoezenierstraat;'66;';2000;Antwerpen;;'152227,177;'211519,422;';Y;NA;4;4;Unknown;Unknown;;None;;;';IFH_BATCH;'26/03/2020 14:56:27;;Y;;;;'26/03/2020 14:34:24;15;1834526;;LU;1;';';';';';Y;#ATV/E02/;APPART;DEEL_APP_GEBOUW - PARTIE_IMMEUBLE_APP;APPART;;;';;';;Y;;;;'26/03/2020 14:34:24
;;;Zoning;6807712;'20200127134349;W03-C-Antwerpen-West-FH08;6807712;'20200127134349;W03-C-Antwerpen-West-FH08;19085;FTTH-Cu;;';';;;;;;;621188;'20200326153608;1732195;'1630000;'25;Aalmoezenierstraat;'67;';2000;Antwerpen;;'152267,877;'211587,835;';Y;NA;4;4;Unknown;Unknown;;None;;;';IFH_BATCH;'26/03/2020 14:55:18;;Y;;;;'26/03/2020 14:34:24;1;1836192;;LU;1;';';';';';Y;;HOUSE;WONING - MAISON;NA;;;';;';;Y;;;;'26/03/2020 14:34:24
;;;Zoning;6807712;'20200127134349;W03-C-Antwerpen-West-FH08;6807712;'20200127134349;W03-C-Antwerpen-West-FH08;19085;FTTH-Cu;;';';;;;;;;621188;'20200326153608;1732195;'1630000;'25;Aalmoezenierstraat;'67;';2000;Antwerpen;;'152267,877;'211587,835;';Y;NA;4;4;Unknown;Unknown;;None;;;';IFH_BATCH;'26/03/2020 14:55:18;;Y;;;;'26/03/2020 14:34:24;2;1836193;;LU;1;';';';';';Y;;HOUSE;WONING - MAISON;NA;;;';;';;Y;;;;'26/03/2020 14:34:24
;;;Zoning;6807712;'20200127134349;W03-C-Antwerpen-West-FH08;6807712;'20200127134349;W03-C-Antwerpen-West-FH08;19085;FTTH-Cu;;';';;;;;;;621189;'20200326153608;1732196;'1630000;'25;Aalmoezenierstraat;'68;';2000;Antwerpen;;'152253,781;'211564,277;';Y;NA;4;4;Unknown;Unknown;;None;;;';IFH_BATCH;'26/03/2020 14:55:20;;Y;;;;'26/03/2020 14:34:24;1;1836558;;LU;1;';';';';';Y;#A.GV/1/G;APPART;DEEL_APP_GEBOUW - PARTIE_IMMEUBLE_APP;APPART;;;';;';;Y;;;;'26/03/2020 14:34:24
;;;Zoning;6807712;'20200127134349;W03-C-Antwerpen-West-FH08;6807712;'20200127134349;W03-C-Antwerpen-West-FH08;19085;FTTH-Cu;;';';;;;;;;621189;'20200326153608;1732196;'1630000;'25;Aalmoezenierstraat;'68;';2000;Antwerpen;;'152253,781;'211564,277;';Y;NA;4;4;Unknown;Unknown;;None;;;';IFH_BATCH;'26/03/2020 14:55:20;;Y;;;;'26/03/2020 14:34:24;2;1836604;;LU;1;';';';';';Y;#A1/2/;APPART;DEEL_APP_GEBOUW - PARTIE_IMMEUBLE_APP;APPART;;;';;';;Y;;;;'26/03/2020 14:34:24
;;;Zoning;6807712;'20200127134349;W03-C-Antwerpen-West-FH08;6807712;'20200127134349;W03-C-Antwerpen-West-FH08;19085;FTTH-Cu;;';';;;;;;;621189;'20200326153608;1732196;'1630000;'25;Aalmoezenierstraat;'68;';2000;Antwerpen;;'152253,781;'211564,277;';Y;NA;4;4;Unknown;Unknown;;None;;;';IFH_BATCH;'26/03/2020 14:55:20;;Y;;;;'26/03/2020 14:34:24;3;1836607;;LU;1;';';';';';Y;#A1/3/;APPART;DEEL_APP_GEBOUW - PARTIE_IMMEUBLE_APP;APPART;;;';;';;Y;;;;'26/03/2020 14:34:24
;;;Zoning;6807712;'20200127134349;W03-C-Antwerpen-West-FH08;6807712;'20200127134349;W03-C-Antwerpen-West-FH08;19085;FTTH-Cu;;';';;;;;;;621189;'20200326153608;1732196;'1630000;'25;Aalmoezenierstraat;'68;';2000;Antwerpen;;'152253,781;'211564,277;';Y;NA;4;4;Unknown;Unknown;;None;;;';IFH_BATCH;'26/03/2020 14:55:20;;Y;;;;'26/03/2020 14:34:24;4;1836676;;LU;1;';';';';';Y;#A2/4/;APPART;DEEL_APP_GEBOUW - PARTIE_IMMEUBLE_APP;APPART;;;';;';;Y;;;;'26/03/2020 14:34:24
;;;Zoning;6807712;'20200127134349;W03-C-Antwerpen-West-FH08;6807712;'20200127134349;W03-C-Antwerpen-West-FH08;19085;FTTH-Cu;;';';;;;;;;621189;'20200326153608;1732196;'1630000;'25;Aalmoezenierstraat;'68;';2000;Antwerpen;;'152253,781;'211564,277;';Y;NA;4;4;Unknown;Unknown;;None;;;';IFH_BATCH;'26/03/2020 14:55:20;;Y;;;;'26/03/2020 14:34:24;5;1836677;;LU;1;';';';';';Y;#A2/5/;APPART;DEEL_APP_GEBOUW - PARTIE_IMMEUBLE_APP;APPART;;;';;';;Y;;;;'26/03/2020 14:34:24
;;;Zoning;6807712;'20200127134349;W03-C-Antwerpen-West-FH08;6807712;'20200127134349;W03-C-Antwerpen-West-FH08;19085;FTTH-Cu;;';';;;;;;;621190;'20200326153608;1732197;'1630000;'25;Aalmoezenierstraat;'69;';2000;Antwerpen;;'152270,937;'211582,433;';Y;NA;4;4;Unknown;Unknown;;None;;;';IFH_BATCH;'26/03/2020 14:55:22;;Y;;;;'26/03/2020 14:34:24;1;1837650;;LU;1;';';';';';Y;#A/A/GV.A1/KA;APPART;DEEL_APP_GEBOUW - PARTIE_IMMEUBLE_APP;APPART;;;';;';;Y;;;;'26/03/2020 14:34:24
;;;Zoning;6807712;'20200127134349;W03-C-Antwerpen-West-FH08;6807712;'20200127134349;W03-C-Antwerpen-West-FH08;19085;FTTH-Cu;;';';;;;;;;621190;'20200326153608;1732197;'1630000;'25;Aalmoezenierstraat;'69;';2000;Antwerpen;;'152270,937;'211582,433;';Y;NA;4;4;Unknown;Unknown;;None;;;';IFH_BATCH;'26/03/2020 14:55:22;;Y;;;;'26/03/2020 14:34:24;2;1837651;;LU;1;';';';';';Y;#A/B/A2/KB;APPART;DEEL_APP_GEBOUW - PARTIE_IMMEUBLE_APP;APPART;;;';;';;Y;;;;'26/03/2020 14:34:24
;;;Zoning;6807712;'20200127134349;W03-C-Antwerpen-West-FH08;6807712;'20200127134349;W03-C-Antwerpen-West-FH08;19085;FTTH-Cu;;';';;;;;;;710616;'20200326153604;49186;'1630000;'25;Aalmoezenierstraat;'70;';2000;Antwerpen;;'152265,059;'211559,316;';Y;NA;2;4;Unknown;Unknown;;None;;;';IFH_BATCH;'26/03/2020 14:56:21;;Y;;;;'26/03/2020 14:34:24;1;1843525;;LU;1;';';';';';Y;;HOUSE;WONING - MAISON;NA;;;';;';;Y;;;;'26/03/2020 14:34:24
;;;Zoning;6807712;'20200127134349;W03-C-Antwerpen-West-FH08;6807712;'20200127134349;W03-C-Antwerpen-West-FH08;19085;FTTH-Cu;;';';;;;;;;621191;'20200326153608;1732199;'1630000;'25;Aalmoezenierstraat;'71;';2000;Antwerpen;;'152276,28;'211580,583;';Y;NA;2;4;Unknown;Unknown;;None;;;';IFH_BATCH;'26/03/2020 14:55:24;;Y;;;;'26/03/2020 14:34:24;1;10357888;;LU;1;';';';';';Y;;HOUSE;WONING - MAISON;NA;;;';;';;Y;;;;'26/03/2020 14:34:24
;;;Zoning;6807712;'20200127134349;W03-C-Antwerpen-West-FH08;6807712;'20200127134349;W03-C-Antwerpen-West-FH08;19085;FTTH-Cu;;';';;;;;;;31647631;'20200326153606;6524086;'1630000;'25;Aalmoezenierstraat;'72;';2000;Antwerpen;;'152264;'211561;';Y;NA;2;4;Unknown;Unknown;;None;;;';SSV_IMPORT;'26/03/2020 14:35:11;;Y;;;;'26/03/2020 14:34:24;1;11341235;;LU;1;';';';';';;;;;;;;';SSV_IMPORT;'26/03/2020 14:35:11;;Y;;;;'26/03/2020 14:34:24
;;;Zoning;6807712;'20200127134349;W03-C-Antwerpen-West-FH08;6807712;'20200127134349;W03-C-Antwerpen-West-FH08;19085;FTTH-Cu;;';';;;;;;;693712;'20200326153547;4139606;'1630000;'25;Aalmoezenierstraat;'74;';2000;Antwerpen;;'152273,129;'211561,063;';Y;NA;4;4;Unknown;Unknown;;None;;;';IFH_BATCH;'26/03/2020 14:55:49;;Y;;;;'26/03/2020 14:34:24;1;1847603;;BU;1;';';';';';Y;;CARE;ZORGINSTELLING - ETABLISSEMENT DE BIENFAISANCE;NA;;;';;';;Y;;;;'26/03/2020 14:34:24
;;;Zoning;6807712;'20200127134349;W03-C-Antwerpen-West-FH08;6807712;'20200127134349;W03-C-Antwerpen-West-FH08;19085;FTTH-Cu;;';';;;;;;;693712;'20200326153547;4139606;'1630000;'25;Aalmoezenierstraat;'74;';2000;Antwerpen;;'152273,129;'211561,063;';Y;NA;4;4;Unknown;Unknown;;None;;;';IFH_BATCH;'26/03/2020 14:55:49;;Y;;;;'26/03/2020 14:34:24;2;1847604;;BU;1;';';';';';Y;;CARE;ZORGINSTELLING - ETABLISSEMENT DE BIENFAISANCE;NA;;;';;';;Y;;;;'26/03/2020 14:34:24
;;;Zoning;6807712;'20200127134349;W03-C-Antwerpen-West-FH08;6807712;'20200127134349;W03-C-Antwerpen-West-FH08;19085;FTTH-Cu;;';';;;;;;;693712;'20200326153547;4139606;'1630000;'25;Aalmoezenierstraat;'74;';2000;Antwerpen;;'152273,129;'211561,063;';Y;NA;4;4;Unknown;Unknown;;None;;;';IFH_BATCH;'26/03/2020 14:55:49;;Y;;;;'26/03/2020 14:34:24;3;1847605;;BU;1;';';';';';Y;;CARE;ZORGINSTELLING - ETABLISSEMENT DE BIENFAISANCE;NA;;;';;';;Y;;;;'26/03/2020 14:34:24
;;;Zoning;6807712;'20200127134349;W03-C-Antwerpen-West-FH08;6807712;'20200127134349;W03-C-Antwerpen-West-FH08;19085;FTTH-Cu;;';';;;;;;;693712;'20200326153547;4139606;'1630000;'25;Aalmoezenierstraat;'74;';2000;Antwerpen;;'152273,129;'211561,063;';Y;NA;4;4;Unknown;Unknown;;None;;;';IFH_BATCH;'26/03/2020 14:55:49;;Y;;;;'26/03/2020 14:34:24;4;1847606;;BU;1;';';';';';Y;;CARE;ZORGINSTELLING - ETABLISSEMENT DE BIENFAISANCE;NA;;;';;';;Y;;;;'26/03/2020 14:34:24
;;;Zoning;6807712;'20200127134349;W03-C-Antwerpen-West-FH08;6807712;'20200127134349;W03-C-Antwerpen-West-FH08;19085;FTTH-Cu;;';';;;;;;;693712;'20200326153547;4139606;'1630000;'25;Aalmoezenierstraat;'74;';2000;Antwerpen;;'152273,129;'211561,063;';Y;NA;4;4;Unknown;Unknown;;None;;;';IFH_BATCH;'26/03/2020 14:55:49;;Y;;;;'26/03/2020 14:34:24;5;1847607;;BU;1;';';';';';Y;;CARE;ZORGINSTELLING - ETABLISSEMENT DE BIENFAISANCE;NA;;;';;';;Y;;;;'26/03/2020 14:34:24
;;;Zoning;6807712;'20200127134349;W03-C-Antwerpen-West-FH08;6807712;'20200127134349;W03-C-Antwerpen-West-FH08;19085;FTTH-Cu;;';';;;;;;;693712;'20200326153547;4139606;'1630000;'25;Aalmoezenierstraat;'74;';2000;Antwerpen;;'152273,129;'211561,063;';Y;NA;4;4;Unknown;Unknown;;None;;;';IFH_BATCH;'26/03/2020 14:55:49;;Y;;;;'26/03/2020 14:34:24;6;1847608;;BU;1;';';';';';Y;;CARE;ZORGINSTELLING - ETABLISSEMENT DE BIENFAISANCE;NA;;;';;';;Y;;;;'26/03/2020 14:34:24
;;;Zoning;6807712;'20200127134349;W03-C-Antwerpen-West-FH08;6807712;'20200127134349;W03-C-Antwerpen-West-FH08;19085;FTTH-Cu;;';';;;;;;;621193;'20200326153608;1732202;'1630000;'25;Aalmoezenierstraat;'75;';2000;Antwerpen;;'152283,54;'211580,994;';Y;NA;4;4;Unknown;Unknown;;None;;;';IFH_BATCH;'26/03/2020 14:55:26;;Y;;;;'26/03/2020 14:34:24;1;1847998;;LU;1;';';';';';Y;#A1/KAVEL 2/;APPART;DEEL_APP_GEBOUW - PARTIE_IMMEUBLE_APP;APPART;;;';;';;Y;;;;'26/03/2020 14:34:24
;;;Zoning;6807712;'20200127134349;W03-C-Antwerpen-West-FH08;6807712;'20200127134349;W03-C-Antwerpen-West-FH08;19085;FTTH-Cu;;';';;;;;;;621193;'20200326153608;1732202;'1630000;'25;Aalmoezenierstraat;'75;';2000;Antwerpen;;'152283,54;'211580,994;';Y;NA;4;4;Unknown;Unknown;;None;;;';IFH_BATCH;'26/03/2020 14:55:26;;Y;;;;'26/03/2020 14:34:24;2;1847999;;LU;1;';';';';';Y;#A1/KAVEL 3/;APPART;DEEL_APP_GEBOUW - PARTIE_IMMEUBLE_APP;APPART;;;';;';;Y;;;;'26/03/2020 14:34:24
;;;Zoning;6807712;'20200127134349;W03-C-Antwerpen-West-FH08;6807712;'20200127134349;W03-C-Antwerpen-West-FH08;19085;FTTH-Cu;;';';;;;;;;621193;'20200326153608;1732202;'1630000;'25;Aalmoezenierstraat;'75;';2000;Antwerpen;;'152283,54;'211580,994;';Y;NA;4;4;Unknown;Unknown;;None;;;';IFH_BATCH;'26/03/2020 14:55:26;;Y;;;;'26/03/2020 14:34:24;3;1848036;;LU;1;';';';';';Y;#A2/KAVEL 4/;APPART;DEEL_APP_GEBOUW - PARTIE_IMMEUBLE_APP;APPART;;;';;';;Y;;;;'26/03/2020 14:34:24
;;;Zoning;6807712;'20200127134349;W03-C-Antwerpen-West-FH08;6807712;'20200127134349;W03-C-Antwerpen-West-FH08;19085;FTTH-Cu;;';';;;;;;;621193;'20200326153608;1732202;'1630000;'25;Aalmoezenierstraat;'75;';2000;Antwerpen;;'152283,54;'211580,994;';Y;NA;4;4;Unknown;Unknown;;None;;;';IFH_BATCH;'26/03/2020 14:55:26;;Y;;;;'26/03/2020 14:34:24;4;1848037;;LU;1;';';';';';Y;#A2/KAVEL 5/;APPART;DEEL_APP_GEBOUW - PARTIE_IMMEUBLE_APP;APPART;;;';;';;Y;;;;'26/03/2020 14:34:24
;;;Zoning;6807712;'20200127134349;W03-C-Antwerpen-West-FH08;6807712;'20200127134349;W03-C-Antwerpen-West-FH08;19085;FTTH-Cu;;';';;;;;;;621193;'20200326153608;1732202;'1630000;'25;Aalmoezenierstraat;'75;';2000;Antwerpen;;'152283,54;'211580,994;';Y;NA;4;4;Unknown;Unknown;;None;;;';IFH_BATCH;'26/03/2020 14:55:26;;Y;;;;'26/03/2020 14:34:24;5;1848059;;LU;1;';';';';';Y;#A3/KAVEL 6/;APPART;DEEL_APP_GEBOUW - PARTIE_IMMEUBLE_APP;APPART;;;';;';;Y;;;;'26/03/2020 14:34:24
;;;Zoning;6807712;'20200127134349;W03-C-Antwerpen-West-FH08;6807712;'20200127134349;W03-C-Antwerpen-West-FH08;19085;FTTH-Cu;;';';;;;;;;621193;'20200326153608;1732202;'1630000;'25;Aalmoezenierstraat;'75;';2000;Antwerpen;;'152283,54;'211580,994;';Y;NA;4;4;Unknown;Unknown;;None;;;';IFH_BATCH;'26/03/2020 14:55:26;;Y;;;;'26/03/2020 14:34:24;6;1848134;;BU;1;';';';';';Y;#HA.GV/KAVEL 1/;APPART;DEEL_APP_GEBOUW - PARTIE_IMMEUBLE_APP;COMM;;;';;';;Y;;;;'26/03/2020 14:34:24
;;;Zoning;6807712;'20200127134349;W03-C-Antwerpen-West-FH08;6807712;'20200127134349;W03-C-Antwerpen-West-FH08;19085;FTTH-Cu;;';';;;;;;;31647634;'20200326153611;5768998;'1630000;'25;Aalmoezenierstraat;'75;'A;2000;Antwerpen;;'152288;'211585;';Y;NA;2;4;Unknown;Unknown;;None;;;';SSV_IMPORT;'26/03/2020 14:35:14;;Y;;;;'26/03/2020 14:34:24;1;11341236;;LU;1;';';';';';;;;;;;;';SSV_IMPORT;'26/03/2020 14:35:15;;Y;;;;'26/03/2020 14:34:24
;;;Zoning;6807712;'20200127134349;W03-C-Antwerpen-West-FH08;6807712;'20200127134349;W03-C-Antwerpen-West-FH08;19085;FTTH-Cu;;';';;;;;;;690661;'20200326153547;3918149;'1630000;'25;Aalmoezenierstraat;'76;';2000;Antwerpen;;'152278,197;'211560,583;';Y;NA;4;4;Unknown;Unknown;;None;;;';IFH_BATCH;'26/03/2020 14:55:39;;Y;;;;'26/03/2020 14:34:24;1;1849760;;LU;1;';';';';';Y;;APTBLD;APPARTEMENTSGEBOUW - IMMEUBLE A APPARTEMENTS;NA;;;';;';;Y;;;;'26/03/2020 14:34:24
;;;Zoning;6807712;'20200127134349;W03-C-Antwerpen-West-FH08;6807712;'20200127134349;W03-C-Antwerpen-West-FH08;19085;FTTH-Cu;;';';;;;;;;690661;'20200326153547;3918149;'1630000;'25;Aalmoezenierstraat;'76;';2000;Antwerpen;;'152278,197;'211560,583;';Y;NA;4;4;Unknown;Unknown;;None;;;';IFH_BATCH;'26/03/2020 14:55:39;;Y;;;;'26/03/2020 14:34:24;2;1849761;;LU;1;';';';';';Y;;APTBLD;APPARTEMENTSGEBOUW - IMMEUBLE A APPARTEMENTS;NA;;;';;';;Y;;;;'26/03/2020 14:34:24
;;;Zoning;6807712;'20200127134349;W03-C-Antwerpen-West-FH08;6807712;'20200127134349;W03-C-Antwerpen-West-FH08;19085;FTTH-Cu;;';';;;;;;;690661;'20200326153547;3918149;'1630000;'25;Aalmoezenierstraat;'76;';2000;Antwerpen;;'152278,197;'211560,583;';Y;NA;4;4;Unknown;Unknown;;None;;;';IFH_BATCH;'26/03/2020 14:55:39;;Y;;;;'26/03/2020 14:34:24;3;1849762;;LU;1;';';';';';Y;;APTBLD;APPARTEMENTSGEBOUW - IMMEUBLE A APPARTEMENTS;NA;;;';;';;Y;;;;'26/03/2020 14:34:24
;;;Zoning;6807712;'20200127134349;W03-C-Antwerpen-West-FH08;6807712;'20200127134349;W03-C-Antwerpen-West-FH08;19085;FTTH-Cu;;';';;;;;;;690661;'20200326153547;3918149;'1630000;'25;Aalmoezenierstraat;'76;';2000;Antwerpen;;'152278,197;'211560,583;';Y;NA;4;4;Unknown;Unknown;;None;;;';IFH_BATCH;'26/03/2020 14:55:39;;Y;;;;'26/03/2020 14:34:24;4;1849763;;LU;1;';';';';';Y;;APTBLD;APPARTEMENTSGEBOUW - IMMEUBLE A APPARTEMENTS;NA;;;';;';;Y;;;;'26/03/2020 14:34:24
;;;Zoning;6807712;'20200127134349;W03-C-Antwerpen-West-FH08;6807712;'20200127134349;W03-C-Antwerpen-West-FH08;19085;FTTH-Cu;;';';;;;;;;621194;'20200326153608;1732203;'1630000;'25;Aalmoezenierstraat;'77;';2000;Antwerpen;;'152289,293;'211579,145;';Y;NA;2;4;Unknown;Unknown;;None;;;';IFH_BATCH;'26/03/2020 14:55:28;;Y;;;;'26/03/2020 14:34:24;1;1850664;;LU;1;';';';';';Y;;HOUSE;WONING - MAISON;NA;;;';;';;Y;;;;'26/03/2020 14:34:24
;;;Zoning;6807712;'20200127134349;W03-C-Antwerpen-West-FH08;6807712;'20200127134349;W03-C-Antwerpen-West-FH08;19085;FTTH-Cu;;';';;;;;;;621195;'20200326153608;1732204;'1630000;'25;Aalmoezenierstraat;'78;';2000;Antwerpen;;'152284,499;'211559,898;';Y;NA;2;4;Unknown;Unknown;;None;;;';IFH_BATCH;'26/03/2020 14:55:31;;Y;;;;'26/03/2020 14:34:24;1;1851618;;LU;1;';';';';';Y;;HOUSE;WONING - MAISON;NA;;;';;';;Y;;;;'26/03/2020 14:34:24
;;;Zoning;6807712;'20200127134349;W03-C-Antwerpen-West-FH08;6807712;'20200127134349;W03-C-Antwerpen-West-FH08;19085;FTTH-Cu;;';';;;;;;;31647636;'20200326153611;4507669;'1630000;'25;Aalmoezenierstraat;'79;';2000;Antwerpen;;'152295;'211577;';Y;NA;4;4;Unknown;Unknown;;None;;;';SSV_IMPORT;'26/03/2020 14:35:18;;Y;;;;'26/03/2020 14:34:24;1;11341237;;LU;1;';';';';';;;;;;;;';SSV_IMPORT;'26/03/2020 14:35:18;;Y;;;;'26/03/2020 14:34:24
;;;Zoning;6807712;'20200127134349;W03-C-Antwerpen-West-FH08;6807712;'20200127134349;W03-C-Antwerpen-West-FH08;19085;FTTH-Cu;;';';;;;;;;31647636;'20200326153611;4507669;'1630000;'25;Aalmoezenierstraat;'79;';2000;Antwerpen;;'152295;'211577;';Y;NA;4;4;Unknown;Unknown;;None;;;';SSV_IMPORT;'26/03/2020 14:35:18;;Y;;;;'26/03/2020 14:34:24;2;11341238;;LU;1;';';';';';;;;;;;;';SSV_IMPORT;'26/03/2020 14:35:19;;Y;;;;'26/03/2020 14:34:24
;;;Zoning;6807712;'20200127134349;W03-C-Antwerpen-West-FH08;6807712;'20200127134349;W03-C-Antwerpen-West-FH08;19085;FTTH-Cu;;';';;;;;;;31647636;'20200326153611;4507669;'1630000;'25;Aalmoezenierstraat;'79;';2000;Antwerpen;;'152295;'211577;';Y;NA;4;4;Unknown;Unknown;;None;;;';SSV_IMPORT;'26/03/2020 14:35:18;;Y;;;;'26/03/2020 14:34:24;3;11341239;;LU;1;';';';';';;;;;;;;';SSV_IMPORT;'26/03/2020 14:35:19;;Y;;;;'26/03/2020 14:34:24
;;;Zoning;6807712;'20200127134349;W03-C-Antwerpen-West-FH08;6807712;'20200127134349;W03-C-Antwerpen-West-FH08;19085;FTTH-Cu;;';';;;;;;;621196;'20200326153608;1732206;'1630000;'25;Aalmoezenierstraat;'80;';2000;Antwerpen;;'152288,814;'211559,693;';Y;NA;4;4;Unknown;Unknown;;None;;;';IFH_BATCH;'26/03/2020 14:55:33;;Y;;;;'26/03/2020 14:34:24;1;1857464;;LU;1;';';';';';Y;;HOUSE;WONING - MAISON;NA;;;';;';;Y;;;;'26/03/2020 14:34:24
;;;Zoning;6807712;'20200127134349;W03-C-Antwerpen-West-FH08;6807712;'20200127134349;W03-C-Antwerpen-West-FH08;19085;FTTH-Cu;;';';;;;;;;621196;'20200326153608;1732206;'1630000;'25;Aalmoezenierstraat;'80;';2000;Antwerpen;;'152288,814;'211559,693;';Y;NA;4;4;Unknown;Unknown;;None;;;';IFH_BATCH;'26/03/2020 14:55:33;;Y;;;;'26/03/2020 14:34:24;2;1857465;;LU;1;';';';';';Y;;HOUSE;WONING - MAISON;NA;;;';;';;Y;;;;'26/03/2020 14:34:24
;;;Zoning;6807712;'20200127134349;W03-C-Antwerpen-West-FH08;6807712;'20200127134349;W03-C-Antwerpen-West-FH08;19085;FTTH-Cu;;';';;;;;;;621196;'20200326153608;1732206;'1630000;'25;Aalmoezenierstraat;'80;';2000;Antwerpen;;'152288,814;'211559,693;';Y;NA;4;4;Unknown;Unknown;;None;;;';IFH_BATCH;'26/03/2020 14:55:33;;Y;;;;'26/03/2020 14:34:24;3;1857466;;LU;1;';';';';';Y;;HOUSE;WONING - MAISON;NA;;;';;';;Y;;;;'26/03/2020 14:34:24
;;;Zoning;6807712;'20200127134349;W03-C-Antwerpen-West-FH08;6807712;'20200127134349;W03-C-Antwerpen-West-FH08;19085;FTTH-Cu;;';';;;;;;;621196;'20200326153608;1732206;'1630000;'25;Aalmoezenierstraat;'80;';2000;Antwerpen;;'152288,814;'211559,693;';Y;NA;4;4;Unknown;Unknown;;None;;;';IFH_BATCH;'26/03/2020 14:55:33;;Y;;;;'26/03/2020 14:34:24;4;1857467;;LU;1;';';';';';Y;;HOUSE;WONING - MAISON;NA;;;';;';;Y;;;;'26/03/2020 14:34:24
;;;Zoning;6807712;'20200127134349;W03-C-Antwerpen-West-FH08;6807712;'20200127134349;W03-C-Antwerpen-West-FH08;19085;FTTH-Cu;;';';;;;;;;621196;'20200326153608;1732206;'1630000;'25;Aalmoezenierstraat;'80;';2000;Antwerpen;;'152288,814;'211559,693;';Y;NA;4;4;Unknown;Unknown;;None;;;';IFH_BATCH;'26/03/2020 14:55:33;;Y;;;;'26/03/2020 14:34:24;5;1857468;;LU;1;';';';';';Y;;HOUSE;WONING - MAISON;NA;;;';;';;Y;;;;'26/03/2020 14:34:24
;;;Zoning;6807712;'20200127134349;W03-C-Antwerpen-West-FH08;6807712;'20200127134349;W03-C-Antwerpen-West-FH08;19085;FTTH-Cu;;';';;;;;;;710622;'20200326153604;49192;'1630000;'25;Aalmoezenierstraat;'81;';2000;Antwerpen;;'152297,855;'211578,049;';Y;NA;2;4;Unknown;Unknown;;None;;;';IFH_BATCH;'26/03/2020 14:56:37;;Y;;;;'26/03/2020 14:34:24;1;1857887;;LU;1;';';';';';Y;#A3/KAVEL 5/;APPART;DEEL_APP_GEBOUW - PARTIE_IMMEUBLE_APP;APPART;;;';;';;Y;;;;'26/03/2020 14:34:24
;;;Zoning;6807712;'20200127134349;W03-C-Antwerpen-West-FH08;6807712;'20200127134349;W03-C-Antwerpen-West-FH08;19085;FTTH-Cu;;';';;;;;;;710617;'20200326153604;49187;'1630000;'25;Aalmoezenierstraat;'82;';2000;Antwerpen;;'152294,91;'211559,35;';Y;NA;4;4;Unknown;Unknown;;None;;;';IFH_BATCH;'26/03/2020 14:56:23;;Y;;;;'26/03/2020 14:34:24;1;1859234;;LU;1;';';';';';Y;;APTBLD;APPARTEMENTSGEBOUW - IMMEUBLE A APPARTEMENTS;NA;;;';;';;Y;;;;'26/03/2020 14:34:24
;;;Zoning;6807712;'20200127134349;W03-C-Antwerpen-West-FH08;6807712;'20200127134349;W03-C-Antwerpen-West-FH08;19085;FTTH-Cu;;';';;;;;;;710617;'20200326153604;49187;'1630000;'25;Aalmoezenierstraat;'82;';2000;Antwerpen;;'152294,91;'211559,35;';Y;NA;4;4;Unknown;Unknown;;None;;;';IFH_BATCH;'26/03/2020 14:56:23;;Y;;;;'26/03/2020 14:34:24;2;1859235;;LU;1;';';';';';Y;;APTBLD;APPARTEMENTSGEBOUW - IMMEUBLE A APPARTEMENTS;NA;;;';;';;Y;;;;'26/03/2020 14:34:24
;;;Zoning;6807712;'20200127134349;W03-C-Antwerpen-West-FH08;6807712;'20200127134349;W03-C-Antwerpen-West-FH08;19085;FTTH-Cu;;';';;;;;;;31647639;'20200326153611;5454728;'1630000;'25;Aalmoezenierstraat;'84;';2000;Antwerpen;;'152295;'211561;';Y;NA;2;4;Unknown;Unknown;;None;;;';SSV_IMPORT;'26/03/2020 14:35:22;;Y;;;;'26/03/2020 14:34:24;1;11341240;;LU;1;';';';';';;;;;;;;';SSV_IMPORT;'26/03/2020 14:35:23;;Y;;;;'26/03/2020 14:34:24
;;;Zoning;6807712;'20200127134349;W03-C-Antwerpen-West-FH08;6807712;'20200127134349;W03-C-Antwerpen-West-FH08;19085;FTTH-Cu;;';';;;;;;;31648109;'20200326153558;5322754;'1630000;'1640;Begijnenstraat;'2;';2000;Antwerpen;;'152299;'211559;';Y;NA;2;4;Unknown;Unknown;;None;;;';SSV_IMPORT;'26/03/2020 14:48:12;;Y;;;;'26/03/2020 14:34:24;1;11341488;;LU;1;';';';';';;;;;;;;';SSV_IMPORT;'26/03/2020 14:48:14;;Y;;;;'26/03/2020 14:34:24
;;;Zoning;6807712;'20200127134349;W03-C-Antwerpen-West-FH08;6807712;'20200127134349;W03-C-Antwerpen-West-FH08;19085;FTTH-Cu;;';';;;;;;;626198;'20200326153553;1739656;'1630000;'1640;Begijnenstraat;'4;';2000;Antwerpen;;'152299,43;'211558,528;';Y;NA;2;4;Unknown;Unknown;;None;;;';IFH_BATCH;'26/03/2020 14:51:25;;Y;;;;'26/03/2020 14:34:24;1;1775841;;BU;1;';';';';';Y;;COMM;HANDELSZAAK - COMMERCE;NA;;;';;';;Y;;;;'26/03/2020 14:34:24
;;;Zoning;6807712;'20200127134349;W03-C-Antwerpen-West-FH08;6807712;'20200127134349;W03-C-Antwerpen-West-FH08;19085;FTTH-Cu;;';';;;;;;;626200;'20200326153553;1739658;'1630000;'1640;Begijnenstraat;'8;';2000;Antwerpen;;'152289,156;'211542,912;';Y;NA;4;4;Unknown;Unknown;;None;;;';IFH_BATCH;'26/03/2020 14:51:28;;Y;;;;'26/03/2020 14:34:24;1;1852961;;LU;1;';';';';';Y;#A.GV/L.D01/K7.8-S10;APPART;DEEL_APP_GEBOUW - PARTIE_IMMEUBLE_APP;APPART;;;';;';;Y;;;;'26/03/2020 14:34:24
;;;Zoning;6807712;'20200127134349;W03-C-Antwerpen-West-FH08;6807712;'20200127134349;W03-C-Antwerpen-West-FH08;19085;FTTH-Cu;;';';;;;;;;626200;'20200326153553;1739658;'1630000;'1640;Begijnenstraat;'8;';2000;Antwerpen;;'152289,156;'211542,912;';Y;NA;4;4;Unknown;Unknown;;None;;;';IFH_BATCH;'26/03/2020 14:51:28;;Y;;;;'26/03/2020 14:34:24;2;1852977;;LU;1;';';';';';Y;#A.GV/R.E02/S8;APPART;DEEL_APP_GEBOUW - PARTIE_IMMEUBLE_APP;APPART;;;';;';;Y;;;;'26/03/2020 14:34:24
;;;Zoning;6807712;'20200127134349;W03-C-Antwerpen-West-FH08;6807712;'20200127134349;W03-C-Antwerpen-West-FH08;19085;FTTH-Cu;;';';;;;;;;626200;'20200326153553;1739658;'1630000;'1640;Begijnenstraat;'8;';2000;Antwerpen;;'152289,156;'211542,912;';Y;NA;4;4;Unknown;Unknown;;None;;;';IFH_BATCH;'26/03/2020 14:51:28;;Y;;;;'26/03/2020 14:34:24;3;1853188;;LU;1;';';';';';Y;#A1/L.A11/K6-S9;APPART;DEEL_APP_GEBOUW - PARTIE_IMMEUBLE_APP;APPART;;;';;';;Y;;;;'26/03/2020 14:34:24
;;;Zoning;6807712;'20200127134349;W03-C-Antwerpen-West-FH08;6807712;'20200127134349;W03-C-Antwerpen-West-FH08;19085;FTTH-Cu;;';';;;;;;;626200;'20200326153553;1739658;'1630000;'1640;Begijnenstraat;'8;';2000;Antwerpen;;'152289,156;'211542,912;';Y;NA;4;4;Unknown;Unknown;;None;;;';IFH_BATCH;'26/03/2020 14:51:28;;Y;;;;'26/03/2020 14:34:24;4;1853223;;LU;1;';';';';';Y;#A1/M.C13/;APPART;DEEL_APP_GEBOUW - PARTIE_IMMEUBLE_APP;APPART;;;';;';;Y;;;;'26/03/2020 14:34:24
;;;Zoning;6807712;'20200127134349;W03-C-Antwerpen-West-FH08;6807712;'20200127134349;W03-C-Antwerpen-West-FH08;19085;FTTH-Cu;;';';;;;;;;626200;'20200326153553;1739658;'1630000;'1640;Begijnenstraat;'8;';2000;Antwerpen;;'152289,156;'211542,912;';Y;NA;4;4;Unknown;Unknown;;None;;;';IFH_BATCH;'26/03/2020 14:51:28;;Y;;;;'26/03/2020 14:34:24;5;1853230;;LU;1;';';';';';Y;#A1/R.B12/S12;APPART;DEEL_APP_GEBOUW - PARTIE_IMMEUBLE_APP;APPART;;;';;';;Y;;;;'26/03/2020 14:34:24
;;;Zoning;6807712;'20200127134349;W03-C-Antwerpen-West-FH08;6807712;'20200127134349;W03-C-Antwerpen-West-FH08;19085;FTTH-Cu;;';';;;;;;;626200;'20200326153553;1739658;'1630000;'1640;Begijnenstraat;'8;';2000;Antwerpen;;'152289,156;'211542,912;';Y;NA;4;4;Unknown;Unknown;;None;;;';IFH_BATCH;'26/03/2020 14:51:28;;Y;;;;'26/03/2020 14:34:24;6;1853464;;LU;1;';';';';';Y;#A2/L.A21/;APPART;DEEL_APP_GEBOUW - PARTIE_IMMEUBLE_APP;APPART;;;';;';;Y;;;;'26/03/2020 14:34:24
;;;Zoning;6807712;'20200127134349;W03-C-Antwerpen-West-FH08;6807712;'20200127134349;W03-C-Antwerpen-West-FH08;19085;FTTH-Cu;;';';;;;;;;626200;'20200326153553;1739658;'1630000;'1640;Begijnenstraat;'8;';2000;Antwerpen;;'152289,156;'211542,912;';Y;NA;4;4;Unknown;Unknown;;None;;;';IFH_BATCH;'26/03/2020 14:51:28;;Y;;;;'26/03/2020 14:34:24;7;1853497;;LU;1;';';';';';Y;#A2/M.C23/;APPART;DEEL_APP_GEBOUW - PARTIE_IMMEUBLE_APP;APPART;;;';;';;Y;;;;'26/03/2020 14:34:24
;;;Zoning;6807712;'20200127134349;W03-C-Antwerpen-West-FH08;6807712;'20200127134349;W03-C-Antwerpen-West-FH08;19085;FTTH-Cu;;';';;;;;;;626200;'20200326153553;1739658;'1630000;'1640;Begijnenstraat;'8;';2000;Antwerpen;;'152289,156;'211542,912;';Y;NA;4;4;Unknown;Unknown;;None;;;';IFH_BATCH;'26/03/2020 14:51:28;;Y;;;;'26/03/2020 14:34:24;8;1853504;;LU;1;';';';';';Y;#A2/R.B22/S1;APPART;DEEL_APP_GEBOUW - PARTIE_IMMEUBLE_APP;APPART;;;';;';;Y;;;;'26/03/2020 14:34:24
;;;Zoning;6807712;'20200127134349;W03-C-Antwerpen-West-FH08;6807712;'20200127134349;W03-C-Antwerpen-West-FH08;19085;FTTH-Cu;;';';;;;;;;626200;'20200326153553;1739658;'1630000;'1640;Begijnenstraat;'8;';2000;Antwerpen;;'152289,156;'211542,912;';Y;NA;4;4;Unknown;Unknown;;None;;;';IFH_BATCH;'26/03/2020 14:51:28;;Y;;;;'26/03/2020 14:34:24;9;1853656;;LU;1;';';';';';Y;#A3/L.A31/S2;APPART;DEEL_APP_GEBOUW - PARTIE_IMMEUBLE_APP;APPART;;;';;';;Y;;;;'26/03/2020 14:34:24
;;;Zoning;6807712;'20200127134349;W03-C-Antwerpen-West-FH08;6807712;'20200127134349;W03-C-Antwerpen-West-FH08;19085;FTTH-Cu;;';';;;;;;;626200;'20200326153553;1739658;'1630000;'1640;Begijnenstraat;'8;';2000;Antwerpen;;'152289,156;'211542,912;';Y;NA;4;4;Unknown;Unknown;;None;;;';IFH_BATCH;'26/03/2020 14:51:28;;Y;;;;'26/03/2020 14:34:24;10;1853676;;LU;1;';';';';';Y;#A3/M.C33/;APPART;DEEL_APP_GEBOUW - PARTIE_IMMEUBLE_APP;APPART;;;';;';;Y;;;;'26/03/2020 14:34:24
;;;Zoning;6807712;'20200127134349;W03-C-Antwerpen-West-FH08;6807712;'20200127134349;W03-C-Antwerpen-West-FH08;19085;FTTH-Cu;;';';;;;;;;626200;'20200326153553;1739658;'1630000;'1640;Begijnenstraat;'8;';2000;Antwerpen;;'152289,156;'211542,912;';Y;NA;4;4;Unknown;Unknown;;None;;;';IFH_BATCH;'26/03/2020 14:51:28;;Y;;;;'26/03/2020 14:34:24;11;1853681;;LU;1;';';';';';Y;#A3/R.B32/;APPART;DEEL_APP_GEBOUW - PARTIE_IMMEUBLE_APP;APPART;;;';;';;Y;;;;'26/03/2020 14:34:24
;;;Zoning;6807712;'20200127134349;W03-C-Antwerpen-West-FH08;6807712;'20200127134349;W03-C-Antwerpen-West-FH08;19085;FTTH-Cu;;';';;;;;;;626200;'20200326153553;1739658;'1630000;'1640;Begijnenstraat;'8;';2000;Antwerpen;;'152289,156;'211542,912;';Y;NA;4;4;Unknown;Unknown;;None;;;';IFH_BATCH;'26/03/2020 14:51:28;;Y;;;;'26/03/2020 14:34:24;12;1853718;;LU;1;';';';';';Y;#A4.5/L.F41/K1-S3;APPART;DEEL_APP_GEBOUW - PARTIE_IMMEUBLE_APP;APPART;;;';;';;Y;;;;'26/03/2020 14:34:24
;;;Zoning;6807712;'20200127134349;W03-C-Antwerpen-West-FH08;6807712;'20200127134349;W03-C-Antwerpen-West-FH08;19085;FTTH-Cu;;';';;;;;;;626200;'20200326153553;1739658;'1630000;'1640;Begijnenstraat;'8;';2000;Antwerpen;;'152289,156;'211542,912;';Y;NA;4;4;Unknown;Unknown;;None;;;';IFH_BATCH;'26/03/2020 14:51:28;;Y;;;;'26/03/2020 14:34:24;13;1853719;;LU;1;';';';';';Y;#A4.5/R.G42/K5-S5;APPART;DEEL_APP_GEBOUW - PARTIE_IMMEUBLE_APP;APPART;;;';;';;Y;;;;'26/03/2020 14:34:24
;;;Zoning;6807712;'20200127134349;W03-C-Antwerpen-West-FH08;6807712;'20200127134349;W03-C-Antwerpen-West-FH08;19085;FTTH-Cu;;';';;;;;;;706711;'20200326153601;4507723;'1630000;'1640;Begijnenstraat;'22;';2000;Antwerpen;;'152283,608;'211526,405;';Y;NA;4;4;Unknown;Unknown;;None;;;';IFH_BATCH;'26/03/2020 14:51:44;;Y;;;;'26/03/2020 14:34:24;1;1708449;;BU;1;';';';';';Y;;COMM;HANDELSZAAK - COMMERCE;NA;;;';;';;Y;;;;'26/03/2020 14:34:24
;;;Zoning;6807712;'20200127134349;W03-C-Antwerpen-West-FH08;6807712;'20200127134349;W03-C-Antwerpen-West-FH08;19085;FTTH-Cu;;';';;;;;;;706711;'20200326153601;4507723;'1630000;'1640;Begijnenstraat;'22;';2000;Antwerpen;;'152283,608;'211526,405;';Y;NA;4;4;Unknown;Unknown;;None;;;';IFH_BATCH;'26/03/2020 14:51:44;;Y;;;;'26/03/2020 14:34:24;2;1708450;;BU;1;';';';';';Y;;COMM;HANDELSZAAK - COMMERCE;NA;;;';;';;Y;;;;'26/03/2020 14:34:24
;;;Zoning;6807712;'20200127134349;W03-C-Antwerpen-West-FH08;6807712;'20200127134349;W03-C-Antwerpen-West-FH08;19085;FTTH-Cu;;';';;;;;;;706711;'20200326153601;4507723;'1630000;'1640;Begijnenstraat;'22;';2000;Antwerpen;;'152283,608;'211526,405;';Y;NA;4;4;Unknown;Unknown;;None;;;';IFH_BATCH;'26/03/2020 14:51:44;;Y;;;;'26/03/2020 14:34:24;3;1708451;;BU;1;';';';';';Y;;COMM;HANDELSZAAK - COMMERCE;NA;;;';;';;Y;;;;'26/03/2020 14:34:24
;;;Zoning;6807712;'20200127134349;W03-C-Antwerpen-West-FH08;6807712;'20200127134349;W03-C-Antwerpen-West-FH08;19085;FTTH-Cu;;';';;;;;;;31648110;'20200326153558;1739664;'1630000;'1640;Begijnenstraat;'24;';2000;Antwerpen;;'152285;'211525;';Y;NA;4;4;Unknown;Unknown;;None;;;';SSV_IMPORT;'26/03/2020 14:48:22;;Y;;;;'26/03/2020 14:34:24;1;11341489;;LU;1;';';';';';;;;;;;;';SSV_IMPORT;'26/03/2020 14:48:24;;Y;;;;'26/03/2020 14:34:24
;;;Zoning;6807712;'20200127134349;W03-C-Antwerpen-West-FH08;6807712;'20200127134349;W03-C-Antwerpen-West-FH08;19085;FTTH-Cu;;';';;;;;;;31648110;'20200326153558;1739664;'1630000;'1640;Begijnenstraat;'24;';2000;Antwerpen;;'152285;'211525;';Y;NA;4;4;Unknown;Unknown;;None;;;';SSV_IMPORT;'26/03/2020 14:48:22;;Y;;;;'26/03/2020 14:34:24;2;11341490;;LU;1;';';';';';;;;;;;;';SSV_IMPORT;'26/03/2020 14:48:25;;Y;;;;'26/03/2020 14:34:24
;;;Zoning;6807712;'20200127134349;W03-C-Antwerpen-West-FH08;6807712;'20200127134349;W03-C-Antwerpen-West-FH08;19085;FTTH-Cu;;';';;;;;;;31648110;'20200326153558;1739664;'1630000;'1640;Begijnenstraat;'24;';2000;Antwerpen;;'152285;'211525;';Y;NA;4;4;Unknown;Unknown;;None;;;';SSV_IMPORT;'26/03/2020 14:48:22;;Y;;;;'26/03/2020 14:34:24;3;11341491;;LU;1;';';';';';;;;;;;;';SSV_IMPORT;'26/03/2020 14:48:26;;Y;;;;'26/03/2020 14:34:24
;;;Zoning;6807712;'20200127134349;W03-C-Antwerpen-West-FH08;6807712;'20200127134349;W03-C-Antwerpen-West-FH08;19085;FTTH-Cu;;';';;;;;;;626204;'20200326153553;1739665;'1630000;'1640;Begijnenstraat;'26;';2000;Antwerpen;;'152282,102;'211519,35;';Y;NA;4;4;Unknown;Unknown;;None;;;';IFH_BATCH;'26/03/2020 14:51:31;;Y;;;;'26/03/2020 14:34:24;1;1725203;;LU;1;';';';';';Y;;HOUSE;WONING - MAISON;NA;;;';;';;Y;;;;'26/03/2020 14:34:24
;;;Zoning;6807712;'20200127134349;W03-C-Antwerpen-West-FH08;6807712;'20200127134349;W03-C-Antwerpen-West-FH08;19085;FTTH-Cu;;';';;;;;;;626204;'20200326153553;1739665;'1630000;'1640;Begijnenstraat;'26;';2000;Antwerpen;;'152282,102;'211519,35;';Y;NA;4;4;Unknown;Unknown;;None;;;';IFH_BATCH;'26/03/2020 14:51:31;;Y;;;;'26/03/2020 14:34:24;2;1725204;;LU;1;';';';';';Y;;HOUSE;WONING - MAISON;NA;;;';;';;Y;;;;'26/03/2020 14:34:24
;;;Zoning;6807712;'20200127134349;W03-C-Antwerpen-West-FH08;6807712;'20200127134349;W03-C-Antwerpen-West-FH08;19085;FTTH-Cu;;';';;;;;;;626204;'20200326153553;1739665;'1630000;'1640;Begijnenstraat;'26;';2000;Antwerpen;;'152282,102;'211519,35;';Y;NA;4;4;Unknown;Unknown;;None;;;';IFH_BATCH;'26/03/2020 14:51:31;;Y;;;;'26/03/2020 14:34:24;3;1725205;;LU;1;';';';';';Y;;HOUSE;WONING - MAISON;NA;;;';;';;Y;;;;'26/03/2020 14:34:24
;;;Zoning;6807712;'20200127134349;W03-C-Antwerpen-West-FH08;6807712;'20200127134349;W03-C-Antwerpen-West-FH08;19085;FTTH-Cu;;';';;;;;;;31648113;'20200326153558;5786959;'1630000;'1640;Begijnenstraat;'40;';2000;Antwerpen;;'152268;'211470;';Y;NA;2;4;Unknown;Unknown;;None;;;';SSV_IMPORT;'26/03/2020 14:48:30;;Y;;;;'26/03/2020 14:34:24;1;11341492;;LU;1;';';';';';;;;;;;;';SSV_IMPORT;'26/03/2020 14:48:31;;Y;;;;'26/03/2020 14:34:24
;;;Zoning;6807712;'20200127134349;W03-C-Antwerpen-West-FH08;6807712;'20200127134349;W03-C-Antwerpen-West-FH08;19085;FTTH-Cu;;';';;;;;;;710607;'20200326153603;49172;'1630000;'1640;Begijnenstraat;'42;';2000;Antwerpen;;'152251,69;'211429,35;';Y;NA;4;4;Unknown;Unknown;;None;;;';IFH_BATCH;'26/03/2020 14:51:50;;Y;;;;'26/03/2020 14:34:24;1;1783350;;BU;1;';';';';';Y;;PUBL;OPENBAAR GEBOUW - BATIMENT PUBLIC;NA;;;';;';;Y;;;;'26/03/2020 14:34:24
;;;Zoning;6807712;'20200127134349;W03-C-Antwerpen-West-FH08;6807712;'20200127134349;W03-C-Antwerpen-West-FH08;19085;FTTH-Cu;;';';;;;;;;710607;'20200326153603;49172;'1630000;'1640;Begijnenstraat;'42;';2000;Antwerpen;;'152251,69;'211429,35;';Y;NA;4;4;Unknown;Unknown;;None;;;';IFH_BATCH;'26/03/2020 14:51:50;;Y;;;;'26/03/2020 14:34:24;2;1783351;;BU;1;';';';';';Y;;PUBL;OPENBAAR GEBOUW - BATIMENT PUBLIC;NA;;;';;';;Y;;;;'26/03/2020 14:34:24
;;;Zoning;6807712;'20200127134349;W03-C-Antwerpen-West-FH08;6807712;'20200127134349;W03-C-Antwerpen-West-FH08;19085;FTTH-Cu;;';';;;;;;;710607;'20200326153603;49172;'1630000;'1640;Begijnenstraat;'42;';2000;Antwerpen;;'152251,69;'211429,35;';Y;NA;4;4;Unknown;Unknown;;None;;;';IFH_BATCH;'26/03/2020 14:51:50;;Y;;;;'26/03/2020 14:34:24;3;1783352;;BU;1;';';';';';Y;;PUBL;OPENBAAR GEBOUW - BATIMENT PUBLIC;NA;;;';;';;Y;;;;'26/03/2020 14:34:24
;;;Zoning;6807712;'20200127134349;W03-C-Antwerpen-West-FH08;6807712;'20200127134349;W03-C-Antwerpen-West-FH08;19085;FTTH-Cu;;';';;;;;;;710607;'20200326153603;49172;'1630000;'1640;Begijnenstraat;'42;';2000;Antwerpen;;'152251,69;'211429,35;';Y;NA;4;4;Unknown;Unknown;;None;;;';IFH_BATCH;'26/03/2020 14:51:50;;Y;;;;'26/03/2020 14:34:24;4;1783353;;BU;1;';';';';';Y;;PUBL;OPENBAAR GEBOUW - BATIMENT PUBLIC;NA;;;';;';;Y;;;;'26/03/2020 14:34:24
;;;Zoning;6807712;'20200127134349;W03-C-Antwerpen-West-FH08;6807712;'20200127134349;W03-C-Antwerpen-West-FH08;19085;FTTH-Cu;;';';;;;;;;710606;'20200326153603;49170;'1630000;'1640;Begijnenstraat;'54;';2000;Antwerpen;;'152244,225;'211405,377;';Y;NA;4;4;Unknown;Unknown;;None;;;';IFH_BATCH;'26/03/2020 14:51:46;;Y;;;;'26/03/2020 14:34:24;1;1811652;;LU;1;';';';';';Y;#A1/LOT 3/;APPART;DEEL_APP_GEBOUW - PARTIE_IMMEUBLE_APP;APPART;;;';;';;Y;;;;'26/03/2020 14:34:24
;;;Zoning;6807712;'20200127134349;W03-C-Antwerpen-West-FH08;6807712;'20200127134349;W03-C-Antwerpen-West-FH08;19085;FTTH-Cu;;';';;;;;;;710606;'20200326153603;49170;'1630000;'1640;Begijnenstraat;'54;';2000;Antwerpen;;'152244,225;'211405,377;';Y;NA;4;4;Unknown;Unknown;;None;;;';IFH_BATCH;'26/03/2020 14:51:46;;Y;;;;'26/03/2020 14:34:24;2;1811670;;LU;1;';';';';';Y;#A2.3/LOT 4/;APPART;DEEL_APP_GEBOUW - PARTIE_IMMEUBLE_APP;APPART;;;';;';;Y;;;;'26/03/2020 14:34:24
;;;Zoning;6807712;'20200127134349;W03-C-Antwerpen-West-FH08;6807712;'20200127134349;W03-C-Antwerpen-West-FH08;19085;FTTH-Cu;;';';;;;;;;710606;'20200326153603;49170;'1630000;'1640;Begijnenstraat;'54;';2000;Antwerpen;;'152244,225;'211405,377;';Y;NA;4;4;Unknown;Unknown;;None;;;';IFH_BATCH;'26/03/2020 14:51:46;;Y;;;;'26/03/2020 14:34:24;3;1811907;;LU;1;';';';';';Y;#ACHTERHUIS/LOT 2/;APPART;DEEL_APP_GEBOUW - PARTIE_IMMEUBLE_APP;APPART;;;';;';;Y;;;;'26/03/2020 14:34:24
;;;Zoning;6807712;'20200127134349;W03-C-Antwerpen-West-FH08;6807712;'20200127134349;W03-C-Antwerpen-West-FH08;19085;FTTH-Cu;;';';;;;;;;710606;'20200326153603;49170;'1630000;'1640;Begijnenstraat;'54;';2000;Antwerpen;;'152244,225;'211405,377;';Y;NA;4;4;Unknown;Unknown;;None;;;';IFH_BATCH;'26/03/2020 14:51:46;;Y;;;;'26/03/2020 14:34:24;4;1812040;;BU;1;';';';';';Y;#HA.GV/LOT 1/K;APPART;DEEL_APP_GEBOUW - PARTIE_IMMEUBLE_APP;COMM;;;';;';;Y;;;;'26/03/2020 14:34:24
;;;Zoning;6807712;'20200127134349;W03-C-Antwerpen-West-FH08;6807712;'20200127134349;W03-C-Antwerpen-West-FH08;19085;FTTH-Cu;;';';;;;;;;31648120;'20200326153558;1739674;'1630000;'1640;Begijnenstraat;'56;';2000;Antwerpen;;'152246;'211403;';Y;NA;2;4;Unknown;Unknown;;None;;;';SSV_IMPORT;'26/03/2020 14:48:40;;Y;;;;'26/03/2020 14:34:24;1;11341493;;LU;1;';';';';';;;;;;;;';SSV_IMPORT;'26/03/2020 14:48:41;;Y;;;;'26/03/2020 14:34:24
;;;Zoning;6807712;'20200127134349;W03-C-Antwerpen-West-FH08;6807712;'20200127134349;W03-C-Antwerpen-West-FH08;19085;FTTH-Cu;;';';;;;;;;626211;'20200326153553;1739675;'1630000;'1640;Begijnenstraat;'58;';2000;Antwerpen;;'152242,375;'211399,486;';Y;NA;4;4;Unknown;Unknown;;None;;;';IFH_BATCH;'26/03/2020 14:51:34;;Y;;;;'26/03/2020 14:34:24;1;1818731;;LU;1;';';';';';Y;;APTBLD;APPARTEMENTSGEBOUW - IMMEUBLE A APPARTEMENTS;NA;;;';;';;Y;;;;'26/03/2020 14:34:24
;;;Zoning;6807712;'20200127134349;W03-C-Antwerpen-West-FH08;6807712;'20200127134349;W03-C-Antwerpen-West-FH08;19085;FTTH-Cu;;';';;;;;;;626211;'20200326153553;1739675;'1630000;'1640;Begijnenstraat;'58;';2000;Antwerpen;;'152242,375;'211399,486;';Y;NA;4;4;Unknown;Unknown;;None;;;';IFH_BATCH;'26/03/2020 14:51:34;;Y;;;;'26/03/2020 14:34:24;2;1818732;;LU;1;';';';';';Y;;APTBLD;APPARTEMENTSGEBOUW - IMMEUBLE A APPARTEMENTS;NA;;;';;';;Y;;;;'26/03/2020 14:34:24
;;;Zoning;6807712;'20200127134349;W03-C-Antwerpen-West-FH08;6807712;'20200127134349;W03-C-Antwerpen-West-FH08;19085;FTTH-Cu;;';';;;;;;;626211;'20200326153553;1739675;'1630000;'1640;Begijnenstraat;'58;';2000;Antwerpen;;'152242,375;'211399,486;';Y;NA;4;4;Unknown;Unknown;;None;;;';IFH_BATCH;'26/03/2020 14:51:34;;Y;;;;'26/03/2020 14:34:24;3;1818733;;LU;1;';';';';';Y;;APTBLD;APPARTEMENTSGEBOUW - IMMEUBLE A APPARTEMENTS;NA;;;';;';;Y;;;;'26/03/2020 14:34:24
;;;Zoning;6807712;'20200127134349;W03-C-Antwerpen-West-FH08;6807712;'20200127134349;W03-C-Antwerpen-West-FH08;19085;FTTH-Cu;;';';;;;;;;626211;'20200326153553;1739675;'1630000;'1640;Begijnenstraat;'58;';2000;Antwerpen;;'152242,375;'211399,486;';Y;NA;4;4;Unknown;Unknown;;None;;;';IFH_BATCH;'26/03/2020 14:51:34;;Y;;;;'26/03/2020 14:34:24;4;1818734;;LU;1;';';';';';Y;;APTBLD;APPARTEMENTSGEBOUW - IMMEUBLE A APPARTEMENTS;NA;;;';;';;Y;;;;'26/03/2020 14:34:24
;;;Zoning;6807712;'20200127134349;W03-C-Antwerpen-West-FH08;6807712;'20200127134349;W03-C-Antwerpen-West-FH08;19085;FTTH-Cu;;';';;;;;;;626211;'20200326153553;1739675;'1630000;'1640;Begijnenstraat;'58;';2000;Antwerpen;;'152242,375;'211399,486;';Y;NA;4;4;Unknown;Unknown;;None;;;';IFH_BATCH;'26/03/2020 14:51:34;;Y;;;;'26/03/2020 14:34:24;5;1818735;;LU;1;';';';';';Y;;APTBLD;APPARTEMENTSGEBOUW - IMMEUBLE A APPARTEMENTS;NA;;;';;';;Y;;;;'26/03/2020 14:34:24
;;;Zoning;6807712;'20200127134349;W03-C-Antwerpen-West-FH08;6807712;'20200127134349;W03-C-Antwerpen-West-FH08;19085;FTTH-Cu;;';';;;;;;;626211;'20200326153553;1739675;'1630000;'1640;Begijnenstraat;'58;';2000;Antwerpen;;'152242,375;'211399,486;';Y;NA;4;4;Unknown;Unknown;;None;;;';IFH_BATCH;'26/03/2020 14:51:34;;Y;;;;'26/03/2020 14:34:24;6;1818736;;LU;1;';';';';';Y;;APTBLD;APPARTEMENTSGEBOUW - IMMEUBLE A APPARTEMENTS;NA;;;';;';;Y;;;;'26/03/2020 14:34:24
;;;Zoning;6807712;'20200127134349;W03-C-Antwerpen-West-FH08;6807712;'20200127134349;W03-C-Antwerpen-West-FH08;19085;FTTH-Cu;;';';;;;;;;626211;'20200326153553;1739675;'1630000;'1640;Begijnenstraat;'58;';2000;Antwerpen;;'152242,375;'211399,486;';Y;NA;4;4;Unknown;Unknown;;None;;;';IFH_BATCH;'26/03/2020 14:51:34;;Y;;;;'26/03/2020 14:34:24;7;1818737;;LU;1;';';';';';Y;;APTBLD;APPARTEMENTSGEBOUW - IMMEUBLE A APPARTEMENTS;NA;;;';;';;Y;;;;'26/03/2020 14:34:24
;;;Zoning;6807712;'20200127134349;W03-C-Antwerpen-West-FH08;6807712;'20200127134349;W03-C-Antwerpen-West-FH08;19085;FTTH-Cu;;';';;;;;;;626211;'20200326153553;1739675;'1630000;'1640;Begijnenstraat;'58;';2000;Antwerpen;;'152242,375;'211399,486;';Y;NA;4;4;Unknown;Unknown;;None;;;';IFH_BATCH;'26/03/2020 14:51:34;;Y;;;;'26/03/2020 14:34:24;8;1818738;;LU;1;';';';';';Y;;APTBLD;APPARTEMENTSGEBOUW - IMMEUBLE A APPARTEMENTS;NA;;;';;';;Y;;;;'26/03/2020 14:34:24
;;;Zoning;6807712;'20200127134349;W03-C-Antwerpen-West-FH08;6807712;'20200127134349;W03-C-Antwerpen-West-FH08;19085;FTTH-Cu;;';';;;;;;;626211;'20200326153553;1739675;'1630000;'1640;Begijnenstraat;'58;';2000;Antwerpen;;'152242,375;'211399,486;';Y;NA;4;4;Unknown;Unknown;;None;;;';IFH_BATCH;'26/03/2020 14:51:34;;Y;;;;'26/03/2020 14:34:24;9;1818739;;LU;1;';';';';';Y;;APTBLD;APPARTEMENTSGEBOUW - IMMEUBLE A APPARTEMENTS;NA;;;';;';;Y;;;;'26/03/2020 14:34:24
;;;Zoning;6807712;'20200127134349;W03-C-Antwerpen-West-FH08;6807712;'20200127134349;W03-C-Antwerpen-West-FH08;19085;FTTH-Cu;;';';;;;;;;626211;'20200326153553;1739675;'1630000;'1640;Begijnenstraat;'58;';2000;Antwerpen;;'152242,375;'211399,486;';Y;NA;4;4;Unknown;Unknown;;None;;;';IFH_BATCH;'26/03/2020 14:51:34;;Y;;;;'26/03/2020 14:34:24;10;1818740;;LU;1;';';';';';Y;;APTBLD;APPARTEMENTSGEBOUW - IMMEUBLE A APPARTEMENTS;NA;;;';;';;Y;;;;'26/03/2020 14:34:24
;;;Zoning;6807712;'20200127134349;W03-C-Antwerpen-West-FH08;6807712;'20200127134349;W03-C-Antwerpen-West-FH08;19085;FTTH-Cu;;';';;;;;;;626211;'20200326153553;1739675;'1630000;'1640;Begijnenstraat;'58;';2000;Antwerpen;;'152242,375;'211399,486;';Y;NA;4;4;Unknown;Unknown;;None;;;';IFH_BATCH;'26/03/2020 14:51:34;;Y;;;;'26/03/2020 14:34:24;11;1818741;;LU;1;';';';';';Y;;APTBLD;APPARTEMENTSGEBOUW - IMMEUBLE A APPARTEMENTS;NA;;;';;';;Y;;;;'26/03/2020 14:34:24
;;;Zoning;6807712;'20200127134349;W03-C-Antwerpen-West-FH08;6807712;'20200127134349;W03-C-Antwerpen-West-FH08;19085;FTTH-Cu;;';';;;;;;;626212;'20200326153553;1739676;'1630000;'1640;Begijnenstraat;'60;';2000;Antwerpen;;'152242,444;'211394,349;';Y;NA;4;4;Unknown;Unknown;;None;;;';IFH_BATCH;'26/03/2020 14:51:35;;Y;;;;'26/03/2020 14:34:24;1;1826594;;LU;1;';';';';';Y;;HOUSE;WONING - MAISON;NA;;;';;';;Y;;;;'26/03/2020 14:34:24
;;;Zoning;6807712;'20200127134349;W03-C-Antwerpen-West-FH08;6807712;'20200127134349;W03-C-Antwerpen-West-FH08;19085;FTTH-Cu;;';';;;;;;;626212;'20200326153553;1739676;'1630000;'1640;Begijnenstraat;'60;';2000;Antwerpen;;'152242,444;'211394,349;';Y;NA;4;4;Unknown;Unknown;;None;;;';IFH_BATCH;'26/03/2020 14:51:35;;Y;;;;'26/03/2020 14:34:24;2;1826595;;LU;1;';';';';';Y;;HOUSE;WONING - MAISON;NA;;;';;';;Y;;;;'26/03/2020 14:34:24
;;;Zoning;6807712;'20200127134349;W03-C-Antwerpen-West-FH08;6807712;'20200127134349;W03-C-Antwerpen-West-FH08;19085;FTTH-Cu;;';';;;;;;;626214;'20200326153553;1739678;'1630000;'1640;Begijnenstraat;'62;';2000;Antwerpen;;'152240,937;'211387,774;';Y;NA;4;4;Unknown;Unknown;;None;;;';IFH_BATCH;'26/03/2020 14:51:37;;Y;;;;'26/03/2020 14:34:24;1;1828835;;LU;1;';';';';';Y;#A.GV/K;APPART;DEEL_APP_GEBOUW - PARTIE_IMMEUBLE_APP;APPART;;;';;';;Y;;;;'26/03/2020 14:34:24
;;;Zoning;6807712;'20200127134349;W03-C-Antwerpen-West-FH08;6807712;'20200127134349;W03-C-Antwerpen-West-FH08;19085;FTTH-Cu;;';';;;;;;;626214;'20200326153553;1739678;'1630000;'1640;Begijnenstraat;'62;';2000;Antwerpen;;'152240,937;'211387,774;';Y;NA;4;4;Unknown;Unknown;;None;;;';IFH_BATCH;'26/03/2020 14:51:37;;Y;;;;'26/03/2020 14:34:24;2;1828887;;LU;1;';';';';';Y;#A1/K1/;APPART;DEEL_APP_GEBOUW - PARTIE_IMMEUBLE_APP;APPART;;;';;';;Y;;;;'26/03/2020 14:34:24
;;;Zoning;6807712;'20200127134349;W03-C-Antwerpen-West-FH08;6807712;'20200127134349;W03-C-Antwerpen-West-FH08;19085;FTTH-Cu;;';';;;;;;;626214;'20200326153553;1739678;'1630000;'1640;Begijnenstraat;'62;';2000;Antwerpen;;'152240,937;'211387,774;';Y;NA;4;4;Unknown;Unknown;;None;;;';IFH_BATCH;'26/03/2020 14:51:37;;Y;;;;'26/03/2020 14:34:24;3;1828892;;LU;1;';';';';';Y;#A1/K2/;APPART;DEEL_APP_GEBOUW - PARTIE_IMMEUBLE_APP;APPART;;;';;';;Y;;;;'26/03/2020 14:34:24
;;;Zoning;6807712;'20200127134349;W03-C-Antwerpen-West-FH08;6807712;'20200127134349;W03-C-Antwerpen-West-FH08;19085;FTTH-Cu;;';';;;;;;;626214;'20200326153553;1739678;'1630000;'1640;Begijnenstraat;'62;';2000;Antwerpen;;'152240,937;'211387,774;';Y;NA;4;4;Unknown;Unknown;;None;;;';IFH_BATCH;'26/03/2020 14:51:37;;Y;;;;'26/03/2020 14:34:24;4;1828894;;LU;1;';';';';';Y;#A1/K3/;APPART;DEEL_APP_GEBOUW - PARTIE_IMMEUBLE_APP;APPART;;;';;';;Y;;;;'26/03/2020 14:34:24
;;;Zoning;6807712;'20200127134349;W03-C-Antwerpen-West-FH08;6807712;'20200127134349;W03-C-Antwerpen-West-FH08;19085;FTTH-Cu;;';';;;;;;;626214;'20200326153553;1739678;'1630000;'1640;Begijnenstraat;'62;';2000;Antwerpen;;'152240,937;'211387,774;';Y;NA;4;4;Unknown;Unknown;;None;;;';IFH_BATCH;'26/03/2020 14:51:37;;Y;;;;'26/03/2020 14:34:24;5;1828948;;LU;1;';';';';';Y;#A2/K1/;APPART;DEEL_APP_GEBOUW - PARTIE_IMMEUBLE_APP;APPART;;;';;';;Y;;;;'26/03/2020 14:34:24
;;;Zoning;6807712;'20200127134349;W03-C-Antwerpen-West-FH08;6807712;'20200127134349;W03-C-Antwerpen-West-FH08;19085;FTTH-Cu;;';';;;;;;;626214;'20200326153553;1739678;'1630000;'1640;Begijnenstraat;'62;';2000;Antwerpen;;'152240,937;'211387,774;';Y;NA;4;4;Unknown;Unknown;;None;;;';IFH_BATCH;'26/03/2020 14:51:37;;Y;;;;'26/03/2020 14:34:24;6;1828950;;LU;1;';';';';';Y;#A2/K2/;APPART;DEEL_APP_GEBOUW - PARTIE_IMMEUBLE_APP;APPART;;;';;';;Y;;;;'26/03/2020 14:34:24
;;;Zoning;6807712;'20200127134349;W03-C-Antwerpen-West-FH08;6807712;'20200127134349;W03-C-Antwerpen-West-FH08;19085;FTTH-Cu;;';';;;;;;;626214;'20200326153553;1739678;'1630000;'1640;Begijnenstraat;'62;';2000;Antwerpen;;'152240,937;'211387,774;';Y;NA;4;4;Unknown;Unknown;;None;;;';IFH_BATCH;'26/03/2020 14:51:37;;Y;;;;'26/03/2020 14:34:24;7;1828956;;LU;1;';';';';';Y;#A2/K3/;APPART;DEEL_APP_GEBOUW - PARTIE_IMMEUBLE_APP;APPART;;;';;';;Y;;;;'26/03/2020 14:34:24
;;;Zoning;6807712;'20200127134349;W03-C-Antwerpen-West-FH08;6807712;'20200127134349;W03-C-Antwerpen-West-FH08;19085;FTTH-Cu;;';';;;;;;;626214;'20200326153553;1739678;'1630000;'1640;Begijnenstraat;'62;';2000;Antwerpen;;'152240,937;'211387,774;';Y;NA;4;4;Unknown;Unknown;;None;;;';IFH_BATCH;'26/03/2020 14:51:37;;Y;;;;'26/03/2020 14:34:24;8;1828993;;LU;1;';';';';';Y;#A3/K1/;APPART;DEEL_APP_GEBOUW - PARTIE_IMMEUBLE_APP;APPART;;;';;';;Y;;;;'26/03/2020 14:34:24
;;;Zoning;6807712;'20200127134349;W03-C-Antwerpen-West-FH08;6807712;'20200127134349;W03-C-Antwerpen-West-FH08;19085;FTTH-Cu;;';';;;;;;;626214;'20200326153553;1739678;'1630000;'1640;Begijnenstraat;'62;';2000;Antwerpen;;'152240,937;'211387,774;';Y;NA;4;4;Unknown;Unknown;;None;;;';IFH_BATCH;'26/03/2020 14:51:37;;Y;;;;'26/03/2020 14:34:24;9;1828995;;LU;1;';';';';';Y;#A3/K2/;APPART;DEEL_APP_GEBOUW - PARTIE_IMMEUBLE_APP;APPART;;;';;';;Y;;;;'26/03/2020 14:34:24
;;;Zoning;6807712;'20200127134349;W03-C-Antwerpen-West-FH08;6807712;'20200127134349;W03-C-Antwerpen-West-FH08;19085;FTTH-Cu;;';';;;;;;;626214;'20200326153553;1739678;'1630000;'1640;Begijnenstraat;'62;';2000;Antwerpen;;'152240,937;'211387,774;';Y;NA;4;4;Unknown;Unknown;;None;;;';IFH_BATCH;'26/03/2020 14:51:37;;Y;;;;'26/03/2020 14:34:24;10;1828996;;LU;1;';';';';';Y;#A3/K3/;APPART;DEEL_APP_GEBOUW - PARTIE_IMMEUBLE_APP;APPART;;;';;';;Y;;;;'26/03/2020 14:34:24
;;;Zoning;6807712;'20200127134349;W03-C-Antwerpen-West-FH08;6807712;'20200127134349;W03-C-Antwerpen-West-FH08;19085;FTTH-Cu;;';';;;;;;;626214;'20200326153553;1739678;'1630000;'1640;Begijnenstraat;'62;';2000;Antwerpen;;'152240,937;'211387,774;';Y;NA;4;4;Unknown;Unknown;;None;;;';IFH_BATCH;'26/03/2020 14:51:37;;Y;;;;'26/03/2020 14:34:24;11;1829009;;LU;1;';';';';';Y;#A4/;APPART;DEEL_APP_GEBOUW - PARTIE_IMMEUBLE_APP;APPART;;;';;';;Y;;;;'26/03/2020 14:34:24
;;;Zoning;6807712;'20200127134349;W03-C-Antwerpen-West-FH08;6807712;'20200127134349;W03-C-Antwerpen-West-FH08;19085;FTTH-Cu;;';';;;;;;;31648121;'20200326153558;4507697;'1630000;'1640;Begijnenstraat;'64;';2000;Antwerpen;;'152244;'211386;';Y;NA;2;4;Unknown;Unknown;;None;;;';SSV_IMPORT;'26/03/2020 14:48:46;;Y;;;;'26/03/2020 14:34:24;1;11341494;;LU;1;';';';';';;;;;;;;';SSV_IMPORT;'26/03/2020 14:48:47;;Y;;;;'26/03/2020 14:34:24
;;;Zoning;6807712;'20200127134349;W03-C-Antwerpen-West-FH08;6807712;'20200127134349;W03-C-Antwerpen-West-FH08;19085;FTTH-Cu;;';';;;;;;;626216;'20200326153553;1739681;'1630000;'1640;Begijnenstraat;'66;';2000;Antwerpen;;'152239,91;'211377,5;';Y;NA;4;4;Unknown;Unknown;;None;;;';IFH_BATCH;'26/03/2020 14:51:40;;Y;;;;'26/03/2020 14:34:24;1;1834178;;LU;1;';';';';';Y;#A1/1A/;APPART;DEEL_APP_GEBOUW - PARTIE_IMMEUBLE_APP;APPART;;;';;';;Y;;;;'26/03/2020 14:34:24
;;;Zoning;6807712;'20200127134349;W03-C-Antwerpen-West-FH08;6807712;'20200127134349;W03-C-Antwerpen-West-FH08;19085;FTTH-Cu;;';';;;;;;;626216;'20200326153553;1739681;'1630000;'1640;Begijnenstraat;'66;';2000;Antwerpen;;'152239,91;'211377,5;';Y;NA;4;4;Unknown;Unknown;;None;;;';IFH_BATCH;'26/03/2020 14:51:40;;Y;;;;'26/03/2020 14:34:24;2;1834179;;LU;1;';';';';';Y;#A1/1B/;APPART;DEEL_APP_GEBOUW - PARTIE_IMMEUBLE_APP;APPART;;;';;';;Y;;;;'26/03/2020 14:34:24
;;;Zoning;6807712;'20200127134349;W03-C-Antwerpen-West-FH08;6807712;'20200127134349;W03-C-Antwerpen-West-FH08;19085;FTTH-Cu;;';';;;;;;;626216;'20200326153553;1739681;'1630000;'1640;Begijnenstraat;'66;';2000;Antwerpen;;'152239,91;'211377,5;';Y;NA;4;4;Unknown;Unknown;;None;;;';IFH_BATCH;'26/03/2020 14:51:40;;Y;;;;'26/03/2020 14:34:24;3;1834268;;LU;1;';';';';';Y;#A2/2A/;APPART;DEEL_APP_GEBOUW - PARTIE_IMMEUBLE_APP;APPART;;;';;';;Y;;;;'26/03/2020 14:34:24
;;;Zoning;6807712;'20200127134349;W03-C-Antwerpen-West-FH08;6807712;'20200127134349;W03-C-Antwerpen-West-FH08;19085;FTTH-Cu;;';';;;;;;;626216;'20200326153553;1739681;'1630000;'1640;Begijnenstraat;'66;';2000;Antwerpen;;'152239,91;'211377,5;';Y;NA;4;4;Unknown;Unknown;;None;;;';IFH_BATCH;'26/03/2020 14:51:40;;Y;;;;'26/03/2020 14:34:24;4;1834269;;LU;1;';';';';';Y;#A2/2B/;APPART;DEEL_APP_GEBOUW - PARTIE_IMMEUBLE_APP;APPART;;;';;';;Y;;;;'26/03/2020 14:34:24
;;;Zoning;6807712;'20200127134349;W03-C-Antwerpen-West-FH08;6807712;'20200127134349;W03-C-Antwerpen-West-FH08;19085;FTTH-Cu;;';';;;;;;;626216;'20200326153553;1739681;'1630000;'1640;Begijnenstraat;'66;';2000;Antwerpen;;'152239,91;'211377,5;';Y;NA;4;4;Unknown;Unknown;;None;;;';IFH_BATCH;'26/03/2020 14:51:40;;Y;;;;'26/03/2020 14:34:24;5;1834341;;LU;1;';';';';';Y;#A3/3B/;APPART;DEEL_APP_GEBOUW - PARTIE_IMMEUBLE_APP;APPART;;;';;';;Y;;;;'26/03/2020 14:34:24
;;;Zoning;6807712;'20200127134349;W03-C-Antwerpen-West-FH08;6807712;'20200127134349;W03-C-Antwerpen-West-FH08;19085;FTTH-Cu;;';';;;;;;;626216;'20200326153553;1739681;'1630000;'1640;Begijnenstraat;'66;';2000;Antwerpen;;'152239,91;'211377,5;';Y;NA;4;4;Unknown;Unknown;;None;;;';IFH_BATCH;'26/03/2020 14:51:40;;Y;;;;'26/03/2020 14:34:24;6;1834351;;LU;1;';';';';';Y;#A3/A/;APPART;DEEL_APP_GEBOUW - PARTIE_IMMEUBLE_APP;APPART;;;';;';;Y;;;;'26/03/2020 14:34:24
;;;Zoning;6807712;'20200127134349;W03-C-Antwerpen-West-FH08;6807712;'20200127134349;W03-C-Antwerpen-West-FH08;19085;FTTH-Cu;;';';;;;;;;626216;'20200326153553;1739681;'1630000;'1640;Begijnenstraat;'66;';2000;Antwerpen;;'152239,91;'211377,5;';Y;NA;4;4;Unknown;Unknown;;None;;;';IFH_BATCH;'26/03/2020 14:51:40;;Y;;;;'26/03/2020 14:34:24;7;1834397;;LU;1;';';';';';Y;#A4/A.B/;APPART;DEEL_APP_GEBOUW - PARTIE_IMMEUBLE_APP;APPART;;;';;';;Y;;;;'26/03/2020 14:34:24
;;;Zoning;6807712;'20200127134349;W03-C-Antwerpen-West-FH08;6807712;'20200127134349;W03-C-Antwerpen-West-FH08;19085;FTTH-Cu;;';';;;;;;;626216;'20200326153553;1739681;'1630000;'1640;Begijnenstraat;'66;';2000;Antwerpen;;'152239,91;'211377,5;';Y;NA;4;4;Unknown;Unknown;;None;;;';IFH_BATCH;'26/03/2020 14:51:40;;Y;;;;'26/03/2020 14:34:24;8;1834557;;BU;1;';';';';';Y;#HA.GV/WINKEL GVL/;APPART;DEEL_APP_GEBOUW - PARTIE_IMMEUBLE_APP;COMM;;;';;';;Y;;;;'26/03/2020 14:34:24
;;;Zoning;6807712;'20200127134349;W03-C-Antwerpen-West-FH08;6807712;'20200127134349;W03-C-Antwerpen-West-FH08;19085;FTTH-Cu;;';';;;;;;;31648127;'20200326153559;49169;'1630000;'1640;Begijnenstraat;'68;';2000;Antwerpen;;'152241;'211375;';Y;NA;2;4;Unknown;Unknown;;None;;;';SSV_IMPORT;'26/03/2020 14:48:52;;Y;;;;'26/03/2020 14:34:24;1;11341495;;LU;1;';';';';';;;;;;;;';SSV_IMPORT;'26/03/2020 14:48:54;;Y;;;;'26/03/2020 14:34:24
;;;Zoning;6807712;'20200127134349;W03-C-Antwerpen-West-FH08;6807712;'20200127134349;W03-C-Antwerpen-West-FH08;19085;FTTH-Cu;;';';;;;;;;626217;'20200326153553;1739682;'1630000;'1640;Begijnenstraat;'72;';2000;Antwerpen;;'152237,786;'211343,664;';Y;NA;4;4;Unknown;Unknown;;None;;;';IFH_BATCH;'26/03/2020 14:51:42;;Y;;;;'26/03/2020 14:34:24;1;1845610;;LU;1;';';';';';Y;;HOUSE;WONING - MAISON;NA;;;';;';;Y;;;;'26/03/2020 14:34:24
;;;Zoning;6807712;'20200127134349;W03-C-Antwerpen-West-FH08;6807712;'20200127134349;W03-C-Antwerpen-West-FH08;19085;FTTH-Cu;;';';;;;;;;626217;'20200326153553;1739682;'1630000;'1640;Begijnenstraat;'72;';2000;Antwerpen;;'152237,786;'211343,664;';Y;NA;4;4;Unknown;Unknown;;None;;;';IFH_BATCH;'26/03/2020 14:51:42;;Y;;;;'26/03/2020 14:34:24;2;1845611;;LU;1;';';';';';Y;;HOUSE;WONING - MAISON;NA;;;';;';;Y;;;;'26/03/2020 14:34:24
;;;Zoning;6807712;'20200127134349;W03-C-Antwerpen-West-FH08;6807712;'20200127134349;W03-C-Antwerpen-West-FH08;19085;FTTH-Cu;;';';;;;;;;626217;'20200326153553;1739682;'1630000;'1640;Begijnenstraat;'72;';2000;Antwerpen;;'152237,786;'211343,664;';Y;NA;4;4;Unknown;Unknown;;None;;;';IFH_BATCH;'26/03/2020 14:51:42;;Y;;;;'26/03/2020 14:34:24;3;1845612;;LU;1;';';';';';Y;;HOUSE;WONING - MAISON;NA;;;';;';;Y;;;;'26/03/2020 14:34:24
;;;Zoning;6807712;'20200127134349;W03-C-Antwerpen-West-FH08;6807712;'20200127134349;W03-C-Antwerpen-West-FH08;19085;FTTH-Cu;;';';;;;;;;726423;'20200326153559;978269;'1630000;'1640;Begijnenstraat;'74;';2000;Antwerpen;;'152237,786;'211337,089;';Y;NA;4;4;Unknown;Unknown;;None;;;';IFH_BATCH;'26/03/2020 14:51:52;;Y;;;;'26/03/2020 14:34:24;1;1847601;;LU;1;';';';';';Y;;HOUSE;WONING - MAISON;NA;;;';;';;Y;;;;'26/03/2020 14:34:24
;;;Zoning;6807712;'20200127134349;W03-C-Antwerpen-West-FH08;6807712;'20200127134349;W03-C-Antwerpen-West-FH08;19085;FTTH-Cu;;';';;;;;;;726423;'20200326153559;978269;'1630000;'1640;Begijnenstraat;'74;';2000;Antwerpen;;'152237,786;'211337,089;';Y;NA;4;4;Unknown;Unknown;;None;;;';IFH_BATCH;'26/03/2020 14:51:52;;Y;;;;'26/03/2020 14:34:24;2;1847602;;LU;1;';';';';';Y;;HOUSE;WONING - MAISON;NA;;;';;';;Y;;;;'26/03/2020 14:34:24
;;;Zoning;6807712;'20200127134349;W03-C-Antwerpen-West-FH08;6807712;'20200127134349;W03-C-Antwerpen-West-FH08;19085;FTTH-Cu;;';';;;;;;;714745;'20200326153600;60902;'1630000;'3076;Bogaardestraat;'2;';2000;Antwerpen;;'152196,627;'211743,139;';Y;NA;4;4;Unknown;Unknown;;None;;;';IFH_BATCH;'26/03/2020 15:01:25;;Y;;;;'26/03/2020 14:34:24;1;1693629;;LU;1;';';';';';Y;;APTBLD;APPARTEMENTSGEBOUW - IMMEUBLE A APPARTEMENTS;NA;;;';;';;Y;;;;'26/03/2020 14:34:24
;;;Zoning;6807712;'20200127134349;W03-C-Antwerpen-West-FH08;6807712;'20200127134349;W03-C-Antwerpen-West-FH08;19085;FTTH-Cu;;';';;;;;;;714745;'20200326153600;60902;'1630000;'3076;Bogaardestraat;'2;';2000;Antwerpen;;'152196,627;'211743,139;';Y;NA;4;4;Unknown;Unknown;;None;;;';IFH_BATCH;'26/03/2020 15:01:25;;Y;;;;'26/03/2020 14:34:24;2;1693630;;LU;1;';';';';';Y;;APTBLD;APPARTEMENTSGEBOUW - IMMEUBLE A APPARTEMENTS;NA;;;';;';;Y;;;;'26/03/2020 14:34:24
;;;Zoning;6807712;'20200127134349;W03-C-Antwerpen-West-FH08;6807712;'20200127134349;W03-C-Antwerpen-West-FH08;19085;FTTH-Cu;;';';;;;;;;714745;'20200326153600;60902;'1630000;'3076;Bogaardestraat;'2;';2000;Antwerpen;;'152196,627;'211743,139;';Y;NA;4;4;Unknown;Unknown;;None;;;';IFH_BATCH;'26/03/2020 15:01:25;;Y;;;;'26/03/2020 14:34:24;3;1693631;;LU;1;';';';';';Y;;APTBLD;APPARTEMENTSGEBOUW - IMMEUBLE A APPARTEMENTS;NA;;;';;';;Y;;;;'26/03/2020 14:34:24
;;;Zoning;6807712;'20200127134349;W03-C-Antwerpen-West-FH08;6807712;'20200127134349;W03-C-Antwerpen-West-FH08;19085;FTTH-Cu;;';';;;;;;;714745;'20200326153600;60902;'1630000;'3076;Bogaardestraat;'2;';2000;Antwerpen;;'152196,627;'211743,139;';Y;NA;4;4;Unknown;Unknown;;None;;;';IFH_BATCH;'26/03/2020 15:01:25;;Y;;;;'26/03/2020 14:34:24;4;1693632;;LU;1;';';';';';Y;;APTBLD;APPARTEMENTSGEBOUW - IMMEUBLE A APPARTEMENTS;NA;;;';;';;Y;;;;'26/03/2020 14:34:24
;;;Zoning;6807712;'20200127134349;W03-C-Antwerpen-West-FH08;6807712;'20200127134349;W03-C-Antwerpen-West-FH08;19085;FTTH-Cu;;';';;;;;;;31647641;'20200326153611;4511199;'1630000;'3076;Bogaardestraat;'4;';2000;Antwerpen;;'152196;'211743;';Y;NA;2;4;Unknown;Unknown;;None;;;';SSV_IMPORT;'26/03/2020 14:35:25;;Y;;;;'26/03/2020 14:34:24;1;11341241;;LU;1;';';';';';;;;;;;;';SSV_IMPORT;'26/03/2020 14:35:26;;Y;;;;'26/03/2020 14:34:24
;;;Zoning;6807712;'20200127134349;W03-C-Antwerpen-West-FH08;6807712;'20200127134349;W03-C-Antwerpen-West-FH08;19085;FTTH-Cu;;';';;;;;;;31647642;'20200326153611;4511200;'1630000;'3076;Bogaardestraat;'6;';2000;Antwerpen;;'152201;'211743;';Y;NA;2;4;Unknown;Unknown;;None;;;';SSV_IMPORT;'26/03/2020 14:35:29;;Y;;;;'26/03/2020 14:34:24;1;11341242;;LU;1;';';';';';;;;;;;;';SSV_IMPORT;'26/03/2020 14:35:30;;Y;;;;'26/03/2020 14:34:24
;;;Zoning;6807712;'20200127134349;W03-C-Antwerpen-West-FH08;6807712;'20200127134349;W03-C-Antwerpen-West-FH08;19085;FTTH-Cu;;';';;;;;;;629477;'20200326153549;1752847;'1630000;'3076;Bogaardestraat;'8;';2000;Antwerpen;;'152196,325;'211732,093;';Y;NA;4;4;Unknown;Unknown;;None;;;';IFH_BATCH;'26/03/2020 15:00:42;;Y;;;;'26/03/2020 14:34:24;1;10362244;;LU;1;';';';';';Y;;APTBLD;APPARTEMENTSGEBOUW - IMMEUBLE A APPARTEMENTS;NA;;;';;';;Y;;;;'26/03/2020 14:34:24
;;;Zoning;6807712;'20200127134349;W03-C-Antwerpen-West-FH08;6807712;'20200127134349;W03-C-Antwerpen-West-FH08;19085;FTTH-Cu;;';';;;;;;;629477;'20200326153549;1752847;'1630000;'3076;Bogaardestraat;'8;';2000;Antwerpen;;'152196,325;'211732,093;';Y;NA;4;4;Unknown;Unknown;;None;;;';IFH_BATCH;'26/03/2020 15:00:42;;Y;;;;'26/03/2020 14:34:24;2;10362245;;LU;1;';';';';';Y;;APTBLD;APPARTEMENTSGEBOUW - IMMEUBLE A APPARTEMENTS;NA;;;';;';;Y;;;;'26/03/2020 14:34:24
;;;Zoning;6807712;'20200127134349;W03-C-Antwerpen-West-FH08;6807712;'20200127134349;W03-C-Antwerpen-West-FH08;19085;FTTH-Cu;;';';;;;;;;629477;'20200326153549;1752847;'1630000;'3076;Bogaardestraat;'8;';2000;Antwerpen;;'152196,325;'211732,093;';Y;NA;4;4;Unknown;Unknown;;None;;;';IFH_BATCH;'26/03/2020 15:00:42;;Y;;;;'26/03/2020 14:34:24;3;10362246;;LU;1;';';';';';Y;;APTBLD;APPARTEMENTSGEBOUW - IMMEUBLE A APPARTEMENTS;NA;;;';;';;Y;;;;'26/03/2020 14:34:24
;;;Zoning;6807712;'20200127134349;W03-C-Antwerpen-West-FH08;6807712;'20200127134349;W03-C-Antwerpen-West-FH08;19085;FTTH-Cu;;';';;;;;;;629477;'20200326153549;1752847;'1630000;'3076;Bogaardestraat;'8;';2000;Antwerpen;;'152196,325;'211732,093;';Y;NA;4;4;Unknown;Unknown;;None;;;';IFH_BATCH;'26/03/2020 15:00:42;;Y;;;;'26/03/2020 14:34:24;4;10362247;;LU;1;';';';';';Y;;APTBLD;APPARTEMENTSGEBOUW - IMMEUBLE A APPARTEMENTS;NA;;;';;';;Y;;;;'26/03/2020 14:34:24
;;;Zoning;6807712;'20200127134349;W03-C-Antwerpen-West-FH08;6807712;'20200127134349;W03-C-Antwerpen-West-FH08;19085;FTTH-Cu;;';';;;;;;;629477;'20200326153549;1752847;'1630000;'3076;Bogaardestraat;'8;';2000;Antwerpen;;'152196,325;'211732,093;';Y;NA;4;4;Unknown;Unknown;;None;;;';IFH_BATCH;'26/03/2020 15:00:42;;Y;;;;'26/03/2020 14:34:24;5;10362248;;LU;1;';';';';';Y;;APTBLD;APPARTEMENTSGEBOUW - IMMEUBLE A APPARTEMENTS;NA;;;';;';;Y;;;;'26/03/2020 14:34:24
;;;Zoning;6807712;'20200127134349;W03-C-Antwerpen-West-FH08;6807712;'20200127134349;W03-C-Antwerpen-West-FH08;19085;FTTH-Cu;;';';;;;;;;629477;'20200326153549;1752847;'1630000;'3076;Bogaardestraat;'8;';2000;Antwerpen;;'152196,325;'211732,093;';Y;NA;4;4;Unknown;Unknown;;None;;;';IFH_BATCH;'26/03/2020 15:00:42;;Y;;;;'26/03/2020 14:34:24;6;10362249;;LU;1;';';';';';Y;;APTBLD;APPARTEMENTSGEBOUW - IMMEUBLE A APPARTEMENTS;NA;;;';;';;Y;;;;'26/03/2020 14:34:24
;;;Zoning;6807712;'20200127134349;W03-C-Antwerpen-West-FH08;6807712;'20200127134349;W03-C-Antwerpen-West-FH08;19085;FTTH-Cu;;';';;;;;;;629477;'20200326153549;1752847;'1630000;'3076;Bogaardestraat;'8;';2000;Antwerpen;;'152196,325;'211732,093;';Y;NA;4;4;Unknown;Unknown;;None;;;';IFH_BATCH;'26/03/2020 15:00:42;;Y;;;;'26/03/2020 14:34:24;7;10362250;;LU;1;';';';';';Y;;APTBLD;APPARTEMENTSGEBOUW - IMMEUBLE A APPARTEMENTS;NA;;;';;';;Y;;;;'26/03/2020 14:34:24
;;;Zoning;6807712;'20200127134349;W03-C-Antwerpen-West-FH08;6807712;'20200127134349;W03-C-Antwerpen-West-FH08;19085;FTTH-Cu;;';';;;;;;;629477;'20200326153549;1752847;'1630000;'3076;Bogaardestraat;'8;';2000;Antwerpen;;'152196,325;'211732,093;';Y;NA;4;4;Unknown;Unknown;;None;;;';IFH_BATCH;'26/03/2020 15:00:42;;Y;;;;'26/03/2020 14:34:24;8;10362251;;LU;1;';';';';';Y;;APTBLD;APPARTEMENTSGEBOUW - IMMEUBLE A APPARTEMENTS;NA;;;';;';;Y;;;;'26/03/2020 14:34:24
;;;Zoning;6807712;'20200127134349;W03-C-Antwerpen-West-FH08;6807712;'20200127134349;W03-C-Antwerpen-West-FH08;19085;FTTH-Cu;;';';;;;;;;629477;'20200326153549;1752847;'1630000;'3076;Bogaardestraat;'8;';2000;Antwerpen;;'152196,325;'211732,093;';Y;NA;4;4;Unknown;Unknown;;None;;;';IFH_BATCH;'26/03/2020 15:00:42;;Y;;;;'26/03/2020 14:34:24;9;10362252;;LU;1;';';';';';Y;;APTBLD;APPARTEMENTSGEBOUW - IMMEUBLE A APPARTEMENTS;NA;;;';;';;Y;;;;'26/03/2020 14:34:24
;;;Zoning;6807712;'20200127134349;W03-C-Antwerpen-West-FH08;6807712;'20200127134349;W03-C-Antwerpen-West-FH08;19085;FTTH-Cu;;';';;;;;;;629477;'20200326153549;1752847;'1630000;'3076;Bogaardestraat;'8;';2000;Antwerpen;;'152196,325;'211732,093;';Y;NA;4;4;Unknown;Unknown;;None;;;';IFH_BATCH;'26/03/2020 15:00:42;;Y;;;;'26/03/2020 14:34:24;10;10362253;;LU;1;';';';';';Y;;APTBLD;APPARTEMENTSGEBOUW - IMMEUBLE A APPARTEMENTS;NA;;;';;';;Y;;;;'26/03/2020 14:34:24
;;;Zoning;6807712;'20200127134349;W03-C-Antwerpen-West-FH08;6807712;'20200127134349;W03-C-Antwerpen-West-FH08;19085;FTTH-Cu;;';';;;;;;;629477;'20200326153549;1752847;'1630000;'3076;Bogaardestraat;'8;';2000;Antwerpen;;'152196,325;'211732,093;';Y;NA;4;4;Unknown;Unknown;;None;;;';IFH_BATCH;'26/03/2020 15:00:42;;Y;;;;'26/03/2020 14:34:24;11;10362254;;LU;1;';';';';';Y;;APTBLD;APPARTEMENTSGEBOUW - IMMEUBLE A APPARTEMENTS;NA;;;';;';;Y;;;;'26/03/2020 14:34:24
;;;Zoning;6807712;'20200127134349;W03-C-Antwerpen-West-FH08;6807712;'20200127134349;W03-C-Antwerpen-West-FH08;19085;FTTH-Cu;;';';;;;;;;629477;'20200326153549;1752847;'1630000;'3076;Bogaardestraat;'8;';2000;Antwerpen;;'152196,325;'211732,093;';Y;NA;4;4;Unknown;Unknown;;None;;;';IFH_BATCH;'26/03/2020 15:00:42;;Y;;;;'26/03/2020 14:34:24;12;10362255;;LU;1;';';';';';Y;;APTBLD;APPARTEMENTSGEBOUW - IMMEUBLE A APPARTEMENTS;NA;;;';;';;Y;;;;'26/03/2020 14:34:24
;;;Zoning;6807712;'20200127134349;W03-C-Antwerpen-West-FH08;6807712;'20200127134349;W03-C-Antwerpen-West-FH08;19085;FTTH-Cu;;';';;;;;;;629477;'20200326153549;1752847;'1630000;'3076;Bogaardestraat;'8;';2000;Antwerpen;;'152196,325;'211732,093;';Y;NA;4;4;Unknown;Unknown;;None;;;';IFH_BATCH;'26/03/2020 15:00:42;;Y;;;;'26/03/2020 14:34:24;13;10362256;;LU;1;';';';';';Y;;APTBLD;APPARTEMENTSGEBOUW - IMMEUBLE A APPARTEMENTS;NA;;;';;';;Y;;;;'26/03/2020 14:34:24
;;;Zoning;6807712;'20200127134349;W03-C-Antwerpen-West-FH08;6807712;'20200127134349;W03-C-Antwerpen-West-FH08;19085;FTTH-Cu;;';';;;;;;;629477;'20200326153549;1752847;'1630000;'3076;Bogaardestraat;'8;';2000;Antwerpen;;'152196,325;'211732,093;';Y;NA;4;4;Unknown;Unknown;;None;;;';IFH_BATCH;'26/03/2020 15:00:42;;Y;;;;'26/03/2020 14:34:24;14;10362257;;LU;1;';';';';';Y;;APTBLD;APPARTEMENTSGEBOUW - IMMEUBLE A APPARTEMENTS;NA;;;';;';;Y;;;;'26/03/2020 14:34:24
;;;Zoning;6807712;'20200127134349;W03-C-Antwerpen-West-FH08;6807712;'20200127134349;W03-C-Antwerpen-West-FH08;19085;FTTH-Cu;;';';;;;;;;629477;'20200326153549;1752847;'1630000;'3076;Bogaardestraat;'8;';2000;Antwerpen;;'152196,325;'211732,093;';Y;NA;4;4;Unknown;Unknown;;None;;;';IFH_BATCH;'26/03/2020 15:00:42;;Y;;;;'26/03/2020 14:34:24;15;10362258;;LU;1;';';';';';Y;;APTBLD;APPARTEMENTSGEBOUW - IMMEUBLE A APPARTEMENTS;NA;;;';;';;Y;;;;'26/03/2020 14:34:24
;;;Zoning;6807712;'20200127134349;W03-C-Antwerpen-West-FH08;6807712;'20200127134349;W03-C-Antwerpen-West-FH08;19085;FTTH-Cu;;';';;;;;;;629477;'20200326153549;1752847;'1630000;'3076;Bogaardestraat;'8;';2000;Antwerpen;;'152196,325;'211732,093;';Y;NA;4;4;Unknown;Unknown;;None;;;';IFH_BATCH;'26/03/2020 15:00:42;;Y;;;;'26/03/2020 14:34:24;16;10362259;;LU;1;';';';';';Y;;APTBLD;APPARTEMENTSGEBOUW - IMMEUBLE A APPARTEMENTS;NA;;;';;';;Y;;;;'26/03/2020 14:34:24
;;;Zoning;6807712;'20200127134349;W03-C-Antwerpen-West-FH08;6807712;'20200127134349;W03-C-Antwerpen-West-FH08;19085;FTTH-Cu;;';';;;;;;;629477;'20200326153549;1752847;'1630000;'3076;Bogaardestraat;'8;';2000;Antwerpen;;'152196,325;'211732,093;';Y;NA;4;4;Unknown;Unknown;;None;;;';IFH_BATCH;'26/03/2020 15:00:42;;Y;;;;'26/03/2020 14:34:24;17;10362260;;LU;1;';';';';';Y;;APTBLD;APPARTEMENTSGEBOUW - IMMEUBLE A APPARTEMENTS;NA;;;';;';;Y;;;;'26/03/2020 14:34:24
;;;Zoning;6807712;'20200127134349;W03-C-Antwerpen-West-FH08;6807712;'20200127134349;W03-C-Antwerpen-West-FH08;19085;FTTH-Cu;;';';;;;;;;629477;'20200326153549;1752847;'1630000;'3076;Bogaardestraat;'8;';2000;Antwerpen;;'152196,325;'211732,093;';Y;NA;4;4;Unknown;Unknown;;None;;;';IFH_BATCH;'26/03/2020 15:00:42;;Y;;;;'26/03/2020 14:34:24;18;10362261;;LU;1;';';';';';Y;;APTBLD;APPARTEMENTSGEBOUW - IMMEUBLE A APPARTEMENTS;NA;;;';;';;Y;;;;'26/03/2020 14:34:24
;;;Zoning;6807712;'20200127134349;W03-C-Antwerpen-West-FH08;6807712;'20200127134349;W03-C-Antwerpen-West-FH08;19085;FTTH-Cu;;';';;;;;;;629477;'20200326153549;1752847;'1630000;'3076;Bogaardestraat;'8;';2000;Antwerpen;;'152196,325;'211732,093;';Y;NA;4;4;Unknown;Unknown;;None;;;';IFH_BATCH;'26/03/2020 15:00:42;;Y;;;;'26/03/2020 14:34:24;19;10362262;;LU;1;';';';';';Y;;APTBLD;APPARTEMENTSGEBOUW - IMMEUBLE A APPARTEMENTS;NA;;;';;';;Y;;;;'26/03/2020 14:34:24
;;;Zoning;6807712;'20200127134349;W03-C-Antwerpen-West-FH08;6807712;'20200127134349;W03-C-Antwerpen-West-FH08;19085;FTTH-Cu;;';';;;;;;;629477;'20200326153549;1752847;'1630000;'3076;Bogaardestraat;'8;';2000;Antwerpen;;'152196,325;'211732,093;';Y;NA;4;4;Unknown;Unknown;;None;;;';IFH_BATCH;'26/03/2020 15:00:42;;Y;;;;'26/03/2020 14:34:24;20;10362263;;LU;1;';';';';';Y;;APTBLD;APPARTEMENTSGEBOUW - IMMEUBLE A APPARTEMENTS;NA;;;';;';;Y;;;;'26/03/2020 14:34:24
;;;Zoning;6807712;'20200127134349;W03-C-Antwerpen-West-FH08;6807712;'20200127134349;W03-C-Antwerpen-West-FH08;19085;FTTH-Cu;;';';;;;;;;31647643;'20200326153611;4511202;'1630000;'3076;Bogaardestraat;'12;';2000;Antwerpen;;'152191;'211723;';Y;NA;2;4;Unknown;Unknown;;None;;;';SSV_IMPORT;'26/03/2020 14:35:33;;Y;;;;'26/03/2020 14:34:24;1;11341243;;LU;1;';';';';';;;;;;;;';SSV_IMPORT;'26/03/2020 14:35:33;;Y;;;;'26/03/2020 14:34:24
;;;Zoning;6807712;'20200127134349;W03-C-Antwerpen-West-FH08;6807712;'20200127134349;W03-C-Antwerpen-West-FH08;19085;FTTH-Cu;;';';;;;;;;629478;'20200326153549;1752859;'1630000;'3076;Bogaardestraat;'14;';2000;Antwerpen;;'152197,367;'211715,775;';Y;NA;2;4;Unknown;Unknown;;None;;;';IFH_BATCH;'26/03/2020 15:00:44;;Y;;;;'26/03/2020 14:34:24;1;1655068;;LU;1;';';';';';Y;;HOUSE;WONING - MAISON;NA;;;';;';;Y;;;;'26/03/2020 14:34:24
;;;Zoning;6807712;'20200127134349;W03-C-Antwerpen-West-FH08;6807712;'20200127134349;W03-C-Antwerpen-West-FH08;19085;FTTH-Cu;;';';;;;;;;31647644;'20200326153611;4511204;'1630000;'3076;Bogaardestraat;'16;';2000;Antwerpen;;'152196;'211715;';Y;NA;2;4;Unknown;Unknown;;None;;;';SSV_IMPORT;'26/03/2020 14:35:36;;Y;;;;'26/03/2020 14:34:24;1;11341244;;LU;1;';';';';';;;;;;;;';SSV_IMPORT;'26/03/2020 14:35:37;;Y;;;;'26/03/2020 14:34:24
;;;Zoning;6807712;'20200127134349;W03-C-Antwerpen-West-FH08;6807712;'20200127134349;W03-C-Antwerpen-West-FH08;19085;FTTH-Cu;;';';;;;;;;629479;'20200326153550;1752868;'1630000;'3076;Bogaardestraat;'17;';2000;Antwerpen;;'152218,27;'211698,474;';Y;NA;2;4;Unknown;Unknown;;None;;;';IFH_BATCH;'26/03/2020 15:00:46;;Y;;;;'26/03/2020 14:34:24;1;1674550;;LU;1;';';';';';Y;;HOUSE;WONING - MAISON;NA;;;';;';;Y;;;;'26/03/2020 14:34:24
;;;Zoning;6807712;'20200127134349;W03-C-Antwerpen-West-FH08;6807712;'20200127134349;W03-C-Antwerpen-West-FH08;19085;FTTH-Cu;;';';;;;;;;629480;'20200326153550;1752870;'1630000;'3076;Bogaardestraat;'18;';2000;Antwerpen;;'152196,094;'211701,444;';Y;NA;2;4;Unknown;Unknown;;None;;;';IFH_BATCH;'26/03/2020 15:00:48;;Y;;;;'26/03/2020 14:34:24;1;1680054;;BU;1;';';';';';Y;;COMMUNAL;GEMEENSCHAPSVERBLIJF - ??;NA;;;';;';;Y;;;;'26/03/2020 14:34:24
;;;Zoning;6807712;'20200127134349;W03-C-Antwerpen-West-FH08;6807712;'20200127134349;W03-C-Antwerpen-West-FH08;19085;FTTH-Cu;;';';;;;;;;31647645;'20200326153611;4511167;'1630000;'3076;Bogaardestraat;'19;';2000;Antwerpen;;'152220;'211699;';Y;NA;2;4;Unknown;Unknown;;None;;;';SSV_IMPORT;'26/03/2020 14:35:40;;Y;;;;'26/03/2020 14:34:24;1;11341245;;LU;1;';';';';';;;;;;;;';SSV_IMPORT;'26/03/2020 14:35:40;;Y;;;;'26/03/2020 14:34:24
;;;Zoning;6807712;'20200127134349;W03-C-Antwerpen-West-FH08;6807712;'20200127134349;W03-C-Antwerpen-West-FH08;19085;FTTH-Cu;;';';;;;;;;31647646;'20200326153612;4511206;'1630000;'3076;Bogaardestraat;'20;';2000;Antwerpen;;'152199;'211703;';Y;NA;2;4;Unknown;Unknown;;None;;;';SSV_IMPORT;'26/03/2020 14:35:44;;Y;;;;'26/03/2020 14:34:24;1;11341246;;LU;1;';';';';';;;;;;;;';SSV_IMPORT;'26/03/2020 14:35:44;;Y;;;;'26/03/2020 14:34:24
;;;Zoning;6807712;'20200127134349;W03-C-Antwerpen-West-FH08;6807712;'20200127134349;W03-C-Antwerpen-West-FH08;19085;FTTH-Cu;;';';;;;;;;629481;'20200326153550;1752873;'1630000;'3076;Bogaardestraat;'21;';2000;Antwerpen;;'152218,632;'211688,004;';Y;NA;2;4;Unknown;Unknown;;None;;;';IFH_BATCH;'26/03/2020 15:00:50;;Y;;;;'26/03/2020 14:34:24;1;1703871;;LU;1;';';';';';Y;;HOUSE;WONING - MAISON;NA;;;';;';;Y;;;;'26/03/2020 14:34:24
;;;Zoning;6807712;'20200127134349;W03-C-Antwerpen-West-FH08;6807712;'20200127134349;W03-C-Antwerpen-West-FH08;19085;FTTH-Cu;;';';;;;;;;31647647;'20200326153612;1752877;'1630000;'3076;Bogaardestraat;'22;';2000;Antwerpen;;'152197;'211700;';Y;NA;4;4;Unknown;Unknown;;None;;;';SSV_IMPORT;'26/03/2020 14:35:47;;Y;;;;'26/03/2020 14:34:24;1;11341247;;LU;1;';';';';';;;;;;;;';SSV_IMPORT;'26/03/2020 14:35:48;;Y;;;;'26/03/2020 14:34:24
;;;Zoning;6807712;'20200127134349;W03-C-Antwerpen-West-FH08;6807712;'20200127134349;W03-C-Antwerpen-West-FH08;19085;FTTH-Cu;;';';;;;;;;31647647;'20200326153612;1752877;'1630000;'3076;Bogaardestraat;'22;';2000;Antwerpen;;'152197;'211700;';Y;NA;4;4;Unknown;Unknown;;None;;;';SSV_IMPORT;'26/03/2020 14:35:47;;Y;;;;'26/03/2020 14:34:24;2;11341248;;LU;1;';';';';';;;;;;;;';SSV_IMPORT;'26/03/2020 14:35:48;;Y;;;;'26/03/2020 14:34:24
;;;Zoning;6807712;'20200127134349;W03-C-Antwerpen-West-FH08;6807712;'20200127134349;W03-C-Antwerpen-West-FH08;19085;FTTH-Cu;;';';;;;;;;31647647;'20200326153612;1752877;'1630000;'3076;Bogaardestraat;'22;';2000;Antwerpen;;'152197;'211700;';Y;NA;4;4;Unknown;Unknown;;None;;;';SSV_IMPORT;'26/03/2020 14:35:47;;Y;;;;'26/03/2020 14:34:24;3;11341249;;LU;1;';';';';';;;;;;;;';SSV_IMPORT;'26/03/2020 14:35:49;;Y;;;;'26/03/2020 14:34:24
;;;Zoning;6807712;'20200127134349;W03-C-Antwerpen-West-FH08;6807712;'20200127134349;W03-C-Antwerpen-West-FH08;19085;FTTH-Cu;;';';;;;;;;31647647;'20200326153612;1752877;'1630000;'3076;Bogaardestraat;'22;';2000;Antwerpen;;'152197;'211700;';Y;NA;4;4;Unknown;Unknown;;None;;;';SSV_IMPORT;'26/03/2020 14:35:47;;Y;;;;'26/03/2020 14:34:24;4;11341250;;LU;1;';';';';';;;;;;;;';SSV_IMPORT;'26/03/2020 14:35:49;;Y;;;;'26/03/2020 14:34:24
;;;Zoning;6807712;'20200127134349;W03-C-Antwerpen-West-FH08;6807712;'20200127134349;W03-C-Antwerpen-West-FH08;19085;FTTH-Cu;;';';;;;;;;31647647;'20200326153612;1752877;'1630000;'3076;Bogaardestraat;'22;';2000;Antwerpen;;'152197;'211700;';Y;NA;4;4;Unknown;Unknown;;None;;;';SSV_IMPORT;'26/03/2020 14:35:47;;Y;;;;'26/03/2020 14:34:24;5;11341251;;LU;1;';';';';';;;;;;;;';SSV_IMPORT;'26/03/2020 14:35:49;;Y;;;;'26/03/2020 14:34:24
;;;Zoning;6807712;'20200127134349;W03-C-Antwerpen-West-FH08;6807712;'20200127134349;W03-C-Antwerpen-West-FH08;19085;FTTH-Cu;;';';;;;;;;31647647;'20200326153612;1752877;'1630000;'3076;Bogaardestraat;'22;';2000;Antwerpen;;'152197;'211700;';Y;NA;4;4;Unknown;Unknown;;None;;;';SSV_IMPORT;'26/03/2020 14:35:47;;Y;;;;'26/03/2020 14:34:24;6;11341252;;LU;1;';';';';';;;;;;;;';SSV_IMPORT;'26/03/2020 14:35:50;;Y;;;;'26/03/2020 14:34:24
;;;Zoning;6807712;'20200127134349;W03-C-Antwerpen-West-FH08;6807712;'20200127134349;W03-C-Antwerpen-West-FH08;19085;FTTH-Cu;;';';;;;;;;31647647;'20200326153612;1752877;'1630000;'3076;Bogaardestraat;'22;';2000;Antwerpen;;'152197;'211700;';Y;NA;4;4;Unknown;Unknown;;None;;;';SSV_IMPORT;'26/03/2020 14:35:47;;Y;;;;'26/03/2020 14:34:24;7;11341253;;LU;1;';';';';';;;;;;;;';SSV_IMPORT;'26/03/2020 14:35:50;;Y;;;;'26/03/2020 14:34:24
;;;Zoning;6807712;'20200127134349;W03-C-Antwerpen-West-FH08;6807712;'20200127134349;W03-C-Antwerpen-West-FH08;19085;FTTH-Cu;;';';;;;;;;31647647;'20200326153612;1752877;'1630000;'3076;Bogaardestraat;'22;';2000;Antwerpen;;'152197;'211700;';Y;NA;4;4;Unknown;Unknown;;None;;;';SSV_IMPORT;'26/03/2020 14:35:47;;Y;;;;'26/03/2020 14:34:24;8;11341254;;LU;1;';';';';';;;;;;;;';SSV_IMPORT;'26/03/2020 14:35:51;;Y;;;;'26/03/2020 14:34:24
;;;Zoning;6807712;'20200127134349;W03-C-Antwerpen-West-FH08;6807712;'20200127134349;W03-C-Antwerpen-West-FH08;19085;FTTH-Cu;;';';;;;;;;31647647;'20200326153612;1752877;'1630000;'3076;Bogaardestraat;'22;';2000;Antwerpen;;'152197;'211700;';Y;NA;4;4;Unknown;Unknown;;None;;;';SSV_IMPORT;'26/03/2020 14:35:47;;Y;;;;'26/03/2020 14:34:24;9;11341255;;LU;1;';';';';';;;;;;;;';SSV_IMPORT;'26/03/2020 14:35:51;;Y;;;;'26/03/2020 14:34:24
;;;Zoning;6807712;'20200127134349;W03-C-Antwerpen-West-FH08;6807712;'20200127134349;W03-C-Antwerpen-West-FH08;19085;FTTH-Cu;;';';;;;;;;31647647;'20200326153612;1752877;'1630000;'3076;Bogaardestraat;'22;';2000;Antwerpen;;'152197;'211700;';Y;NA;4;4;Unknown;Unknown;;None;;;';SSV_IMPORT;'26/03/2020 14:35:47;;Y;;;;'26/03/2020 14:34:24;10;11341256;;LU;1;';';';';';;;;;;;;';SSV_IMPORT;'26/03/2020 14:35:51;;Y;;;;'26/03/2020 14:34:24
;;;Zoning;6807712;'20200127134349;W03-C-Antwerpen-West-FH08;6807712;'20200127134349;W03-C-Antwerpen-West-FH08;19085;FTTH-Cu;;';';;;;;;;31647647;'20200326153612;1752877;'1630000;'3076;Bogaardestraat;'22;';2000;Antwerpen;;'152197;'211700;';Y;NA;4;4;Unknown;Unknown;;None;;;';SSV_IMPORT;'26/03/2020 14:35:47;;Y;;;;'26/03/2020 14:34:24;11;11341257;;LU;1;';';';';';;;;;;;;';SSV_IMPORT;'26/03/2020 14:35:52;;Y;;;;'26/03/2020 14:34:24
;;;Zoning;6807712;'20200127134349;W03-C-Antwerpen-West-FH08;6807712;'20200127134349;W03-C-Antwerpen-West-FH08;19085;FTTH-Cu;;';';;;;;;;31647647;'20200326153612;1752877;'1630000;'3076;Bogaardestraat;'22;';2000;Antwerpen;;'152197;'211700;';Y;NA;4;4;Unknown;Unknown;;None;;;';SSV_IMPORT;'26/03/2020 14:35:47;;Y;;;;'26/03/2020 14:34:24;12;11341258;;LU;1;';';';';';;;;;;;;';SSV_IMPORT;'26/03/2020 14:35:52;;Y;;;;'26/03/2020 14:34:24
;;;Zoning;6807712;'20200127134349;W03-C-Antwerpen-West-FH08;6807712;'20200127134349;W03-C-Antwerpen-West-FH08;19085;FTTH-Cu;;';';;;;;;;31647647;'20200326153612;1752877;'1630000;'3076;Bogaardestraat;'22;';2000;Antwerpen;;'152197;'211700;';Y;NA;4;4;Unknown;Unknown;;None;;;';SSV_IMPORT;'26/03/2020 14:35:47;;Y;;;;'26/03/2020 14:34:24;13;11341259;;LU;1;';';';';';;;;;;;;';SSV_IMPORT;'26/03/2020 14:35:53;;Y;;;;'26/03/2020 14:34:24
;;;Zoning;6807712;'20200127134349;W03-C-Antwerpen-West-FH08;6807712;'20200127134349;W03-C-Antwerpen-West-FH08;19085;FTTH-Cu;;';';;;;;;;31647647;'20200326153612;1752877;'1630000;'3076;Bogaardestraat;'22;';2000;Antwerpen;;'152197;'211700;';Y;NA;4;4;Unknown;Unknown;;None;;;';SSV_IMPORT;'26/03/2020 14:35:47;;Y;;;;'26/03/2020 14:34:24;14;11341260;;LU;1;';';';';';;;;;;;;';SSV_IMPORT;'26/03/2020 14:35:53;;Y;;;;'26/03/2020 14:34:24
;;;Zoning;6807712;'20200127134349;W03-C-Antwerpen-West-FH08;6807712;'20200127134349;W03-C-Antwerpen-West-FH08;19085;FTTH-Cu;;';';;;;;;;629482;'20200326153550;1752885;'1630000;'3076;Bogaardestraat;'23;';2000;Antwerpen;;'152217,499;'211679,66;';Y;NA;4;4;Unknown;Unknown;;None;;;';IFH_BATCH;'26/03/2020 15:00:52;;Y;;;;'26/03/2020 14:34:24;1;1710691;;LU;1;';';';';';Y;#A.GV/;APPART;DEEL_APP_GEBOUW - PARTIE_IMMEUBLE_APP;APPART;;;';;';;Y;;;;'26/03/2020 14:34:24
;;;Zoning;6807712;'20200127134349;W03-C-Antwerpen-West-FH08;6807712;'20200127134349;W03-C-Antwerpen-West-FH08;19085;FTTH-Cu;;';';;;;;;;629482;'20200326153550;1752885;'1630000;'3076;Bogaardestraat;'23;';2000;Antwerpen;;'152217,499;'211679,66;';Y;NA;4;4;Unknown;Unknown;;None;;;';IFH_BATCH;'26/03/2020 15:00:52;;Y;;;;'26/03/2020 14:34:24;2;1710791;;LU;1;';';';';';Y;#A1/;APPART;DEEL_APP_GEBOUW - PARTIE_IMMEUBLE_APP;APPART;;;';;';;Y;;;;'26/03/2020 14:34:24
;;;Zoning;6807712;'20200127134349;W03-C-Antwerpen-West-FH08;6807712;'20200127134349;W03-C-Antwerpen-West-FH08;19085;FTTH-Cu;;';';;;;;;;629482;'20200326153550;1752885;'1630000;'3076;Bogaardestraat;'23;';2000;Antwerpen;;'152217,499;'211679,66;';Y;NA;4;4;Unknown;Unknown;;None;;;';IFH_BATCH;'26/03/2020 15:00:52;;Y;;;;'26/03/2020 14:34:24;3;1711024;;LU;1;';';';';';Y;#A2/;APPART;DEEL_APP_GEBOUW - PARTIE_IMMEUBLE_APP;APPART;;;';;';;Y;;;;'26/03/2020 14:34:24
;;;Zoning;6807712;'20200127134349;W03-C-Antwerpen-West-FH08;6807712;'20200127134349;W03-C-Antwerpen-West-FH08;19085;FTTH-Cu;;';';;;;;;;629482;'20200326153550;1752885;'1630000;'3076;Bogaardestraat;'23;';2000;Antwerpen;;'152217,499;'211679,66;';Y;NA;4;4;Unknown;Unknown;;None;;;';IFH_BATCH;'26/03/2020 15:00:52;;Y;;;;'26/03/2020 14:34:24;4;1711194;;LU;1;';';';';';Y;#A3/;APPART;DEEL_APP_GEBOUW - PARTIE_IMMEUBLE_APP;APPART;;;';;';;Y;;;;'26/03/2020 14:34:24
;;;Zoning;6807712;'20200127134349;W03-C-Antwerpen-West-FH08;6807712;'20200127134349;W03-C-Antwerpen-West-FH08;19085;FTTH-Cu;;';';;;;;;;31647724;'20200326153612;1752890;'1630000;'3076;Bogaardestraat;'25;';2000;Antwerpen;;'152217;'211679;';Y;NA;4;4;Unknown;Unknown;;None;;;';SSV_IMPORT;'26/03/2020 14:35:56;;Y;;;;'26/03/2020 14:34:24;1;11341261;;LU;1;';';';';';;;;;;;;';SSV_IMPORT;'26/03/2020 14:35:57;;Y;;;;'26/03/2020 14:34:24
;;;Zoning;6807712;'20200127134349;W03-C-Antwerpen-West-FH08;6807712;'20200127134349;W03-C-Antwerpen-West-FH08;19085;FTTH-Cu;;';';;;;;;;31647724;'20200326153612;1752890;'1630000;'3076;Bogaardestraat;'25;';2000;Antwerpen;;'152217;'211679;';Y;NA;4;4;Unknown;Unknown;;None;;;';SSV_IMPORT;'26/03/2020 14:35:56;;Y;;;;'26/03/2020 14:34:24;2;11341262;;LU;1;';';';';';;;;;;;;';SSV_IMPORT;'26/03/2020 14:35:57;;Y;;;;'26/03/2020 14:34:24
;;;Zoning;6807712;'20200127134349;W03-C-Antwerpen-West-FH08;6807712;'20200127134349;W03-C-Antwerpen-West-FH08;19085;FTTH-Cu;;';';;;;;;;31647724;'20200326153612;1752890;'1630000;'3076;Bogaardestraat;'25;';2000;Antwerpen;;'152217;'211679;';Y;NA;4;4;Unknown;Unknown;;None;;;';SSV_IMPORT;'26/03/2020 14:35:56;;Y;;;;'26/03/2020 14:34:24;3;11341263;;LU;1;';';';';';;;;;;;;';SSV_IMPORT;'26/03/2020 14:35:58;;Y;;;;'26/03/2020 14:34:24
;;;Zoning;6807712;'20200127134349;W03-C-Antwerpen-West-FH08;6807712;'20200127134349;W03-C-Antwerpen-West-FH08;19085;FTTH-Cu;;';';;;;;;;31647724;'20200326153612;1752890;'1630000;'3076;Bogaardestraat;'25;';2000;Antwerpen;;'152217;'211679;';Y;NA;4;4;Unknown;Unknown;;None;;;';SSV_IMPORT;'26/03/2020 14:35:56;;Y;;;;'26/03/2020 14:34:24;4;11341264;;LU;1;';';';';';;;;;;;;';SSV_IMPORT;'26/03/2020 14:35:58;;Y;;;;'26/03/2020 14:34:24
;;;Zoning;6807712;'20200127134349;W03-C-Antwerpen-West-FH08;6807712;'20200127134349;W03-C-Antwerpen-West-FH08;19085;FTTH-Cu;;';';;;;;;;629483;'20200326153550;1752894;'1630000;'3076;Bogaardestraat;'29;';2000;Antwerpen;;'152213,294;'211667,445;';Y;NA;4;4;Unknown;Unknown;;None;;;';IFH_BATCH;'26/03/2020 15:00:54;;Y;;;;'26/03/2020 14:34:24;1;1736274;;LU;1;';';';';';Y;;APTBLD;APPARTEMENTSGEBOUW - IMMEUBLE A APPARTEMENTS;NA;;;';;';;Y;;;;'26/03/2020 14:34:24
;;;Zoning;6807712;'20200127134349;W03-C-Antwerpen-West-FH08;6807712;'20200127134349;W03-C-Antwerpen-West-FH08;19085;FTTH-Cu;;';';;;;;;;629483;'20200326153550;1752894;'1630000;'3076;Bogaardestraat;'29;';2000;Antwerpen;;'152213,294;'211667,445;';Y;NA;4;4;Unknown;Unknown;;None;;;';IFH_BATCH;'26/03/2020 15:00:54;;Y;;;;'26/03/2020 14:34:24;2;1736275;;LU;1;';';';';';Y;;APTBLD;APPARTEMENTSGEBOUW - IMMEUBLE A APPARTEMENTS;NA;;;';;';;Y;;;;'26/03/2020 14:34:24
;;;Zoning;6807712;'20200127134349;W03-C-Antwerpen-West-FH08;6807712;'20200127134349;W03-C-Antwerpen-West-FH08;19085;FTTH-Cu;;';';;;;;;;629483;'20200326153550;1752894;'1630000;'3076;Bogaardestraat;'29;';2000;Antwerpen;;'152213,294;'211667,445;';Y;NA;4;4;Unknown;Unknown;;None;;;';IFH_BATCH;'26/03/2020 15:00:54;;Y;;;;'26/03/2020 14:34:24;3;1736276;;LU;1;';';';';';Y;;APTBLD;APPARTEMENTSGEBOUW - IMMEUBLE A APPARTEMENTS;NA;;;';;';;Y;;;;'26/03/2020 14:34:24
;;;Zoning;6807712;'20200127134349;W03-C-Antwerpen-West-FH08;6807712;'20200127134349;W03-C-Antwerpen-West-FH08;19085;FTTH-Cu;;';';;;;;;;629483;'20200326153550;1752894;'1630000;'3076;Bogaardestraat;'29;';2000;Antwerpen;;'152213,294;'211667,445;';Y;NA;4;4;Unknown;Unknown;;None;;;';IFH_BATCH;'26/03/2020 15:00:54;;Y;;;;'26/03/2020 14:34:24;4;1736277;;LU;1;';';';';';Y;;APTBLD;APPARTEMENTSGEBOUW - IMMEUBLE A APPARTEMENTS;NA;;;';;';;Y;;;;'26/03/2020 14:34:24
;;;Zoning;6807712;'20200127134349;W03-C-Antwerpen-West-FH08;6807712;'20200127134349;W03-C-Antwerpen-West-FH08;19085;FTTH-Cu;;';';;;;;;;714747;'20200326153600;60907;'1630000;'3076;Bogaardestraat;'31;';2000;Antwerpen;;'152212,082;'211661,613;';Y;NA;4;4;Unknown;Unknown;;None;;;';IFH_BATCH;'26/03/2020 15:01:27;;Y;;;;'26/03/2020 14:34:24;1;1748625;;LU;1;';';';';';Y;;APTBLD;APPARTEMENTSGEBOUW - IMMEUBLE A APPARTEMENTS;NA;;;';;';;Y;;;;'26/03/2020 14:34:24
;;;Zoning;6807712;'20200127134349;W03-C-Antwerpen-West-FH08;6807712;'20200127134349;W03-C-Antwerpen-West-FH08;19085;FTTH-Cu;;';';;;;;;;714747;'20200326153600;60907;'1630000;'3076;Bogaardestraat;'31;';2000;Antwerpen;;'152212,082;'211661,613;';Y;NA;4;4;Unknown;Unknown;;None;;;';IFH_BATCH;'26/03/2020 15:01:27;;Y;;;;'26/03/2020 14:34:24;2;1748626;;LU;1;';';';';';Y;;APTBLD;APPARTEMENTSGEBOUW - IMMEUBLE A APPARTEMENTS;NA;;;';;';;Y;;;;'26/03/2020 14:34:24
;;;Zoning;6807712;'20200127134349;W03-C-Antwerpen-West-FH08;6807712;'20200127134349;W03-C-Antwerpen-West-FH08;19085;FTTH-Cu;;';';;;;;;;714747;'20200326153600;60907;'1630000;'3076;Bogaardestraat;'31;';2000;Antwerpen;;'152212,082;'211661,613;';Y;NA;4;4;Unknown;Unknown;;None;;;';IFH_BATCH;'26/03/2020 15:01:27;;Y;;;;'26/03/2020 14:34:24;3;1748627;;LU;1;';';';';';Y;;APTBLD;APPARTEMENTSGEBOUW - IMMEUBLE A APPARTEMENTS;NA;;;';;';;Y;;;;'26/03/2020 14:34:24
;;;Zoning;6807712;'20200127134349;W03-C-Antwerpen-West-FH08;6807712;'20200127134349;W03-C-Antwerpen-West-FH08;19085;FTTH-Cu;;';';;;;;;;714747;'20200326153600;60907;'1630000;'3076;Bogaardestraat;'31;';2000;Antwerpen;;'152212,082;'211661,613;';Y;NA;4;4;Unknown;Unknown;;None;;;';IFH_BATCH;'26/03/2020 15:01:27;;Y;;;;'26/03/2020 14:34:24;4;1748628;;LU;1;';';';';';Y;;APTBLD;APPARTEMENTSGEBOUW - IMMEUBLE A APPARTEMENTS;NA;;;';;';;Y;;;;'26/03/2020 14:34:24
;;;Zoning;6807712;'20200127134349;W03-C-Antwerpen-West-FH08;6807712;'20200127134349;W03-C-Antwerpen-West-FH08;19085;FTTH-Cu;;';';;;;;;;710626;'20200326153604;49199;'1630000;'3076;Bogaardestraat;'33;';2000;Antwerpen;;'152209,836;'211647,82;';Y;NA;2;4;Unknown;Unknown;;None;;;';IFH_BATCH;'26/03/2020 15:01:23;;Y;;;;'26/03/2020 14:34:24;1;1754748;;BU;1;';';';';';Y;;COMM;HANDELSZAAK - COMMERCE;NA;;;';;';;Y;;;;'26/03/2020 14:34:24
;;;Zoning;6807712;'20200127134349;W03-C-Antwerpen-West-FH08;6807712;'20200127134349;W03-C-Antwerpen-West-FH08;19085;FTTH-Cu;;';';;;;;;;629484;'20200326153550;1752903;'1630000;'3076;Bogaardestraat;'35;';2000;Antwerpen;;'152207,796;'211643,272;';Y;NA;4;4;Unknown;Unknown;;None;;;';IFH_BATCH;'26/03/2020 15:00:56;;Y;;;;'26/03/2020 14:34:24;1;1760871;;LU;1;';';';';';Y;;HOUSE;WONING - MAISON;NA;;;';;';;Y;;;;'26/03/2020 14:34:24
;;;Zoning;6807712;'20200127134349;W03-C-Antwerpen-West-FH08;6807712;'20200127134349;W03-C-Antwerpen-West-FH08;19085;FTTH-Cu;;';';;;;;;;629484;'20200326153550;1752903;'1630000;'3076;Bogaardestraat;'35;';2000;Antwerpen;;'152207,796;'211643,272;';Y;NA;4;4;Unknown;Unknown;;None;;;';IFH_BATCH;'26/03/2020 15:00:56;;Y;;;;'26/03/2020 14:34:24;2;1760872;;LU;1;';';';';';Y;;HOUSE;WONING - MAISON;NA;;;';;';;Y;;;;'26/03/2020 14:34:24
;;;Zoning;6807712;'20200127134349;W03-C-Antwerpen-West-FH08;6807712;'20200127134349;W03-C-Antwerpen-West-FH08;19085;FTTH-Cu;;';';;;;;;;629485;'20200326153550;1752910;'1630000;'3076;Bogaardestraat;'37;';2000;Antwerpen;;'152207,04;'211637,496;';Y;NA;2;4;Unknown;Unknown;;None;;;';IFH_BATCH;'26/03/2020 15:00:58;;Y;;;;'26/03/2020 14:34:24;1;1766323;;LU;1;';';';';';Y;;HOUSE;WONING - MAISON;NA;;;';;';;Y;;;;'26/03/2020 14:34:24
;;;Zoning;6807712;'20200127134349;W03-C-Antwerpen-West-FH08;6807712;'20200127134349;W03-C-Antwerpen-West-FH08;19085;FTTH-Cu;;';';;;;;;;629486;'20200326153550;1752913;'1630000;'3076;Bogaardestraat;'39;';2000;Antwerpen;;'152206,379;'211632,603;';Y;NA;2;4;Unknown;Unknown;;None;;;';IFH_BATCH;'26/03/2020 15:01:00;;Y;;;;'26/03/2020 14:34:24;1;1771401;;LU;1;';';';';';Y;;HOUSE;WONING - MAISON;NA;;;';;';;Y;;;;'26/03/2020 14:34:24
;;;Zoning;6807712;'20200127134349;W03-C-Antwerpen-West-FH08;6807712;'20200127134349;W03-C-Antwerpen-West-FH08;19085;FTTH-Cu;;';';;;;;;;629487;'20200326153550;1752923;'1630000;'3076;Bogaardestraat;'41;';2000;Antwerpen;;'152201,222;'211629,031;';Y;NA;4;4;Unknown;Unknown;;None;;;';IFH_BATCH;'26/03/2020 15:01:02;;Y;;;;'26/03/2020 14:34:24;1;1781039;;LU;1;';';';';';Y;;HOUSE;WONING - MAISON;NA;;;';;';;Y;;;;'26/03/2020 14:34:24
;;;Zoning;6807712;'20200127134349;W03-C-Antwerpen-West-FH08;6807712;'20200127134349;W03-C-Antwerpen-West-FH08;19085;FTTH-Cu;;';';;;;;;;629487;'20200326153550;1752923;'1630000;'3076;Bogaardestraat;'41;';2000;Antwerpen;;'152201,222;'211629,031;';Y;NA;4;4;Unknown;Unknown;;None;;;';IFH_BATCH;'26/03/2020 15:01:02;;Y;;;;'26/03/2020 14:34:24;2;1781040;;LU;1;';';';';';Y;;HOUSE;WONING - MAISON;NA;;;';;';;Y;;;;'26/03/2020 14:34:24
;;;Zoning;6807712;'20200127134349;W03-C-Antwerpen-West-FH08;6807712;'20200127134349;W03-C-Antwerpen-West-FH08;19085;FTTH-Cu;;';';;;;;;;629487;'20200326153550;1752923;'1630000;'3076;Bogaardestraat;'41;';2000;Antwerpen;;'152201,222;'211629,031;';Y;NA;4;4;Unknown;Unknown;;None;;;';IFH_BATCH;'26/03/2020 15:01:02;;Y;;;;'26/03/2020 14:34:24;3;1781041;;LU;1;';';';';';Y;;HOUSE;WONING - MAISON;NA;;;';;';;Y;;;;'26/03/2020 14:34:24
;;;Zoning;6807712;'20200127134349;W03-C-Antwerpen-West-FH08;6807712;'20200127134349;W03-C-Antwerpen-West-FH08;19085;FTTH-Cu;;';';;;;;;;706712;'20200326153601;4507747;'1630000;'3076;Bogaardestraat;'43;';2000;Antwerpen;;'152199,241;'211624,195;';Y;NA;2;4;Unknown;Unknown;;None;;;';IFH_BATCH;'26/03/2020 15:01:15;;Y;;;;'26/03/2020 14:34:24;1;1785533;;BU;1;';';';';';Y;;COMM;HANDELSZAAK - COMMERCE;NA;;;';;';;Y;;;;'26/03/2020 14:34:24
;;;Zoning;6807712;'20200127134349;W03-C-Antwerpen-West-FH08;6807712;'20200127134349;W03-C-Antwerpen-West-FH08;19085;FTTH-Cu;;';';;;;;;;706703;'20200326153601;4507686;'1630000;'3076;Bogaardestraat;'44;';2000;Antwerpen;;'152185,724;'211644,87;';Y;NA;4;4;Unknown;Unknown;;None;;;';IFH_BATCH;'26/03/2020 15:01:11;;Y;;;;'26/03/2020 14:34:24;1;1786375;;LU;1;';';';';';Y;#A.GV/0/;APPART;DEEL_APP_GEBOUW - PARTIE_IMMEUBLE_APP;APPART;;;';;';;Y;;;;'26/03/2020 14:34:24
;;;Zoning;6807712;'20200127134349;W03-C-Antwerpen-West-FH08;6807712;'20200127134349;W03-C-Antwerpen-West-FH08;19085;FTTH-Cu;;';';;;;;;;706703;'20200326153601;4507686;'1630000;'3076;Bogaardestraat;'44;';2000;Antwerpen;;'152185,724;'211644,87;';Y;NA;4;4;Unknown;Unknown;;None;;;';IFH_BATCH;'26/03/2020 15:01:11;;Y;;;;'26/03/2020 14:34:24;2;1786435;;LU;1;';';';';';Y;#A1/1/;APPART;DEEL_APP_GEBOUW - PARTIE_IMMEUBLE_APP;APPART;;;';;';;Y;;;;'26/03/2020 14:34:24
;;;Zoning;6807712;'20200127134349;W03-C-Antwerpen-West-FH08;6807712;'20200127134349;W03-C-Antwerpen-West-FH08;19085;FTTH-Cu;;';';;;;;;;706703;'20200326153601;4507686;'1630000;'3076;Bogaardestraat;'44;';2000;Antwerpen;;'152185,724;'211644,87;';Y;NA;4;4;Unknown;Unknown;;None;;;';IFH_BATCH;'26/03/2020 15:01:11;;Y;;;;'26/03/2020 14:34:24;3;1786548;;LU;1;';';';';';Y;#A2/2/;APPART;DEEL_APP_GEBOUW - PARTIE_IMMEUBLE_APP;APPART;;;';;';;Y;;;;'26/03/2020 14:34:24
;;;Zoning;6807712;'20200127134349;W03-C-Antwerpen-West-FH08;6807712;'20200127134349;W03-C-Antwerpen-West-FH08;19085;FTTH-Cu;;';';;;;;;;706713;'20200326153601;4507748;'1630000;'3076;Bogaardestraat;'45;';2000;Antwerpen;;'152199,045;'211618,776;';Y;NA;4;4;Unknown;Unknown;;None;;;';IFH_BATCH;'26/03/2020 15:01:17;;Y;;;;'26/03/2020 14:34:24;1;1790048;;LU;1;';';';';';Y;;HOUSE;WONING - MAISON;NA;;;';;';;Y;;;;'26/03/2020 14:34:24
;;;Zoning;6807712;'20200127134349;W03-C-Antwerpen-West-FH08;6807712;'20200127134349;W03-C-Antwerpen-West-FH08;19085;FTTH-Cu;;';';;;;;;;706713;'20200326153601;4507748;'1630000;'3076;Bogaardestraat;'45;';2000;Antwerpen;;'152199,045;'211618,776;';Y;NA;4;4;Unknown;Unknown;;None;;;';IFH_BATCH;'26/03/2020 15:01:17;;Y;;;;'26/03/2020 14:34:24;2;1790049;;LU;1;';';';';';Y;;HOUSE;WONING - MAISON;NA;;;';;';;Y;;;;'26/03/2020 14:34:24
;;;Zoning;6807712;'20200127134349;W03-C-Antwerpen-West-FH08;6807712;'20200127134349;W03-C-Antwerpen-West-FH08;19085;FTTH-Cu;;';';;;;;;;706713;'20200326153601;4507748;'1630000;'3076;Bogaardestraat;'45;';2000;Antwerpen;;'152199,045;'211618,776;';Y;NA;4;4;Unknown;Unknown;;None;;;';IFH_BATCH;'26/03/2020 15:01:17;;Y;;;;'26/03/2020 14:34:24;3;1790050;;LU;1;';';';';';Y;;HOUSE;WONING - MAISON;NA;;;';;';;Y;;;;'26/03/2020 14:34:24
;;;Zoning;6807712;'20200127134349;W03-C-Antwerpen-West-FH08;6807712;'20200127134349;W03-C-Antwerpen-West-FH08;19085;FTTH-Cu;;';';;;;;;;706713;'20200326153601;4507748;'1630000;'3076;Bogaardestraat;'45;';2000;Antwerpen;;'152199,045;'211618,776;';Y;NA;4;4;Unknown;Unknown;;None;;;';IFH_BATCH;'26/03/2020 15:01:17;;Y;;;;'26/03/2020 14:34:24;4;1790051;;LU;1;';';';';';Y;;HOUSE;WONING - MAISON;NA;;;';;';;Y;;;;'26/03/2020 14:34:24
;;;Zoning;6807712;'20200127134349;W03-C-Antwerpen-West-FH08;6807712;'20200127134349;W03-C-Antwerpen-West-FH08;19085;FTTH-Cu;;';';;;;;;;706713;'20200326153601;4507748;'1630000;'3076;Bogaardestraat;'45;';2000;Antwerpen;;'152199,045;'211618,776;';Y;NA;4;4;Unknown;Unknown;;None;;;';IFH_BATCH;'26/03/2020 15:01:17;;Y;;;;'26/03/2020 14:34:24;5;1790052;;LU;1;';';';';';Y;;HOUSE;WONING - MAISON;NA;;;';;';;Y;;;;'26/03/2020 14:34:24
;;;Zoning;6807712;'20200127134349;W03-C-Antwerpen-West-FH08;6807712;'20200127134349;W03-C-Antwerpen-West-FH08;19085;FTTH-Cu;;';';;;;;;;706713;'20200326153601;4507748;'1630000;'3076;Bogaardestraat;'45;';2000;Antwerpen;;'152199,045;'211618,776;';Y;NA;4;4;Unknown;Unknown;;None;;;';IFH_BATCH;'26/03/2020 15:01:17;;Y;;;;'26/03/2020 14:34:24;6;1790053;;LU;1;';';';';';Y;;HOUSE;WONING - MAISON;NA;;;';;';;Y;;;;'26/03/2020 14:34:24
;;;Zoning;6807712;'20200127134349;W03-C-Antwerpen-West-FH08;6807712;'20200127134349;W03-C-Antwerpen-West-FH08;19085;FTTH-Cu;;';';;;;;;;706713;'20200326153601;4507748;'1630000;'3076;Bogaardestraat;'45;';2000;Antwerpen;;'152199,045;'211618,776;';Y;NA;4;4;Unknown;Unknown;;None;;;';IFH_BATCH;'26/03/2020 15:01:17;;Y;;;;'26/03/2020 14:34:24;7;1790054;;LU;1;';';';';';Y;;HOUSE;WONING - MAISON;NA;;;';;';;Y;;;;'26/03/2020 14:34:24
;;;Zoning;6807712;'20200127134349;W03-C-Antwerpen-West-FH08;6807712;'20200127134349;W03-C-Antwerpen-West-FH08;19085;FTTH-Cu;;';';;;;;;;706704;'20200326153601;4507688;'1630000;'3076;Bogaardestraat;'46;';2000;Antwerpen;;'152183,074;'211638,302;';Y;NA;4;4;Unknown;Unknown;;None;;;';IFH_BATCH;'26/03/2020 15:01:13;;Y;;;;'26/03/2020 14:34:24;1;1791797;;LU;1;';';';';';Y;#ELEK.CABIN;APPART;DEEL_APP_GEBOUW - PARTIE_IMMEUBLE_APP;NA;;;';;';;Y;;;;'26/03/2020 14:34:24
;;;Zoning;6807712;'20200127134349;W03-C-Antwerpen-West-FH08;6807712;'20200127134349;W03-C-Antwerpen-West-FH08;19085;FTTH-Cu;;';';;;;;;;706704;'20200326153601;4507688;'1630000;'3076;Bogaardestraat;'46;';2000;Antwerpen;;'152183,074;'211638,302;';Y;NA;4;4;Unknown;Unknown;;None;;;';IFH_BATCH;'26/03/2020 15:01:13;;Y;;;;'26/03/2020 14:34:24;2;1792652;;LU;1;';';';';';Y;;APPART;DEEL_APP_GEBOUW - PARTIE_IMMEUBLE_APP;NA;;;';;';;Y;;;;'26/03/2020 14:34:24
;;;Zoning;6807712;'20200127134349;W03-C-Antwerpen-West-FH08;6807712;'20200127134349;W03-C-Antwerpen-West-FH08;19085;FTTH-Cu;;';';;;;;;;706704;'20200326153601;4507688;'1630000;'3076;Bogaardestraat;'46;';2000;Antwerpen;;'152183,074;'211638,302;';Y;NA;4;4;Unknown;Unknown;;None;;;';IFH_BATCH;'26/03/2020 15:01:13;;Y;;;;'26/03/2020 14:34:24;3;10359442;;LU;1;';';';';';Y;;APPART;DEEL_APP_GEBOUW - PARTIE_IMMEUBLE_APP;NA;;;';;';;Y;;;;'26/03/2020 14:34:24
;;;Zoning;6807712;'20200127134349;W03-C-Antwerpen-West-FH08;6807712;'20200127134349;W03-C-Antwerpen-West-FH08;19085;FTTH-Cu;;';';;;;;;;706704;'20200326153601;4507688;'1630000;'3076;Bogaardestraat;'46;';2000;Antwerpen;;'152183,074;'211638,302;';Y;NA;4;4;Unknown;Unknown;;None;;;';IFH_BATCH;'26/03/2020 15:01:13;;Y;;;;'26/03/2020 14:34:24;4;10359443;;LU;1;';';';';';Y;;APPART;DEEL_APP_GEBOUW - PARTIE_IMMEUBLE_APP;NA;;;';;';;Y;;;;'26/03/2020 14:34:24
;;;Zoning;6807712;'20200127134349;W03-C-Antwerpen-West-FH08;6807712;'20200127134349;W03-C-Antwerpen-West-FH08;19085;FTTH-Cu;;';';;;;;;;706704;'20200326153601;4507688;'1630000;'3076;Bogaardestraat;'46;';2000;Antwerpen;;'152183,074;'211638,302;';Y;NA;4;4;Unknown;Unknown;;None;;;';IFH_BATCH;'26/03/2020 15:01:13;;Y;;;;'26/03/2020 14:34:24;5;10359444;;LU;1;';';';';';Y;;APPART;DEEL_APP_GEBOUW - PARTIE_IMMEUBLE_APP;NA;;;';;';;Y;;;;'26/03/2020 14:34:24
;;;Zoning;6807712;'20200127134349;W03-C-Antwerpen-West-FH08;6807712;'20200127134349;W03-C-Antwerpen-West-FH08;19085;FTTH-Cu;;';';;;;;;;706704;'20200326153601;4507688;'1630000;'3076;Bogaardestraat;'46;';2000;Antwerpen;;'152183,074;'211638,302;';Y;NA;4;4;Unknown;Unknown;;None;;;';IFH_BATCH;'26/03/2020 15:01:13;;Y;;;;'26/03/2020 14:34:24;6;10359445;;LU;1;';';';';';Y;;APPART;DEEL_APP_GEBOUW - PARTIE_IMMEUBLE_APP;NA;;;';;';;Y;;;;'26/03/2020 14:34:24
;;;Zoning;6807712;'20200127134349;W03-C-Antwerpen-West-FH08;6807712;'20200127134349;W03-C-Antwerpen-West-FH08;19085;FTTH-Cu;;';';;;;;;;706704;'20200326153601;4507688;'1630000;'3076;Bogaardestraat;'46;';2000;Antwerpen;;'152183,074;'211638,302;';Y;NA;4;4;Unknown;Unknown;;None;;;';IFH_BATCH;'26/03/2020 15:01:13;;Y;;;;'26/03/2020 14:34:24;7;10359446;;LU;1;';';';';';Y;;APPART;DEEL_APP_GEBOUW - PARTIE_IMMEUBLE_APP;NA;;;';;';;Y;;;;'26/03/2020 14:34:24
;;;Zoning;6807712;'20200127134349;W03-C-Antwerpen-West-FH08;6807712;'20200127134349;W03-C-Antwerpen-West-FH08;19085;FTTH-Cu;;';';;;;;;;706704;'20200326153601;4507688;'1630000;'3076;Bogaardestraat;'46;';2000;Antwerpen;;'152183,074;'211638,302;';Y;NA;4;4;Unknown;Unknown;;None;;;';IFH_BATCH;'26/03/2020 15:01:13;;Y;;;;'26/03/2020 14:34:24;8;10359447;;LU;1;';';';';';Y;;APPART;DEEL_APP_GEBOUW - PARTIE_IMMEUBLE_APP;NA;;;';;';;Y;;;;'26/03/2020 14:34:24
;;;Zoning;6807712;'20200127134349;W03-C-Antwerpen-West-FH08;6807712;'20200127134349;W03-C-Antwerpen-West-FH08;19085;FTTH-Cu;;';';;;;;;;706704;'20200326153601;4507688;'1630000;'3076;Bogaardestraat;'46;';2000;Antwerpen;;'152183,074;'211638,302;';Y;NA;4;4;Unknown;Unknown;;None;;;';IFH_BATCH;'26/03/2020 15:01:13;;Y;;;;'26/03/2020 14:34:24;9;10359448;;LU;1;';';';';';Y;;APPART;DEEL_APP_GEBOUW - PARTIE_IMMEUBLE_APP;NA;;;';;';;Y;;;;'26/03/2020 14:34:24
;;;Zoning;6807712;'20200127134349;W03-C-Antwerpen-West-FH08;6807712;'20200127134349;W03-C-Antwerpen-West-FH08;19085;FTTH-Cu;;';';;;;;;;706704;'20200326153601;4507688;'1630000;'3076;Bogaardestraat;'46;';2000;Antwerpen;;'152183,074;'211638,302;';Y;NA;4;4;Unknown;Unknown;;None;;;';IFH_BATCH;'26/03/2020 15:01:13;;Y;;;;'26/03/2020 14:34:24;10;10359449;;LU;1;';';';';';Y;;APPART;DEEL_APP_GEBOUW - PARTIE_IMMEUBLE_APP;NA;;;';;';;Y;;;;'26/03/2020 14:34:24
;;;Zoning;6807712;'20200127134349;W03-C-Antwerpen-West-FH08;6807712;'20200127134349;W03-C-Antwerpen-West-FH08;19085;FTTH-Cu;;';';;;;;;;706704;'20200326153601;4507688;'1630000;'3076;Bogaardestraat;'46;';2000;Antwerpen;;'152183,074;'211638,302;';Y;NA;4;4;Unknown;Unknown;;None;;;';IFH_BATCH;'26/03/2020 15:01:13;;Y;;;;'26/03/2020 14:34:24;11;10359450;;LU;1;';';';';';Y;;APPART;DEEL_APP_GEBOUW - PARTIE_IMMEUBLE_APP;NA;;;';;';;Y;;;;'26/03/2020 14:34:24
;;;Zoning;6807712;'20200127134349;W03-C-Antwerpen-West-FH08;6807712;'20200127134349;W03-C-Antwerpen-West-FH08;19085;FTTH-Cu;;';';;;;;;;706704;'20200326153601;4507688;'1630000;'3076;Bogaardestraat;'46;';2000;Antwerpen;;'152183,074;'211638,302;';Y;NA;4;4;Unknown;Unknown;;None;;;';IFH_BATCH;'26/03/2020 15:01:13;;Y;;;;'26/03/2020 14:34:24;12;10359451;;LU;1;';';';';';Y;;APPART;DEEL_APP_GEBOUW - PARTIE_IMMEUBLE_APP;NA;;;';;';;Y;;;;'26/03/2020 14:34:24
;;;Zoning;6807712;'20200127134349;W03-C-Antwerpen-West-FH08;6807712;'20200127134349;W03-C-Antwerpen-West-FH08;19085;FTTH-Cu;;';';;;;;;;706704;'20200326153601;4507688;'1630000;'3076;Bogaardestraat;'46;';2000;Antwerpen;;'152183,074;'211638,302;';Y;NA;4;4;Unknown;Unknown;;None;;;';IFH_BATCH;'26/03/2020 15:01:13;;Y;;;;'26/03/2020 14:34:24;13;10359452;;LU;1;';';';';';Y;;APPART;DEEL_APP_GEBOUW - PARTIE_IMMEUBLE_APP;NA;;;';;';;Y;;;;'26/03/2020 14:34:24
;;;Zoning;6807712;'20200127134349;W03-C-Antwerpen-West-FH08;6807712;'20200127134349;W03-C-Antwerpen-West-FH08;19085;FTTH-Cu;;';';;;;;;;706704;'20200326153601;4507688;'1630000;'3076;Bogaardestraat;'46;';2000;Antwerpen;;'152183,074;'211638,302;';Y;NA;4;4;Unknown;Unknown;;None;;;';IFH_BATCH;'26/03/2020 15:01:13;;Y;;;;'26/03/2020 14:34:24;14;10359453;;LU;1;';';';';';Y;;APPART;DEEL_APP_GEBOUW - PARTIE_IMMEUBLE_APP;NA;;;';;';;Y;;;;'26/03/2020 14:34:24
;;;Zoning;6807712;'20200127134349;W03-C-Antwerpen-West-FH08;6807712;'20200127134349;W03-C-Antwerpen-West-FH08;19085;FTTH-Cu;;';';;;;;;;696853;'20200326153552;4270907;'1630000;'3076;Bogaardestraat;'47;';2000;Antwerpen;;'152197,407;'211614,071;';Y;NA;4;4;Unknown;Unknown;;None;;;';IFH_BATCH;'26/03/2020 15:01:09;;Y;;;;'26/03/2020 14:34:24;1;1794534;;LU;1;';';';';';Y;;HOUSE;WONING - MAISON;NA;;;';;';;Y;;;;'26/03/2020 14:34:24
;;;Zoning;6807712;'20200127134349;W03-C-Antwerpen-West-FH08;6807712;'20200127134349;W03-C-Antwerpen-West-FH08;19085;FTTH-Cu;;';';;;;;;;696853;'20200326153552;4270907;'1630000;'3076;Bogaardestraat;'47;';2000;Antwerpen;;'152197,407;'211614,071;';Y;NA;4;4;Unknown;Unknown;;None;;;';IFH_BATCH;'26/03/2020 15:01:09;;Y;;;;'26/03/2020 14:34:24;2;1794535;;LU;1;';';';';';Y;;HOUSE;WONING - MAISON;NA;;;';;';;Y;;;;'26/03/2020 14:34:24
;;;Zoning;6807712;'20200127134349;W03-C-Antwerpen-West-FH08;6807712;'20200127134349;W03-C-Antwerpen-West-FH08;19085;FTTH-Cu;;';';;;;;;;696853;'20200326153552;4270907;'1630000;'3076;Bogaardestraat;'47;';2000;Antwerpen;;'152197,407;'211614,071;';Y;NA;4;4;Unknown;Unknown;;None;;;';IFH_BATCH;'26/03/2020 15:01:09;;Y;;;;'26/03/2020 14:34:24;3;1794536;;LU;1;';';';';';Y;;HOUSE;WONING - MAISON;NA;;;';;';;Y;;;;'26/03/2020 14:34:24
;;;Zoning;6807712;'20200127134349;W03-C-Antwerpen-West-FH08;6807712;'20200127134349;W03-C-Antwerpen-West-FH08;19085;FTTH-Cu;;';';;;;;;;696853;'20200326153552;4270907;'1630000;'3076;Bogaardestraat;'47;';2000;Antwerpen;;'152197,407;'211614,071;';Y;NA;4;4;Unknown;Unknown;;None;;;';IFH_BATCH;'26/03/2020 15:01:09;;Y;;;;'26/03/2020 14:34:24;4;1794537;;LU;1;';';';';';Y;;HOUSE;WONING - MAISON;NA;;;';;';;Y;;;;'26/03/2020 14:34:24
;;;Zoning;6807712;'20200127134349;W03-C-Antwerpen-West-FH08;6807712;'20200127134349;W03-C-Antwerpen-West-FH08;19085;FTTH-Cu;;';';;;;;;;696853;'20200326153552;4270907;'1630000;'3076;Bogaardestraat;'47;';2000;Antwerpen;;'152197,407;'211614,071;';Y;NA;4;4;Unknown;Unknown;;None;;;';IFH_BATCH;'26/03/2020 15:01:09;;Y;;;;'26/03/2020 14:34:24;5;1794538;;LU;1;';';';';';Y;;HOUSE;WONING - MAISON;NA;;;';;';;Y;;;;'26/03/2020 14:34:24
;;;Zoning;6807712;'20200127134349;W03-C-Antwerpen-West-FH08;6807712;'20200127134349;W03-C-Antwerpen-West-FH08;19085;FTTH-Cu;;';';;;;;;;696853;'20200326153552;4270907;'1630000;'3076;Bogaardestraat;'47;';2000;Antwerpen;;'152197,407;'211614,071;';Y;NA;4;4;Unknown;Unknown;;None;;;';IFH_BATCH;'26/03/2020 15:01:09;;Y;;;;'26/03/2020 14:34:24;6;1794539;;LU;1;';';';';';Y;;HOUSE;WONING - MAISON;NA;;;';;';;Y;;;;'26/03/2020 14:34:24
;;;Zoning;6807712;'20200127134349;W03-C-Antwerpen-West-FH08;6807712;'20200127134349;W03-C-Antwerpen-West-FH08;19085;FTTH-Cu;;';';;;;;;;696853;'20200326153552;4270907;'1630000;'3076;Bogaardestraat;'47;';2000;Antwerpen;;'152197,407;'211614,071;';Y;NA;4;4;Unknown;Unknown;;None;;;';IFH_BATCH;'26/03/2020 15:01:09;;Y;;;;'26/03/2020 14:34:24;7;1794540;;LU;1;';';';';';Y;;HOUSE;WONING - MAISON;NA;;;';;';;Y;;;;'26/03/2020 14:34:24
;;;Zoning;6807712;'20200127134349;W03-C-Antwerpen-West-FH08;6807712;'20200127134349;W03-C-Antwerpen-West-FH08;19085;FTTH-Cu;;';';;;;;;;696853;'20200326153552;4270907;'1630000;'3076;Bogaardestraat;'47;';2000;Antwerpen;;'152197,407;'211614,071;';Y;NA;4;4;Unknown;Unknown;;None;;;';IFH_BATCH;'26/03/2020 15:01:09;;Y;;;;'26/03/2020 14:34:24;8;1794541;;LU;1;';';';';';Y;;HOUSE;WONING - MAISON;NA;;;';;';;Y;;;;'26/03/2020 14:34:24
;;;Zoning;6807712;'20200127134349;W03-C-Antwerpen-West-FH08;6807712;'20200127134349;W03-C-Antwerpen-West-FH08;19085;FTTH-Cu;;';';;;;;;;31647754;'20200326153612;1752931;'1630000;'3076;Bogaardestraat;'48;';2000;Antwerpen;;'152182;'211632;';Y;NA;2;4;Unknown;Unknown;;None;;;';SSV_IMPORT;'26/03/2020 14:36:01;;Y;;;;'26/03/2020 14:34:24;1;11341265;;LU;1;';';';';';;;;;;;;';SSV_IMPORT;'26/03/2020 14:36:02;;Y;;;;'26/03/2020 14:34:24
;;;Zoning;6807712;'20200127134349;W03-C-Antwerpen-West-FH08;6807712;'20200127134349;W03-C-Antwerpen-West-FH08;19085;FTTH-Cu;;';';;;;;;;710625;'20200326153604;49198;'1630000;'3076;Bogaardestraat;'49;';2000;Antwerpen;;'152195,147;'211610,223;';Y;NA;2;4;Unknown;Unknown;;None;;;';IFH_BATCH;'26/03/2020 15:01:21;;Y;;;;'26/03/2020 14:34:24;1;1798211;;LU;1;';';';';';Y;;HOUSE;WONING - MAISON;NA;;;';;';;Y;;;;'26/03/2020 14:34:24
;;;Zoning;6807712;'20200127134349;W03-C-Antwerpen-West-FH08;6807712;'20200127134349;W03-C-Antwerpen-West-FH08;19085;FTTH-Cu;;';';;;;;;;31647755;'20200326153612;1752942;'1630000;'3076;Bogaardestraat;'50;';2000;Antwerpen;;'152187;'211632;';Y;NA;2;4;Unknown;Unknown;;None;;;';SSV_IMPORT;'26/03/2020 14:36:05;;Y;;;;'26/03/2020 14:34:24;1;11341266;;LU;1;';';';';';;;;;;;;';SSV_IMPORT;'26/03/2020 14:36:06;;Y;;;;'26/03/2020 14:34:24
;;;Zoning;6807712;'20200127134349;W03-C-Antwerpen-West-FH08;6807712;'20200127134349;W03-C-Antwerpen-West-FH08;19085;FTTH-Cu;;';';;;;;;;31647756;'20200326153612;1752945;'1630000;'3076;Bogaardestraat;'51;';2000;Antwerpen;;'152191;'211604;';Y;NA;4;4;Unknown;Unknown;;None;;;';SSV_IMPORT;'26/03/2020 14:36:11;;Y;;;;'26/03/2020 14:34:24;1;11341267;;LU;1;';';';';';;;;;;;;';SSV_IMPORT;'26/03/2020 14:36:12;;Y;;;;'26/03/2020 14:34:24
;;;Zoning;6807712;'20200127134349;W03-C-Antwerpen-West-FH08;6807712;'20200127134349;W03-C-Antwerpen-West-FH08;19085;FTTH-Cu;;';';;;;;;;31647756;'20200326153612;1752945;'1630000;'3076;Bogaardestraat;'51;';2000;Antwerpen;;'152191;'211604;';Y;NA;4;4;Unknown;Unknown;;None;;;';SSV_IMPORT;'26/03/2020 14:36:11;;Y;;;;'26/03/2020 14:34:24;2;11341268;;LU;1;';';';';';;;;;;;;';SSV_IMPORT;'26/03/2020 14:36:12;;Y;;;;'26/03/2020 14:34:24
;;;Zoning;6807712;'20200127134349;W03-C-Antwerpen-West-FH08;6807712;'20200127134349;W03-C-Antwerpen-West-FH08;19085;FTTH-Cu;;';';;;;;;;31647756;'20200326153612;1752945;'1630000;'3076;Bogaardestraat;'51;';2000;Antwerpen;;'152191;'211604;';Y;NA;4;4;Unknown;Unknown;;None;;;';SSV_IMPORT;'26/03/2020 14:36:11;;Y;;;;'26/03/2020 14:34:24;3;11341269;;LU;1;';';';';';;;;;;;;';SSV_IMPORT;'26/03/2020 14:36:13;;Y;;;;'26/03/2020 14:34:24
;;;Zoning;6807712;'20200127134349;W03-C-Antwerpen-West-FH08;6807712;'20200127134349;W03-C-Antwerpen-West-FH08;19085;FTTH-Cu;;';';;;;;;;31647757;'20200326153612;1752952;'1630000;'3076;Bogaardestraat;'52;';2000;Antwerpen;;'152180;'211624;';Y;NA;2;4;Unknown;Unknown;;None;;;';SSV_IMPORT;'26/03/2020 14:36:15;;Y;;;;'26/03/2020 14:34:24;1;11341270;;LU;1;';';';';';;;;;;;;';SSV_IMPORT;'26/03/2020 14:36:16;;Y;;;;'26/03/2020 14:34:24
;;;Zoning;6807712;'20200127134349;W03-C-Antwerpen-West-FH08;6807712;'20200127134349;W03-C-Antwerpen-West-FH08;19085;FTTH-Cu;;';';;;;;;;629488;'20200326153550;1752956;'1630000;'3076;Bogaardestraat;'54;';2000;Antwerpen;;'152177,313;'211626,319;';Y;NA;4;4;Unknown;Unknown;;None;;;';IFH_BATCH;'26/03/2020 15:01:04;;Y;;;;'26/03/2020 14:34:24;1;1812699;;LU;1;';';';';';Y;;HOUSE;WONING - MAISON;NA;;;';;';;Y;;;;'26/03/2020 14:34:24
;;;Zoning;6807712;'20200127134349;W03-C-Antwerpen-West-FH08;6807712;'20200127134349;W03-C-Antwerpen-West-FH08;19085;FTTH-Cu;;';';;;;;;;629488;'20200326153550;1752956;'1630000;'3076;Bogaardestraat;'54;';2000;Antwerpen;;'152177,313;'211626,319;';Y;NA;4;4;Unknown;Unknown;;None;;;';IFH_BATCH;'26/03/2020 15:01:04;;Y;;;;'26/03/2020 14:34:24;2;1812700;;LU;1;';';';';';Y;;HOUSE;WONING - MAISON;NA;;;';;';;Y;;;;'26/03/2020 14:34:24
;;;Zoning;6807712;'20200127134349;W03-C-Antwerpen-West-FH08;6807712;'20200127134349;W03-C-Antwerpen-West-FH08;19085;FTTH-Cu;;';';;;;;;;629488;'20200326153550;1752956;'1630000;'3076;Bogaardestraat;'54;';2000;Antwerpen;;'152177,313;'211626,319;';Y;NA;4;4;Unknown;Unknown;;None;;;';IFH_BATCH;'26/03/2020 15:01:04;;Y;;;;'26/03/2020 14:34:24;3;1812701;;LU;1;';';';';';Y;;HOUSE;WONING - MAISON;NA;;;';;';;Y;;;;'26/03/2020 14:34:24
;;;Zoning;6807712;'20200127134349;W03-C-Antwerpen-West-FH08;6807712;'20200127134349;W03-C-Antwerpen-West-FH08;19085;FTTH-Cu;;';';;;;;;;629488;'20200326153550;1752956;'1630000;'3076;Bogaardestraat;'54;';2000;Antwerpen;;'152177,313;'211626,319;';Y;NA;4;4;Unknown;Unknown;;None;;;';IFH_BATCH;'26/03/2020 15:01:04;;Y;;;;'26/03/2020 14:34:24;4;1812702;;LU;1;';';';';';Y;;HOUSE;WONING - MAISON;NA;;;';;';;Y;;;;'26/03/2020 14:34:24
;;;Zoning;6807712;'20200127134349;W03-C-Antwerpen-West-FH08;6807712;'20200127134349;W03-C-Antwerpen-West-FH08;19085;FTTH-Cu;;';';;;;;;;31647758;'20200326153612;1752958;'1630000;'3076;Bogaardestraat;'56;';2000;Antwerpen;;'152177;'211616;';Y;NA;2;4;Unknown;Unknown;;None;;;';SSV_IMPORT;'26/03/2020 14:36:20;;Y;;;;'26/03/2020 14:34:24;1;11341271;;LU;1;';';';';';;;;;;;;';SSV_IMPORT;'26/03/2020 14:36:20;;Y;;;;'26/03/2020 14:34:24
;;;Zoning;6807712;'20200127134349;W03-C-Antwerpen-West-FH08;6807712;'20200127134349;W03-C-Antwerpen-West-FH08;19085;FTTH-Cu;;';';;;;;;;31647759;'20200326153612;49196;'1630000;'3076;Bogaardestraat;'58;';2000;Antwerpen;;'152173;'211601;';Y;NA;2;4;Unknown;Unknown;;None;;;';SSV_IMPORT;'26/03/2020 14:36:24;;Y;;;;'26/03/2020 14:34:24;1;11341272;;LU;1;';';';';';;;;;;;;';SSV_IMPORT;'26/03/2020 14:36:24;;Y;;;;'26/03/2020 14:34:24
;;;Zoning;6807712;'20200127134349;W03-C-Antwerpen-West-FH08;6807712;'20200127134349;W03-C-Antwerpen-West-FH08;19085;FTTH-Cu;;';';;;;;;;658140;'20200326153547;198789;'1630000;'3955;Bredestraat;'2;';2000;Antwerpen;;'152326,15;'211694,369;';N;MON;2;0;Unknown;Unknown;;None;;;';IFH_BATCH;'26/03/2020 15:01:53;;Y;;;;'26/03/2020 14:34:24;1;1693637;;LU;1;';';';';';Y;;HOUSE;WONING - MAISON;NA;;;';;';;Y;;;;'26/03/2020 14:34:24
;;;Zoning;6807712;'20200127134349;W03-C-Antwerpen-West-FH08;6807712;'20200127134349;W03-C-Antwerpen-West-FH08;19085;FTTH-Cu;;';';;;;;;;632169;'20200326153550;1778750;'1630000;'3955;Bredestraat;'4;';2000;Antwerpen;;'152323,868;'211686,5;';N;MON;2;0;Unknown;Unknown;;None;;;';IFH_BATCH;'26/03/2020 15:01:37;;Y;;;;'26/03/2020 14:34:24;1;1775810;;BU;1;';';';';';Y;;OFFICE;KANTOORGEBOUW - BATIMENT DE BUREAU;NA;;;';;';;Y;;;;'26/03/2020 14:34:24
;;;Zoning;6807712;'20200127134349;W03-C-Antwerpen-West-FH08;6807712;'20200127134349;W03-C-Antwerpen-West-FH08;19085;FTTH-Cu;;';';;;;;;;632171;'20200326153550;1778758;'1630000;'3955;Bredestraat;'6;';2000;Antwerpen;;'152325,442;'211675,248;';Y;NA;2;4;Unknown;Unknown;;None;;;';IFH_BATCH;'26/03/2020 15:01:39;;Y;;;;'26/03/2020 14:34:24;1;1824182;;LU;1;';';';';';Y;;HOUSE;WONING - MAISON;NA;;;';;';;Y;;;;'26/03/2020 14:34:24
;;;Zoning;6807712;'20200127134349;W03-C-Antwerpen-West-FH08;6807712;'20200127134349;W03-C-Antwerpen-West-FH08;19085;FTTH-Cu;;';';;;;;;;632173;'20200326153550;1778763;'1630000;'3955;Bredestraat;'8;';2000;Antwerpen;;'152322,462;'211669,697;';N;MON;4;0;Unknown;Unknown;;None;;;';IFH_BATCH;'26/03/2020 15:01:41;;Y;;;;'26/03/2020 14:34:24;1;1853000;;LU;1;';';';';';Y;#A.TV.1/K2;APPART;DEEL_APP_GEBOUW - PARTIE_IMMEUBLE_APP;APPART;;;';;';;Y;;;;'26/03/2020 14:34:24
;;;Zoning;6807712;'20200127134349;W03-C-Antwerpen-West-FH08;6807712;'20200127134349;W03-C-Antwerpen-West-FH08;19085;FTTH-Cu;;';';;;;;;;632173;'20200326153550;1778763;'1630000;'3955;Bredestraat;'8;';2000;Antwerpen;;'152322,462;'211669,697;';N;MON;4;0;Unknown;Unknown;;None;;;';IFH_BATCH;'26/03/2020 15:01:41;;Y;;;;'26/03/2020 14:34:24;2;1853322;;LU;1;';';';';';Y;#A2.3/K3;APPART;DEEL_APP_GEBOUW - PARTIE_IMMEUBLE_APP;APPART;;;';;';;Y;;;;'26/03/2020 14:34:24
;;;Zoning;6807712;'20200127134349;W03-C-Antwerpen-West-FH08;6807712;'20200127134349;W03-C-Antwerpen-West-FH08;19085;FTTH-Cu;;';';;;;;;;632173;'20200326153550;1778763;'1630000;'3955;Bredestraat;'8;';2000;Antwerpen;;'152322,462;'211669,697;';N;MON;4;0;Unknown;Unknown;;None;;;';IFH_BATCH;'26/03/2020 15:01:41;;Y;;;;'26/03/2020 14:34:24;3;1854146;;BU;1;';';';';';Y;#BU.GV/K1;APPART;DEEL_APP_GEBOUW - PARTIE_IMMEUBLE_APP;OFFICE;;;';;';;Y;;;;'26/03/2020 14:34:24
;;;Zoning;6807712;'20200127134349;W03-C-Antwerpen-West-FH08;6807712;'20200127134349;W03-C-Antwerpen-West-FH08;19085;FTTH-Cu;;';';;;;;;;632175;'20200326153550;1778770;'1630000;'3955;Bredestraat;'10;';2000;Antwerpen;;'152322,373;'211662,815;';Y;NA;4;4;Unknown;Unknown;;None;;;';IFH_BATCH;'26/03/2020 15:01:43;;Y;;;;'26/03/2020 14:34:24;1;1620855;;LU;1;';';';';';Y;;HOUSE;WONING - MAISON;NA;;;';;';;Y;;;;'26/03/2020 14:34:24
;;;Zoning;6807712;'20200127134349;W03-C-Antwerpen-West-FH08;6807712;'20200127134349;W03-C-Antwerpen-West-FH08;19085;FTTH-Cu;;';';;;;;;;632175;'20200326153550;1778770;'1630000;'3955;Bredestraat;'10;';2000;Antwerpen;;'152322,373;'211662,815;';Y;NA;4;4;Unknown;Unknown;;None;;;';IFH_BATCH;'26/03/2020 15:01:43;;Y;;;;'26/03/2020 14:34:24;2;1620856;;LU;1;';';';';';Y;;HOUSE;WONING - MAISON;NA;;;';;';;Y;;;;'26/03/2020 14:34:24
;;;Zoning;6807712;'20200127134349;W03-C-Antwerpen-West-FH08;6807712;'20200127134349;W03-C-Antwerpen-West-FH08;19085;FTTH-Cu;;';';;;;;;;707178;'20200326153605;4511233;'1630000;'3955;Bredestraat;'18;';2000;Antwerpen;;'152321,192;'211642,356;';Y;NA;2;4;Unknown;Unknown;;None;;;';IFH_BATCH;'26/03/2020 15:01:55;;Y;;;;'26/03/2020 14:34:24;1;1680055;;LU;1;';';';';';Y;;HOUSE;WONING - MAISON;NA;;;';;';;Y;;;;'26/03/2020 14:34:24
;;;Zoning;6807712;'20200127134349;W03-C-Antwerpen-West-FH08;6807712;'20200127134349;W03-C-Antwerpen-West-FH08;19085;FTTH-Cu;;';';;;;;;;632186;'20200326153550;1778813;'1630000;'3955;Bredestraat;'32;';2000;Antwerpen;;'152311,759;'211603,529;';Y;NA;4;4;Unknown;Unknown;;None;;;';IFH_BATCH;'26/03/2020 15:01:47;;Y;;;;'26/03/2020 14:34:24;1;1751754;;LU;1;';';';';';Y;;HOUSE;WONING - MAISON;NA;;;';;';;Y;;;;'26/03/2020 14:34:24
;;;Zoning;6807712;'20200127134349;W03-C-Antwerpen-West-FH08;6807712;'20200127134349;W03-C-Antwerpen-West-FH08;19085;FTTH-Cu;;';';;;;;;;632186;'20200326153550;1778813;'1630000;'3955;Bredestraat;'32;';2000;Antwerpen;;'152311,759;'211603,529;';Y;NA;4;4;Unknown;Unknown;;None;;;';IFH_BATCH;'26/03/2020 15:01:47;;Y;;;;'26/03/2020 14:34:24;2;1751755;;LU;1;';';';';';Y;;HOUSE;WONING - MAISON;NA;;;';;';;Y;;;;'26/03/2020 14:34:24
;;;Zoning;6807712;'20200127134349;W03-C-Antwerpen-West-FH08;6807712;'20200127134349;W03-C-Antwerpen-West-FH08;19085;FTTH-Cu;;';';;;;;;;632188;'20200326153550;1778826;'1630000;'3955;Bredestraat;'34;';2000;Antwerpen;;'152309,978;'211598,392;';Y;NA;4;4;Unknown;Unknown;;None;;;';IFH_BATCH;'26/03/2020 15:01:49;;Y;;;;'26/03/2020 14:34:24;1;1757799;;BU;1;';';';';';Y;;COMM;HANDELSZAAK - COMMERCE;NA;;;';;';;Y;;;;'26/03/2020 14:34:24
;;;Zoning;6807712;'20200127134349;W03-C-Antwerpen-West-FH08;6807712;'20200127134349;W03-C-Antwerpen-West-FH08;19085;FTTH-Cu;;';';;;;;;;632188;'20200326153550;1778826;'1630000;'3955;Bredestraat;'34;';2000;Antwerpen;;'152309,978;'211598,392;';Y;NA;4;4;Unknown;Unknown;;None;;;';IFH_BATCH;'26/03/2020 15:01:49;;Y;;;;'26/03/2020 14:34:24;2;1757800;;BU;1;';';';';';Y;;COMM;HANDELSZAAK - COMMERCE;NA;;;';;';;Y;;;;'26/03/2020 14:34:24
;;;Zoning;6807712;'20200127134349;W03-C-Antwerpen-West-FH08;6807712;'20200127134349;W03-C-Antwerpen-West-FH08;19085;FTTH-Cu;;';';;;;;;;710627;'20200326153604;49200;'1630000;'3955;Bredestraat;'46;';2000;Antwerpen;;'152304,225;'211577,432;';Y;NA;4;4;Unknown;Unknown;;None;;;';IFH_BATCH;'26/03/2020 15:01:59;;Y;;;;'26/03/2020 14:34:24;1;1791440;;LU;1;';';';';';Y;#A1/KAVEL 2/;APPART;DEEL_APP_GEBOUW - PARTIE_IMMEUBLE_APP;APPART;;;';;';;Y;;;;'26/03/2020 14:34:24
;;;Zoning;6807712;'20200127134349;W03-C-Antwerpen-West-FH08;6807712;'20200127134349;W03-C-Antwerpen-West-FH08;19085;FTTH-Cu;;';';;;;;;;710627;'20200326153604;49200;'1630000;'3955;Bredestraat;'46;';2000;Antwerpen;;'152304,225;'211577,432;';Y;NA;4;4;Unknown;Unknown;;None;;;';IFH_BATCH;'26/03/2020 15:01:59;;Y;;;;'26/03/2020 14:34:24;2;1791536;;LU;1;';';';';';Y;#A2/KAVEL 3/;APPART;DEEL_APP_GEBOUW - PARTIE_IMMEUBLE_APP;APPART;;;';;';;Y;;;;'26/03/2020 14:34:24
;;;Zoning;6807712;'20200127134349;W03-C-Antwerpen-West-FH08;6807712;'20200127134349;W03-C-Antwerpen-West-FH08;19085;FTTH-Cu;;';';;;;;;;710627;'20200326153604;49200;'1630000;'3955;Bredestraat;'46;';2000;Antwerpen;;'152304,225;'211577,432;';Y;NA;4;4;Unknown;Unknown;;None;;;';IFH_BATCH;'26/03/2020 15:01:59;;Y;;;;'26/03/2020 14:34:24;3;1791537;;LU;1;';';';';';Y;#A2/KAVEL 4/;APPART;DEEL_APP_GEBOUW - PARTIE_IMMEUBLE_APP;APPART;;;';;';;Y;;;;'26/03/2020 14:34:24
;;;Zoning;6807712;'20200127134349;W03-C-Antwerpen-West-FH08;6807712;'20200127134349;W03-C-Antwerpen-West-FH08;19085;FTTH-Cu;;';';;;;;;;710627;'20200326153604;49200;'1630000;'3955;Bredestraat;'46;';2000;Antwerpen;;'152304,225;'211577,432;';Y;NA;4;4;Unknown;Unknown;;None;;;';IFH_BATCH;'26/03/2020 15:01:59;;Y;;;;'26/03/2020 14:34:24;4;1791611;;LU;1;';';';';';Y;#A3/KAVEL 6/;APPART;DEEL_APP_GEBOUW - PARTIE_IMMEUBLE_APP;APPART;;;';;';;Y;;;;'26/03/2020 14:34:24
;;;Zoning;6807712;'20200127134349;W03-C-Antwerpen-West-FH08;6807712;'20200127134349;W03-C-Antwerpen-West-FH08;19085;FTTH-Cu;;';';;;;;;;710627;'20200326153604;49200;'1630000;'3955;Bredestraat;'46;';2000;Antwerpen;;'152304,225;'211577,432;';Y;NA;4;4;Unknown;Unknown;;None;;;';IFH_BATCH;'26/03/2020 15:01:59;;Y;;;;'26/03/2020 14:34:24;5;1791812;;BU;1;';';';';';Y;#HA.GV/KAVEL 1/;APPART;DEEL_APP_GEBOUW - PARTIE_IMMEUBLE_APP;COMM;;;';;';;Y;;;;'26/03/2020 14:34:24
;;;Zoning;6807712;'20200127134349;W03-C-Antwerpen-West-FH08;6807712;'20200127134349;W03-C-Antwerpen-West-FH08;19085;FTTH-Cu;;';';;;;;;;714788;'20200326153600;60921;'1630000;'11411;Happaertstraat;'2;';2000;Antwerpen;;'152218,569;'211709,281;';Y;NA;4;4;Unknown;Unknown;;None;;;';IFH_BATCH;'26/03/2020 14:49:59;;Y;;;;'26/03/2020 14:34:24;1;1693638;;LU;1;';';';';';Y;;APTBLD;APPARTEMENTSGEBOUW - IMMEUBLE A APPARTEMENTS;NA;;;';;';;Y;;;;'26/03/2020 14:34:24
;;;Zoning;6807712;'20200127134349;W03-C-Antwerpen-West-FH08;6807712;'20200127134349;W03-C-Antwerpen-West-FH08;19085;FTTH-Cu;;';';;;;;;;714788;'20200326153600;60921;'1630000;'11411;Happaertstraat;'2;';2000;Antwerpen;;'152218,569;'211709,281;';Y;NA;4;4;Unknown;Unknown;;None;;;';IFH_BATCH;'26/03/2020 14:49:59;;Y;;;;'26/03/2020 14:34:24;2;1693639;;LU;1;';';';';';Y;;APTBLD;APPARTEMENTSGEBOUW - IMMEUBLE A APPARTEMENTS;NA;;;';;';;Y;;;;'26/03/2020 14:34:24
;;;Zoning;6807712;'20200127134349;W03-C-Antwerpen-West-FH08;6807712;'20200127134349;W03-C-Antwerpen-West-FH08;19085;FTTH-Cu;;';';;;;;;;714788;'20200326153600;60921;'1630000;'11411;Happaertstraat;'2;';2000;Antwerpen;;'152218,569;'211709,281;';Y;NA;4;4;Unknown;Unknown;;None;;;';IFH_BATCH;'26/03/2020 14:49:59;;Y;;;;'26/03/2020 14:34:24;3;1693640;;LU;1;';';';';';Y;;APTBLD;APPARTEMENTSGEBOUW - IMMEUBLE A APPARTEMENTS;NA;;;';;';;Y;;;;'26/03/2020 14:34:24
;;;Zoning;6807712;'20200127134349;W03-C-Antwerpen-West-FH08;6807712;'20200127134349;W03-C-Antwerpen-West-FH08;19085;FTTH-Cu;;';';;;;;;;714788;'20200326153600;60921;'1630000;'11411;Happaertstraat;'2;';2000;Antwerpen;;'152218,569;'211709,281;';Y;NA;4;4;Unknown;Unknown;;None;;;';IFH_BATCH;'26/03/2020 14:49:59;;Y;;;;'26/03/2020 14:34:24;4;1693641;;LU;1;';';';';';Y;;APTBLD;APPARTEMENTSGEBOUW - IMMEUBLE A APPARTEMENTS;NA;;;';;';;Y;;;;'26/03/2020 14:34:24
;;;Zoning;6807712;'20200127134349;W03-C-Antwerpen-West-FH08;6807712;'20200127134349;W03-C-Antwerpen-West-FH08;19085;FTTH-Cu;;';';;;;;;;714788;'20200326153600;60921;'1630000;'11411;Happaertstraat;'2;';2000;Antwerpen;;'152218,569;'211709,281;';Y;NA;4;4;Unknown;Unknown;;None;;;';IFH_BATCH;'26/03/2020 14:49:59;;Y;;;;'26/03/2020 14:34:24;5;1693642;;LU;1;';';';';';Y;;APTBLD;APPARTEMENTSGEBOUW - IMMEUBLE A APPARTEMENTS;NA;;;';;';;Y;;;;'26/03/2020 14:34:24
;;;Zoning;6807712;'20200127134349;W03-C-Antwerpen-West-FH08;6807712;'20200127134349;W03-C-Antwerpen-West-FH08;19085;FTTH-Cu;;';';;;;;;;714788;'20200326153600;60921;'1630000;'11411;Happaertstraat;'2;';2000;Antwerpen;;'152218,569;'211709,281;';Y;NA;4;4;Unknown;Unknown;;None;;;';IFH_BATCH;'26/03/2020 14:49:59;;Y;;;;'26/03/2020 14:34:24;6;1693643;;LU;1;';';';';';Y;;APTBLD;APPARTEMENTSGEBOUW - IMMEUBLE A APPARTEMENTS;NA;;;';;';;Y;;;;'26/03/2020 14:34:24
;;;Zoning;6807712;'20200127134349;W03-C-Antwerpen-West-FH08;6807712;'20200127134349;W03-C-Antwerpen-West-FH08;19085;FTTH-Cu;;';';;;;;;;714788;'20200326153600;60921;'1630000;'11411;Happaertstraat;'2;';2000;Antwerpen;;'152218,569;'211709,281;';Y;NA;4;4;Unknown;Unknown;;None;;;';IFH_BATCH;'26/03/2020 14:49:59;;Y;;;;'26/03/2020 14:34:24;7;1693644;;LU;1;';';';';';Y;;APTBLD;APPARTEMENTSGEBOUW - IMMEUBLE A APPARTEMENTS;NA;;;';;';;Y;;;;'26/03/2020 14:34:24
;;;Zoning;6807712;'20200127134349;W03-C-Antwerpen-West-FH08;6807712;'20200127134349;W03-C-Antwerpen-West-FH08;19085;FTTH-Cu;;';';;;;;;;714788;'20200326153600;60921;'1630000;'11411;Happaertstraat;'2;';2000;Antwerpen;;'152218,569;'211709,281;';Y;NA;4;4;Unknown;Unknown;;None;;;';IFH_BATCH;'26/03/2020 14:49:59;;Y;;;;'26/03/2020 14:34:24;8;1693645;;LU;1;';';';';';Y;;APTBLD;APPARTEMENTSGEBOUW - IMMEUBLE A APPARTEMENTS;NA;;;';;';;Y;;;;'26/03/2020 14:34:24
;;;Zoning;6807712;'20200127134349;W03-C-Antwerpen-West-FH08;6807712;'20200127134349;W03-C-Antwerpen-West-FH08;19085;FTTH-Cu;;';';;;;;;;647280;'20200326153549;1934028;'1630000;'11411;Happaertstraat;'8;';2000;Antwerpen;;'152234,455;'211706,241;';Y;NA;4;4;Unknown;Unknown;;None;;;';IFH_BATCH;'26/03/2020 14:49:22;;Y;;;;'26/03/2020 14:34:24;1;1852861;;LU;1;';';';';';Y;#A.1/K1;APPART;DEEL_APP_GEBOUW - PARTIE_IMMEUBLE_APP;APPART;;;';;';;Y;;;;'26/03/2020 14:34:24
;;;Zoning;6807712;'20200127134349;W03-C-Antwerpen-West-FH08;6807712;'20200127134349;W03-C-Antwerpen-West-FH08;19085;FTTH-Cu;;';';;;;;;;647280;'20200326153549;1934028;'1630000;'11411;Happaertstraat;'8;';2000;Antwerpen;;'152234,455;'211706,241;';Y;NA;4;4;Unknown;Unknown;;None;;;';IFH_BATCH;'26/03/2020 14:49:22;;Y;;;;'26/03/2020 14:34:24;2;1852948;;LU;1;';';';';';Y;#A.GV/K.GV;APPART;DEEL_APP_GEBOUW - PARTIE_IMMEUBLE_APP;APPART;;;';;';;Y;;;;'26/03/2020 14:34:24
;;;Zoning;6807712;'20200127134349;W03-C-Antwerpen-West-FH08;6807712;'20200127134349;W03-C-Antwerpen-West-FH08;19085;FTTH-Cu;;';';;;;;;;647280;'20200326153549;1934028;'1630000;'11411;Happaertstraat;'8;';2000;Antwerpen;;'152234,455;'211706,241;';Y;NA;4;4;Unknown;Unknown;;None;;;';IFH_BATCH;'26/03/2020 14:49:22;;Y;;;;'26/03/2020 14:34:24;3;1853448;;LU;1;';';';';';Y;#A2/K2-G;APPART;DEEL_APP_GEBOUW - PARTIE_IMMEUBLE_APP;APPART;;;';;';;Y;;;;'26/03/2020 14:34:24
;;;Zoning;6807712;'20200127134349;W03-C-Antwerpen-West-FH08;6807712;'20200127134349;W03-C-Antwerpen-West-FH08;19085;FTTH-Cu;;';';;;;;;;647280;'20200326153549;1934028;'1630000;'11411;Happaertstraat;'8;';2000;Antwerpen;;'152234,455;'211706,241;';Y;NA;4;4;Unknown;Unknown;;None;;;';IFH_BATCH;'26/03/2020 14:49:22;;Y;;;;'26/03/2020 14:34:24;4;1853648;;LU;1;';';';';';Y;#A3/K3;APPART;DEEL_APP_GEBOUW - PARTIE_IMMEUBLE_APP;APPART;;;';;';;Y;;;;'26/03/2020 14:34:24
;;;Zoning;6807712;'20200127134349;W03-C-Antwerpen-West-FH08;6807712;'20200127134349;W03-C-Antwerpen-West-FH08;19085;FTTH-Cu;;';';;;;;;;31647772;'20200326153612;4511262;'1630000;'11411;Happaertstraat;'11;';2000;Antwerpen;;'152252;'211720;';Y;NA;2;4;Unknown;Unknown;;None;;;';SSV_IMPORT;'26/03/2020 14:36:43;;Y;;;;'26/03/2020 14:34:24;1;11341273;;LU;1;';';';';';;;;;;;;';SSV_IMPORT;'26/03/2020 14:36:44;;Y;;;;'26/03/2020 14:34:24
;;;Zoning;6807712;'20200127134349;W03-C-Antwerpen-West-FH08;6807712;'20200127134349;W03-C-Antwerpen-West-FH08;19085;FTTH-Cu;;';';;;;;;;31647773;'20200326153612;4511180;'1630000;'11411;Happaertstraat;'12;';2000;Antwerpen;;'152262;'211688;';Y;NA;2;4;Unknown;Unknown;;None;;;';SSV_IMPORT;'26/03/2020 14:36:48;;Y;;;;'26/03/2020 14:34:24;1;11341274;;LU;1;';';';';';;;;;;;;';SSV_IMPORT;'26/03/2020 14:36:48;;Y;;;;'26/03/2020 14:34:24
;;;Zoning;6807712;'20200127134349;W03-C-Antwerpen-West-FH08;6807712;'20200127134349;W03-C-Antwerpen-West-FH08;19085;FTTH-Cu;;';';;;;;;;31647774;'20200326153612;4511182;'1630000;'11411;Happaertstraat;'14;';2000;Antwerpen;;'152267;'211688;';Y;NA;2;4;Unknown;Unknown;;None;;;';SSV_IMPORT;'26/03/2020 14:36:52;;Y;;;;'26/03/2020 14:34:24;1;11341275;;LU;1;';';';';';;;;;;;;';SSV_IMPORT;'26/03/2020 14:36:52;;Y;;;;'26/03/2020 14:34:24
;;;Zoning;6807712;'20200127134349;W03-C-Antwerpen-West-FH08;6807712;'20200127134349;W03-C-Antwerpen-West-FH08;19085;FTTH-Cu;;';';;;;;;;647282;'20200326153549;1934044;'1630000;'11411;Happaertstraat;'15;';2000;Antwerpen;;'152263,367;'211717,89;';Y;NA;2;4;Unknown;Unknown;;None;;;';IFH_BATCH;'26/03/2020 14:49:26;;Y;;;;'26/03/2020 14:34:24;1;1661985;;LU;1;';';';';';Y;;HOUSE;WONING - MAISON;NA;;;';;';;Y;;;;'26/03/2020 14:34:24
;;;Zoning;6807712;'20200127134349;W03-C-Antwerpen-West-FH08;6807712;'20200127134349;W03-C-Antwerpen-West-FH08;19085;FTTH-Cu;;';';;;;;;;31647775;'20200326153612;4511185;'1630000;'11411;Happaertstraat;'16;';2000;Antwerpen;;'152267;'211688;';Y;NA;2;4;Unknown;Unknown;;None;;;';SSV_IMPORT;'26/03/2020 14:36:56;;Y;;;;'26/03/2020 14:34:24;1;11341276;;LU;1;';';';';';;;;;;;;';SSV_IMPORT;'26/03/2020 14:36:56;;Y;;;;'26/03/2020 14:34:24
;;;Zoning;6807712;'20200127134349;W03-C-Antwerpen-West-FH08;6807712;'20200127134349;W03-C-Antwerpen-West-FH08;19085;FTTH-Cu;;';';;;;;;;647283;'20200326153549;1934063;'1630000;'11411;Happaertstraat;'17;';2000;Antwerpen;;'152268,373;'211716,13;';Y;NA;2;4;Unknown;Unknown;;None;;;';IFH_BATCH;'26/03/2020 14:49:28;;Y;;;;'26/03/2020 14:34:24;1;1674551;;LU;1;';';';';';Y;;HOUSE;WONING - MAISON;NA;;;';;';;Y;;;;'26/03/2020 14:34:24
;;;Zoning;6807712;'20200127134349;W03-C-Antwerpen-West-FH08;6807712;'20200127134349;W03-C-Antwerpen-West-FH08;19085;FTTH-Cu;;';';;;;;;;31647776;'20200326153612;4511188;'1630000;'11411;Happaertstraat;'18;';2000;Antwerpen;;'152267;'211688;';Y;NA;2;4;Unknown;Unknown;;None;;;';SSV_IMPORT;'26/03/2020 14:37:00;;Y;;;;'26/03/2020 14:34:24;1;11341277;;LU;1;';';';';';;;;;;;;';SSV_IMPORT;'26/03/2020 14:37:00;;Y;;;;'26/03/2020 14:34:24
;;;Zoning;6807712;'20200127134349;W03-C-Antwerpen-West-FH08;6807712;'20200127134349;W03-C-Antwerpen-West-FH08;19085;FTTH-Cu;;';';;;;;;;647284;'20200326153549;1934079;'1630000;'11411;Happaertstraat;'19;';2000;Antwerpen;;'152272,732;'211716,334;';Y;NA;2;4;Unknown;Unknown;;None;;;';IFH_BATCH;'26/03/2020 14:49:31;;Y;;;;'26/03/2020 14:34:24;1;1685745;;LU;1;';';';';';Y;;HOUSE;WONING - MAISON;NA;;;';;';;Y;;;;'26/03/2020 14:34:24
;;;Zoning;6807712;'20200127134349;W03-C-Antwerpen-West-FH08;6807712;'20200127134349;W03-C-Antwerpen-West-FH08;19085;FTTH-Cu;;';';;;;;;;31647777;'20200326153612;4511190;'1630000;'11411;Happaertstraat;'20;';2000;Antwerpen;;'152267;'211688;';Y;NA;2;4;Unknown;Unknown;;None;;;';SSV_IMPORT;'26/03/2020 14:37:04;;Y;;;;'26/03/2020 14:34:24;1;11341278;;LU;1;';';';';';;;;;;;;';SSV_IMPORT;'26/03/2020 14:37:04;;Y;;;;'26/03/2020 14:34:24
;;;Zoning;6807712;'20200127134349;W03-C-Antwerpen-West-FH08;6807712;'20200127134349;W03-C-Antwerpen-West-FH08;19085;FTTH-Cu;;';';;;;;;;647285;'20200326153549;1934084;'1630000;'11411;Happaertstraat;'21;';2000;Antwerpen;;'152277,786;'211714,579;';Y;NA;2;4;Unknown;Unknown;;None;;;';IFH_BATCH;'26/03/2020 14:49:37;;Y;;;;'26/03/2020 14:34:24;1;1703872;;LU;1;';';';';';Y;;HOUSE;WONING - MAISON;NA;;;';;';;Y;;;;'26/03/2020 14:34:24
;;;Zoning;6807712;'20200127134349;W03-C-Antwerpen-West-FH08;6807712;'20200127134349;W03-C-Antwerpen-West-FH08;19085;FTTH-Cu;;';';;;;;;;31647778;'20200326153611;4511192;'1630000;'11411;Happaertstraat;'22;';2000;Antwerpen;;'152267;'211688;';Y;NA;2;4;Unknown;Unknown;;None;;;';SSV_IMPORT;'26/03/2020 14:37:08;;Y;;;;'26/03/2020 14:34:24;1;11341279;;LU;1;';';';';';;;;;;;;';SSV_IMPORT;'26/03/2020 14:37:10;;Y;;;;'26/03/2020 14:34:24
;;;Zoning;6807712;'20200127134349;W03-C-Antwerpen-West-FH08;6807712;'20200127134349;W03-C-Antwerpen-West-FH08;19085;FTTH-Cu;;';';;;;;;;647286;'20200326153549;1934097;'1630000;'11411;Happaertstraat;'23;';2000;Antwerpen;;'152282,744;'211715,639;';N;MON;2;0;Unknown;Unknown;;None;;;';IFH_BATCH;'26/03/2020 14:49:42;;Y;;;;'26/03/2020 14:34:24;1;1712975;;LU;1;';';';';';Y;;HOUSE;WONING - MAISON;NA;;;';;';;Y;;;;'26/03/2020 14:34:24
;;;Zoning;6807712;'20200127134349;W03-C-Antwerpen-West-FH08;6807712;'20200127134349;W03-C-Antwerpen-West-FH08;19085;FTTH-Cu;;';';;;;;;;31647779;'20200326153611;1934111;'1630000;'11411;Happaertstraat;'24;';2000;Antwerpen;;'152267;'211688;';Y;NA;2;4;Unknown;Unknown;;None;;;';SSV_IMPORT;'26/03/2020 14:37:13;;Y;;;;'26/03/2020 14:34:24;1;11341280;;LU;1;';';';';';;;;;;;;';SSV_IMPORT;'26/03/2020 14:37:13;;Y;;;;'26/03/2020 14:34:24
;;;Zoning;6807712;'20200127134349;W03-C-Antwerpen-West-FH08;6807712;'20200127134349;W03-C-Antwerpen-West-FH08;19085;FTTH-Cu;;';';;;;;;;647287;'20200326153549;1934120;'1630000;'11411;Happaertstraat;'25;';2000;Antwerpen;;'152288,041;'211715,501;';N;MON;4;0;Unknown;Unknown;;None;;;';IFH_BATCH;'26/03/2020 14:49:44;;Y;;;;'26/03/2020 14:34:24;1;1721346;;BU;1;';';';';';Y;;HOLIDAY;VAKANTIEVERBLIJF - RESIDENCE DE VACANCES;NA;;;';;';;Y;;;;'26/03/2020 14:34:24
;;;Zoning;6807712;'20200127134349;W03-C-Antwerpen-West-FH08;6807712;'20200127134349;W03-C-Antwerpen-West-FH08;19085;FTTH-Cu;;';';;;;;;;647287;'20200326153549;1934120;'1630000;'11411;Happaertstraat;'25;';2000;Antwerpen;;'152288,041;'211715,501;';N;MON;4;0;Unknown;Unknown;;None;;;';IFH_BATCH;'26/03/2020 14:49:44;;Y;;;;'26/03/2020 14:34:24;2;1721347;;LU;1;';';';';';Y;;HOUSE;WONING - MAISON;NA;;;';;';;Y;;;;'26/03/2020 14:34:24
;;;Zoning;6807712;'20200127134349;W03-C-Antwerpen-West-FH08;6807712;'20200127134349;W03-C-Antwerpen-West-FH08;19085;FTTH-Cu;;';';;;;;;;31647780;'20200326153611;1934122;'1630000;'11411;Happaertstraat;'26;';2000;Antwerpen;;'152283;'211685;';Y;NA;2;4;Unknown;Unknown;;None;;;';SSV_IMPORT;'26/03/2020 14:37:17;;Y;;;;'26/03/2020 14:34:24;1;11341281;;LU;1;';';';';';;;;;;;;';SSV_IMPORT;'26/03/2020 14:37:17;;Y;;;;'26/03/2020 14:34:24
;;;Zoning;6807712;'20200127134349;W03-C-Antwerpen-West-FH08;6807712;'20200127134349;W03-C-Antwerpen-West-FH08;19085;FTTH-Cu;;';';;;;;;;647288;'20200326153549;1934129;'1630000;'11411;Happaertstraat;'27;';2000;Antwerpen;;'152295,467;'211713,06;';Y;NA;2;4;Unknown;Unknown;;None;;;';IFH_BATCH;'26/03/2020 14:49:46;;Y;;;;'26/03/2020 14:34:24;1;1728981;;LU;1;';';';';';Y;;HOUSE;WONING - MAISON;NA;;;';;';;Y;;;;'26/03/2020 14:34:24
;;;Zoning;6807712;'20200127134349;W03-C-Antwerpen-West-FH08;6807712;'20200127134349;W03-C-Antwerpen-West-FH08;19085;FTTH-Cu;;';';;;;;;;647289;'20200326153549;1934136;'1630000;'11411;Happaertstraat;'29;';2000;Antwerpen;;'152300,803;'211712,031;';Y;NA;2;4;Unknown;Unknown;;None;;;';IFH_BATCH;'26/03/2020 14:49:50;;Y;;;;'26/03/2020 14:34:24;1;1736278;;LU;1;';';';';';Y;;HOUSE;WONING - MAISON;NA;;;';;';;Y;;;;'26/03/2020 14:34:24
;;;Zoning;6807712;'20200127134349;W03-C-Antwerpen-West-FH08;6807712;'20200127134349;W03-C-Antwerpen-West-FH08;19085;FTTH-Cu;;';';;;;;;;647290;'20200326153549;1934140;'1630000;'11411;Happaertstraat;'30;';2000;Antwerpen;;'152294,836;'211698,201;';Y;NA;2;4;Unknown;Unknown;;None;;;';IFH_BATCH;'26/03/2020 14:49:52;;Y;;;;'26/03/2020 14:34:24;1;1744910;;LU;1;';';';';';Y;;HOUSE;WONING - MAISON;NA;;;';;';;Y;;;;'26/03/2020 14:34:24
;;;Zoning;6807712;'20200127134349;W03-C-Antwerpen-West-FH08;6807712;'20200127134349;W03-C-Antwerpen-West-FH08;19085;FTTH-Cu;;';';;;;;;;647291;'20200326153549;1934145;'1630000;'11411;Happaertstraat;'31;';2000;Antwerpen;;'152305,757;'211709,658;';Y;NA;4;4;Unknown;Unknown;;None;;;';IFH_BATCH;'26/03/2020 14:49:54;;Y;;;;'26/03/2020 14:34:24;1;1748629;;LU;1;';';';';';Y;;HOUSE;WONING - MAISON;NA;;;';;';;Y;;;;'26/03/2020 14:34:24
;;;Zoning;6807712;'20200127134349;W03-C-Antwerpen-West-FH08;6807712;'20200127134349;W03-C-Antwerpen-West-FH08;19085;FTTH-Cu;;';';;;;;;;647291;'20200326153549;1934145;'1630000;'11411;Happaertstraat;'31;';2000;Antwerpen;;'152305,757;'211709,658;';Y;NA;4;4;Unknown;Unknown;;None;;;';IFH_BATCH;'26/03/2020 14:49:54;;Y;;;;'26/03/2020 14:34:24;2;1748630;;LU;1;';';';';';Y;;HOUSE;WONING - MAISON;NA;;;';;';;Y;;;;'26/03/2020 14:34:24
;;;Zoning;6807712;'20200127134349;W03-C-Antwerpen-West-FH08;6807712;'20200127134349;W03-C-Antwerpen-West-FH08;19085;FTTH-Cu;;';';;;;;;;647291;'20200326153549;1934145;'1630000;'11411;Happaertstraat;'31;';2000;Antwerpen;;'152305,757;'211709,658;';Y;NA;4;4;Unknown;Unknown;;None;;;';IFH_BATCH;'26/03/2020 14:49:54;;Y;;;;'26/03/2020 14:34:24;3;1748631;;LU;1;';';';';';Y;;HOUSE;WONING - MAISON;NA;;;';;';;Y;;;;'26/03/2020 14:34:24
;;;Zoning;6807712;'20200127134349;W03-C-Antwerpen-West-FH08;6807712;'20200127134349;W03-C-Antwerpen-West-FH08;19085;FTTH-Cu;;';';;;;;;;647292;'20200326153549;1934194;'1630000;'11411;Happaertstraat;'32;';2000;Antwerpen;;'152305,342;'211696,162;';Y;NA;4;4;Unknown;Unknown;;None;;;';IFH_BATCH;'26/03/2020 14:49:57;;Y;;;;'26/03/2020 14:34:24;1;1751756;;LU;1;';';';';';Y;;APTBLD;APPARTEMENTSGEBOUW - IMMEUBLE A APPARTEMENTS;NA;;;';;';;Y;;;;'26/03/2020 14:34:24
;;;Zoning;6807712;'20200127134349;W03-C-Antwerpen-West-FH08;6807712;'20200127134349;W03-C-Antwerpen-West-FH08;19085;FTTH-Cu;;';';;;;;;;647292;'20200326153549;1934194;'1630000;'11411;Happaertstraat;'32;';2000;Antwerpen;;'152305,342;'211696,162;';Y;NA;4;4;Unknown;Unknown;;None;;;';IFH_BATCH;'26/03/2020 14:49:57;;Y;;;;'26/03/2020 14:34:24;2;1751757;;LU;1;';';';';';Y;;APTBLD;APPARTEMENTSGEBOUW - IMMEUBLE A APPARTEMENTS;NA;;;';;';;Y;;;;'26/03/2020 14:34:24
;;;Zoning;6807712;'20200127134349;W03-C-Antwerpen-West-FH08;6807712;'20200127134349;W03-C-Antwerpen-West-FH08;19085;FTTH-Cu;;';';;;;;;;31647781;'20200326153611;60927;'1630000;'11411;Happaertstraat;'33;';2000;Antwerpen;;'152316;'211709;';Y;NA;4;4;Unknown;Unknown;;None;;;';SSV_IMPORT;'26/03/2020 14:37:21;;Y;;;;'26/03/2020 14:34:24;1;11341282;;LU;1;';';';';';;;;;;;;';SSV_IMPORT;'26/03/2020 14:37:22;;Y;;;;'26/03/2020 14:34:24
;;;Zoning;6807712;'20200127134349;W03-C-Antwerpen-West-FH08;6807712;'20200127134349;W03-C-Antwerpen-West-FH08;19085;FTTH-Cu;;';';;;;;;;31647781;'20200326153611;60927;'1630000;'11411;Happaertstraat;'33;';2000;Antwerpen;;'152316;'211709;';Y;NA;4;4;Unknown;Unknown;;None;;;';SSV_IMPORT;'26/03/2020 14:37:21;;Y;;;;'26/03/2020 14:34:24;2;11341283;;LU;1;';';';';';;;;;;;;';SSV_IMPORT;'26/03/2020 14:37:22;;Y;;;;'26/03/2020 14:34:24
;;;Zoning;6807712;'20200127134349;W03-C-Antwerpen-West-FH08;6807712;'20200127134349;W03-C-Antwerpen-West-FH08;19085;FTTH-Cu;;';';;;;;;;31647781;'20200326153611;60927;'1630000;'11411;Happaertstraat;'33;';2000;Antwerpen;;'152316;'211709;';Y;NA;4;4;Unknown;Unknown;;None;;;';SSV_IMPORT;'26/03/2020 14:37:21;;Y;;;;'26/03/2020 14:34:24;3;11341284;;LU;1;';';';';';;;;;;;;';SSV_IMPORT;'26/03/2020 14:37:23;;Y;;;;'26/03/2020 14:34:24
;;;Zoning;6807712;'20200127134349;W03-C-Antwerpen-West-FH08;6807712;'20200127134349;W03-C-Antwerpen-West-FH08;19085;FTTH-Cu;;';';;;;;;;31647781;'20200326153611;60927;'1630000;'11411;Happaertstraat;'33;';2000;Antwerpen;;'152316;'211709;';Y;NA;4;4;Unknown;Unknown;;None;;;';SSV_IMPORT;'26/03/2020 14:37:21;;Y;;;;'26/03/2020 14:34:24;4;11341285;;LU;1;';';';';';;;;;;;;';SSV_IMPORT;'26/03/2020 14:37:23;;Y;;;;'26/03/2020 14:34:24
;;;Zoning;6807712;'20200127134349;W03-C-Antwerpen-West-FH08;6807712;'20200127134349;W03-C-Antwerpen-West-FH08;19085;FTTH-Cu;;';';;;;;;;31647783;'20200326153611;4511197;'1630000;'11411;Happaertstraat;'34;';2000;Antwerpen;;'152304;'211695;';Y;NA;2;4;Unknown;Unknown;;None;;;';SSV_IMPORT;'26/03/2020 14:37:27;;Y;;;;'26/03/2020 14:34:24;1;11341286;;LU;1;';';';';';;;;;;;;';SSV_IMPORT;'26/03/2020 14:37:27;;Y;;;;'26/03/2020 14:34:24
;;;Zoning;6807712;'20200127134349;W03-C-Antwerpen-West-FH08;6807712;'20200127134349;W03-C-Antwerpen-West-FH08;19085;FTTH-Cu;;';';;;;;;;31647784;'20200326153612;4511198;'1630000;'11411;Happaertstraat;'36;';2000;Antwerpen;;'152309;'211695;';Y;NA;2;4;Unknown;Unknown;;None;;;';SSV_IMPORT;'26/03/2020 14:37:31;;Y;;;;'26/03/2020 14:34:24;1;11341287;;LU;1;';';';';';;;;;;;;';SSV_IMPORT;'26/03/2020 14:37:31;;Y;;;;'26/03/2020 14:34:24
;;;Zoning;6807712;'20200127134349;W03-C-Antwerpen-West-FH08;6807712;'20200127134349;W03-C-Antwerpen-West-FH08;19085;FTTH-Cu;;';';;;;;;;31647786;'20200326153613;1934257;'1630000;'11411;Happaertstraat;'38;';2000;Antwerpen;;'152317;'211695;';N;MON;2;0;Unknown;Unknown;;None;;;';SSV_IMPORT;'26/03/2020 14:37:35;;Y;;;;'26/03/2020 14:34:24;1;11341288;;LU;1;';';';';';;;;;;;;';SSV_IMPORT;'26/03/2020 14:37:35;;Y;;;;'26/03/2020 14:34:24
;;;Zoning;6807712;'20200127134349;W03-C-Antwerpen-West-FH08;6807712;'20200127134349;W03-C-Antwerpen-West-FH08;19085;FTTH-Cu;;';';;;;;;;710547;'20200326153603;49020;'1630000;'13783;IJzerenwaag;'1;';2000;Antwerpen;;'152195,297;'211886,029;';Y;NA;4;4;Unknown;Unknown;;None;;;';IFH_BATCH;'26/03/2020 14:50:27;;Y;;;;'26/03/2020 14:34:24;1;1610380;;LU;1;';';';';';Y;#A.GV/K/;APPART;DEEL_APP_GEBOUW - PARTIE_IMMEUBLE_APP;APPART;;;';;';;Y;;;;'26/03/2020 14:34:24
;;;Zoning;6807712;'20200127134349;W03-C-Antwerpen-West-FH08;6807712;'20200127134349;W03-C-Antwerpen-West-FH08;19085;FTTH-Cu;;';';;;;;;;710547;'20200326153603;49020;'1630000;'13783;IJzerenwaag;'1;';2000;Antwerpen;;'152195,297;'211886,029;';Y;NA;4;4;Unknown;Unknown;;None;;;';IFH_BATCH;'26/03/2020 14:50:27;;Y;;;;'26/03/2020 14:34:24;2;1610469;;LU;1;';';';';';Y;#A1;APPART;DEEL_APP_GEBOUW - PARTIE_IMMEUBLE_APP;APPART;;;';;';;Y;;;;'26/03/2020 14:34:24
;;;Zoning;6807712;'20200127134349;W03-C-Antwerpen-West-FH08;6807712;'20200127134349;W03-C-Antwerpen-West-FH08;19085;FTTH-Cu;;';';;;;;;;710547;'20200326153603;49020;'1630000;'13783;IJzerenwaag;'1;';2000;Antwerpen;;'152195,297;'211886,029;';Y;NA;4;4;Unknown;Unknown;;None;;;';IFH_BATCH;'26/03/2020 14:50:27;;Y;;;;'26/03/2020 14:34:24;3;1611545;;LU;1;';';';';';Y;#A2/S1/;APPART;DEEL_APP_GEBOUW - PARTIE_IMMEUBLE_APP;APPART;;;';;';;Y;;;;'26/03/2020 14:34:24
;;;Zoning;6807712;'20200127134349;W03-C-Antwerpen-West-FH08;6807712;'20200127134349;W03-C-Antwerpen-West-FH08;19085;FTTH-Cu;;';';;;;;;;710547;'20200326153603;49020;'1630000;'13783;IJzerenwaag;'1;';2000;Antwerpen;;'152195,297;'211886,029;';Y;NA;4;4;Unknown;Unknown;;None;;;';IFH_BATCH;'26/03/2020 14:50:27;;Y;;;;'26/03/2020 14:34:24;4;1611548;;LU;1;';';';';';Y;#A2/S2/;APPART;DEEL_APP_GEBOUW - PARTIE_IMMEUBLE_APP;APPART;;;';;';;Y;;;;'26/03/2020 14:34:24
;;;Zoning;6807712;'20200127134349;W03-C-Antwerpen-West-FH08;6807712;'20200127134349;W03-C-Antwerpen-West-FH08;19085;FTTH-Cu;;';';;;;;;;710547;'20200326153603;49020;'1630000;'13783;IJzerenwaag;'1;';2000;Antwerpen;;'152195,297;'211886,029;';Y;NA;4;4;Unknown;Unknown;;None;;;';IFH_BATCH;'26/03/2020 14:50:27;;Y;;;;'26/03/2020 14:34:24;5;1611905;;LU;1;';';';';';Y;#A3/S3/;APPART;DEEL_APP_GEBOUW - PARTIE_IMMEUBLE_APP;APPART;;;';;';;Y;;;;'26/03/2020 14:34:24
;;;Zoning;6807712;'20200127134349;W03-C-Antwerpen-West-FH08;6807712;'20200127134349;W03-C-Antwerpen-West-FH08;19085;FTTH-Cu;;';';;;;;;;710547;'20200326153603;49020;'1630000;'13783;IJzerenwaag;'1;';2000;Antwerpen;;'152195,297;'211886,029;';Y;NA;4;4;Unknown;Unknown;;None;;;';IFH_BATCH;'26/03/2020 14:50:27;;Y;;;;'26/03/2020 14:34:24;6;1611906;;LU;1;';';';';';Y;#A3/S4/;APPART;DEEL_APP_GEBOUW - PARTIE_IMMEUBLE_APP;APPART;;;';;';;Y;;;;'26/03/2020 14:34:24
;;;Zoning;6807712;'20200127134349;W03-C-Antwerpen-West-FH08;6807712;'20200127134349;W03-C-Antwerpen-West-FH08;19085;FTTH-Cu;;';';;;;;;;710546;'20200326153603;49017;'1630000;'13783;IJzerenwaag;'2;';2000;Antwerpen;;'152201,491;'211867,473;';Y;NA;2;4;Unknown;Unknown;;None;;;';IFH_BATCH;'26/03/2020 14:50:23;;Y;;;;'26/03/2020 14:34:24;1;10373232;;BU;1;';';';';';Y;#DEEL D 827;COMM;HANDELSZAAK - COMMERCE;NA;;;';;';;Y;;;;'26/03/2020 14:34:24
;;;Zoning;6807712;'20200127134349;W03-C-Antwerpen-West-FH08;6807712;'20200127134349;W03-C-Antwerpen-West-FH08;19085;FTTH-Cu;;';';;;;;;;650602;'20200326153548;1948472;'1630000;'13783;IJzerenwaag;'3;';2000;Antwerpen;;'152199,608;'211887,346;';Y;NA;4;4;Unknown;Unknown;;None;;;';IFH_BATCH;'26/03/2020 14:50:01;;Y;;;;'26/03/2020 14:34:24;1;1737963;;LU;1;';';';';';Y;#A1.2;APPART;DEEL_APP_GEBOUW - PARTIE_IMMEUBLE_APP;APPART;;;';;';;Y;;;;'26/03/2020 14:34:24
;;;Zoning;6807712;'20200127134349;W03-C-Antwerpen-West-FH08;6807712;'20200127134349;W03-C-Antwerpen-West-FH08;19085;FTTH-Cu;;';';;;;;;;650602;'20200326153548;1948472;'1630000;'13783;IJzerenwaag;'3;';2000;Antwerpen;;'152199,608;'211887,346;';Y;NA;4;4;Unknown;Unknown;;None;;;';IFH_BATCH;'26/03/2020 14:50:01;;Y;;;;'26/03/2020 14:34:24;2;1739940;;BU;1;';';';';';Y;#HA.GV;APPART;DEEL_APP_GEBOUW - PARTIE_IMMEUBLE_APP;COMM;;;';;';;Y;;;;'26/03/2020 14:34:24
;;;Zoning;6807712;'20200127134349;W03-C-Antwerpen-West-FH08;6807712;'20200127134349;W03-C-Antwerpen-West-FH08;19085;FTTH-Cu;;';';;;;;;;693550;'20200326153546;4105364;'1630000;'13783;IJzerenwaag;'4;';2000;Antwerpen;;'152207,271;'211867,363;';Y;NA;2;4;Unknown;Unknown;;None;;;';IFH_BATCH;'26/03/2020 14:50:15;;Y;;;;'26/03/2020 14:34:24;1;10374231;;BU;1;';';';';';Y;#DEEL D 826A;COMM;HANDELSZAAK - COMMERCE;NA;;;';;';;Y;;;;'26/03/2020 14:34:24
;;;Zoning;6807712;'20200127134349;W03-C-Antwerpen-West-FH08;6807712;'20200127134349;W03-C-Antwerpen-West-FH08;19085;FTTH-Cu;;';';;;;;;;693648;'20200326153547;4127812;'1630000;'13783;IJzerenwaag;'5;';2000;Antwerpen;;'152204,653;'211887,158;';Y;NA;2;4;Unknown;Unknown;;None;;;';IFH_BATCH;'26/03/2020 14:50:17;;Y;;;;'26/03/2020 14:34:24;1;1802925;;LU;1;';';';';';Y;;HOUSE;WONING - MAISON;NA;;;';;';;Y;;;;'26/03/2020 14:34:24
;;;Zoning;6807712;'20200127134349;W03-C-Antwerpen-West-FH08;6807712;'20200127134349;W03-C-Antwerpen-West-FH08;19085;FTTH-Cu;;';';;;;;;;650603;'20200326153548;1948475;'1630000;'13783;IJzerenwaag;'6;';2000;Antwerpen;;'152213,262;'211868,516;';Y;NA;4;4;Unknown;Unknown;;None;;;';IFH_BATCH;'26/03/2020 14:50:03;;Y;;;;'26/03/2020 14:34:24;1;10376330;;LU;1;';';';';';Y;#A1/IJZERENWAAG/;APPART;DEEL_APP_GEBOUW - PARTIE_IMMEUBLE_APP;APPART;;;';;';;Y;;;;'26/03/2020 14:34:24
;;;Zoning;6807712;'20200127134349;W03-C-Antwerpen-West-FH08;6807712;'20200127134349;W03-C-Antwerpen-West-FH08;19085;FTTH-Cu;;';';;;;;;;650603;'20200326153548;1948475;'1630000;'13783;IJzerenwaag;'6;';2000;Antwerpen;;'152213,262;'211868,516;';Y;NA;4;4;Unknown;Unknown;;None;;;';IFH_BATCH;'26/03/2020 14:50:03;;Y;;;;'26/03/2020 14:34:24;2;10376375;;LU;1;';';';';';Y;#A3/IJZERENWAAG/;APPART;DEEL_APP_GEBOUW - PARTIE_IMMEUBLE_APP;APPART;;;';;';;Y;;;;'26/03/2020 14:34:24
;;;Zoning;6807712;'20200127134349;W03-C-Antwerpen-West-FH08;6807712;'20200127134349;W03-C-Antwerpen-West-FH08;19085;FTTH-Cu;;';';;;;;;;650603;'20200326153548;1948475;'1630000;'13783;IJzerenwaag;'6;';2000;Antwerpen;;'152213,262;'211868,516;';Y;NA;4;4;Unknown;Unknown;;None;;;';IFH_BATCH;'26/03/2020 14:50:03;;Y;;;;'26/03/2020 14:34:24;3;10376765;;LU;1;';';';';';Y;#A1/ZWAARDSTRAAT/;APPART;DEEL_APP_GEBOUW - PARTIE_IMMEUBLE_APP;APPART;;;';;';;Y;;;;'26/03/2020 14:34:24
;;;Zoning;6807712;'20200127134349;W03-C-Antwerpen-West-FH08;6807712;'20200127134349;W03-C-Antwerpen-West-FH08;19085;FTTH-Cu;;';';;;;;;;650603;'20200326153548;1948475;'1630000;'13783;IJzerenwaag;'6;';2000;Antwerpen;;'152213,262;'211868,516;';Y;NA;4;4;Unknown;Unknown;;None;;;';IFH_BATCH;'26/03/2020 14:50:03;;Y;;;;'26/03/2020 14:34:24;4;10376779;;LU;1;';';';';';Y;#A2/IJZIERENWAAG/;APPART;DEEL_APP_GEBOUW - PARTIE_IMMEUBLE_APP;APPART;;;';;';;Y;;;;'26/03/2020 14:34:24
;;;Zoning;6807712;'20200127134349;W03-C-Antwerpen-West-FH08;6807712;'20200127134349;W03-C-Antwerpen-West-FH08;19085;FTTH-Cu;;';';;;;;;;650603;'20200326153548;1948475;'1630000;'13783;IJzerenwaag;'6;';2000;Antwerpen;;'152213,262;'211868,516;';Y;NA;4;4;Unknown;Unknown;;None;;;';IFH_BATCH;'26/03/2020 14:50:03;;Y;;;;'26/03/2020 14:34:24;5;10376787;;LU;1;';';';';';Y;#A2/ZWAARDSTRAAT/;APPART;DEEL_APP_GEBOUW - PARTIE_IMMEUBLE_APP;APPART;;;';;';;Y;;;;'26/03/2020 14:34:24
;;;Zoning;6807712;'20200127134349;W03-C-Antwerpen-West-FH08;6807712;'20200127134349;W03-C-Antwerpen-West-FH08;19085;FTTH-Cu;;';';;;;;;;650603;'20200326153548;1948475;'1630000;'13783;IJzerenwaag;'6;';2000;Antwerpen;;'152213,262;'211868,516;';Y;NA;4;4;Unknown;Unknown;;None;;;';IFH_BATCH;'26/03/2020 14:50:03;;Y;;;;'26/03/2020 14:34:24;6;10377998;;BU;1;';';';';';Y;#HA.GV/WINKEL LINKS/;APPART;DEEL_APP_GEBOUW - PARTIE_IMMEUBLE_APP;COMM;;;';;';;Y;;;;'26/03/2020 14:34:24
;;;Zoning;6807712;'20200127134349;W03-C-Antwerpen-West-FH08;6807712;'20200127134349;W03-C-Antwerpen-West-FH08;19085;FTTH-Cu;;';';;;;;;;650603;'20200326153548;1948475;'1630000;'13783;IJzerenwaag;'6;';2000;Antwerpen;;'152213,262;'211868,516;';Y;NA;4;4;Unknown;Unknown;;None;;;';IFH_BATCH;'26/03/2020 14:50:03;;Y;;;;'26/03/2020 14:34:24;7;10378124;;BU;1;';';';';';Y;#HA.GV/WINKEL RECHTS/;APPART;DEEL_APP_GEBOUW - PARTIE_IMMEUBLE_APP;COMM;;;';;';;Y;;;;'26/03/2020 14:34:24
;;;Zoning;6807712;'20200127134349;W03-C-Antwerpen-West-FH08;6807712;'20200127134349;W03-C-Antwerpen-West-FH08;19085;FTTH-Cu;;';';;;;;;;706018;'20200326153605;4504965;'1630000;'13783;IJzerenwaag;'7;';2000;Antwerpen;;'152208,907;'211886,295;';Y;NA;2;4;Unknown;Unknown;;None;;;';IFH_BATCH;'26/03/2020 14:50:19;;Y;;;;'26/03/2020 14:34:24;1;1841805;;BU;1;';';';';';Y;;COMM;HANDELSZAAK - COMMERCE;NA;;;';;';;Y;;;;'26/03/2020 14:34:24
;;;Zoning;6807712;'20200127134349;W03-C-Antwerpen-West-FH08;6807712;'20200127134349;W03-C-Antwerpen-West-FH08;19085;FTTH-Cu;;';';;;;;;;31647787;'20200326153613;4505002;'1630000;'13783;IJzerenwaag;'8;';2000;Antwerpen;;'152215;'211869;';Y;NA;2;4;Unknown;Unknown;;None;;;';SSV_IMPORT;'26/03/2020 14:37:39;;Y;;;;'26/03/2020 14:34:24;1;11341289;;LU;1;';';';';';;;;;;;;';SSV_IMPORT;'26/03/2020 14:37:39;;Y;;;;'26/03/2020 14:34:24
;;;Zoning;6807712;'20200127134349;W03-C-Antwerpen-West-FH08;6807712;'20200127134349;W03-C-Antwerpen-West-FH08;19085;FTTH-Cu;;';';;;;;;;706019;'20200326153605;4504967;'1630000;'13783;IJzerenwaag;'9;';2000;Antwerpen;;'152215,296;'211886,248;';Y;NA;4;4;Unknown;Unknown;;None;;;';IFH_BATCH;'26/03/2020 14:50:20;;Y;;;;'26/03/2020 14:34:24;1;1865089;;LU;1;';';';';';Y;#A1/A1.IJ/;APPART;DEEL_APP_GEBOUW - PARTIE_IMMEUBLE_APP;APPART;;;';;';;Y;;;;'26/03/2020 14:34:24
;;;Zoning;6807712;'20200127134349;W03-C-Antwerpen-West-FH08;6807712;'20200127134349;W03-C-Antwerpen-West-FH08;19085;FTTH-Cu;;';';;;;;;;706019;'20200326153605;4504967;'1630000;'13783;IJzerenwaag;'9;';2000;Antwerpen;;'152215,296;'211886,248;';Y;NA;4;4;Unknown;Unknown;;None;;;';IFH_BATCH;'26/03/2020 14:50:20;;Y;;;;'26/03/2020 14:34:24;2;1865359;;LU;1;';';';';';Y;#A2/A2.IJ/;APPART;DEEL_APP_GEBOUW - PARTIE_IMMEUBLE_APP;APPART;;;';;';;Y;;;;'26/03/2020 14:34:24
;;;Zoning;6807712;'20200127134349;W03-C-Antwerpen-West-FH08;6807712;'20200127134349;W03-C-Antwerpen-West-FH08;19085;FTTH-Cu;;';';;;;;;;706019;'20200326153605;4504967;'1630000;'13783;IJzerenwaag;'9;';2000;Antwerpen;;'152215,296;'211886,248;';Y;NA;4;4;Unknown;Unknown;;None;;;';IFH_BATCH;'26/03/2020 14:50:20;;Y;;;;'26/03/2020 14:34:24;3;1865540;;LU;1;';';';';';Y;#A3/A3.IJ/;APPART;DEEL_APP_GEBOUW - PARTIE_IMMEUBLE_APP;APPART;;;';;';;Y;;;;'26/03/2020 14:34:24
;;;Zoning;6807712;'20200127134349;W03-C-Antwerpen-West-FH08;6807712;'20200127134349;W03-C-Antwerpen-West-FH08;19085;FTTH-Cu;;';';;;;;;;706019;'20200326153605;4504967;'1630000;'13783;IJzerenwaag;'9;';2000;Antwerpen;;'152215,296;'211886,248;';Y;NA;4;4;Unknown;Unknown;;None;;;';IFH_BATCH;'26/03/2020 14:50:20;;Y;;;;'26/03/2020 14:34:24;4;1865711;;LU;1;';';';';';Y;#A4/S4.IJ/;APPART;DEEL_APP_GEBOUW - PARTIE_IMMEUBLE_APP;APPART;;;';;';;Y;;;;'26/03/2020 14:34:24
;;;Zoning;6807712;'20200127134349;W03-C-Antwerpen-West-FH08;6807712;'20200127134349;W03-C-Antwerpen-West-FH08;19085;FTTH-Cu;;';';;;;;;;650604;'20200326153548;1948483;'1630000;'13783;IJzerenwaag;'10;';2000;Antwerpen;;'152220,175;'211869,322;';Y;NA;4;4;Unknown;Unknown;;None;;;';IFH_BATCH;'26/03/2020 14:50:05;;Y;;;;'26/03/2020 14:34:24;1;1617614;;LU;1;';';';';';Y;#A1;APPART;DEEL_APP_GEBOUW - PARTIE_IMMEUBLE_APP;APPART;;;';;';;Y;;;;'26/03/2020 14:34:24
;;;Zoning;6807712;'20200127134349;W03-C-Antwerpen-West-FH08;6807712;'20200127134349;W03-C-Antwerpen-West-FH08;19085;FTTH-Cu;;';';;;;;;;650604;'20200326153548;1948483;'1630000;'13783;IJzerenwaag;'10;';2000;Antwerpen;;'152220,175;'211869,322;';Y;NA;4;4;Unknown;Unknown;;None;;;';IFH_BATCH;'26/03/2020 14:50:05;;Y;;;;'26/03/2020 14:34:24;2;1617937;;LU;1;';';';';';Y;#A2;APPART;DEEL_APP_GEBOUW - PARTIE_IMMEUBLE_APP;APPART;;;';;';;Y;;;;'26/03/2020 14:34:24
;;;Zoning;6807712;'20200127134349;W03-C-Antwerpen-West-FH08;6807712;'20200127134349;W03-C-Antwerpen-West-FH08;19085;FTTH-Cu;;';';;;;;;;650604;'20200326153548;1948483;'1630000;'13783;IJzerenwaag;'10;';2000;Antwerpen;;'152220,175;'211869,322;';Y;NA;4;4;Unknown;Unknown;;None;;;';IFH_BATCH;'26/03/2020 14:50:05;;Y;;;;'26/03/2020 14:34:24;3;1618188;;LU;1;';';';';';Y;#A3;APPART;DEEL_APP_GEBOUW - PARTIE_IMMEUBLE_APP;APPART;;;';;';;Y;;;;'26/03/2020 14:34:24
;;;Zoning;6807712;'20200127134349;W03-C-Antwerpen-West-FH08;6807712;'20200127134349;W03-C-Antwerpen-West-FH08;19085;FTTH-Cu;;';';;;;;;;650604;'20200326153548;1948483;'1630000;'13783;IJzerenwaag;'10;';2000;Antwerpen;;'152220,175;'211869,322;';Y;NA;4;4;Unknown;Unknown;;None;;;';IFH_BATCH;'26/03/2020 14:50:05;;Y;;;;'26/03/2020 14:34:24;4;1618917;;BU;1;';';';';';Y;#HA.GV;APPART;DEEL_APP_GEBOUW - PARTIE_IMMEUBLE_APP;COMM;;;';;';;Y;;;;'26/03/2020 14:34:24
;;;Zoning;6807712;'20200127134349;W03-C-Antwerpen-West-FH08;6807712;'20200127134349;W03-C-Antwerpen-West-FH08;19085;FTTH-Cu;;';';;;;;;;31647791;'20200326153613;1948488;'1630000;'13783;IJzerenwaag;'11;';2000;Antwerpen;;'152213;'211884;';Y;NA;2;4;Unknown;Unknown;;None;;;';SSV_IMPORT;'26/03/2020 14:37:43;;Y;;;;'26/03/2020 14:34:24;1;11341290;;LU;1;';';';';';;;;;;;;';SSV_IMPORT;'26/03/2020 14:37:43;;Y;;;;'26/03/2020 14:34:24
;;;Zoning;6807712;'20200127134349;W03-C-Antwerpen-West-FH08;6807712;'20200127134349;W03-C-Antwerpen-West-FH08;19085;FTTH-Cu;;';';;;;;;;31647793;'20200326153613;4505003;'1630000;'13783;IJzerenwaag;'12;';2000;Antwerpen;;'152226;'211871;';Y;NA;2;4;Unknown;Unknown;;None;;;';SSV_IMPORT;'26/03/2020 14:37:47;;Y;;;;'26/03/2020 14:34:24;1;11341291;;LU;1;';';';';';;;;;;;;';SSV_IMPORT;'26/03/2020 14:37:47;;Y;;;;'26/03/2020 14:34:24
;;;Zoning;6807712;'20200127134349;W03-C-Antwerpen-West-FH08;6807712;'20200127134349;W03-C-Antwerpen-West-FH08;19085;FTTH-Cu;;';';;;;;;;650605;'20200326153549;1948497;'1630000;'13783;IJzerenwaag;'13;';2000;Antwerpen;;'152220,375;'211886,559;';Y;NA;2;4;Unknown;Unknown;;None;;;';IFH_BATCH;'26/03/2020 14:50:09;;Y;;;;'26/03/2020 14:34:24;1;1647936;;LU;1;';';';';';Y;;HOUSE;WONING - MAISON;NA;;;';;';;Y;;;;'26/03/2020 14:34:24
;;;Zoning;6807712;'20200127134349;W03-C-Antwerpen-West-FH08;6807712;'20200127134349;W03-C-Antwerpen-West-FH08;19085;FTTH-Cu;;';';;;;;;;31647796;'20200326153611;1948501;'1630000;'13783;IJzerenwaag;'13;'A;2000;Antwerpen;;'152221;'211882;';Y;NA;2;4;Unknown;Unknown;;None;;;';SSV_IMPORT;'26/03/2020 14:37:51;;Y;;;;'26/03/2020 14:34:24;1;11341292;;LU;1;';';';';';;;;;;;;';SSV_IMPORT;'26/03/2020 14:37:52;;Y;;;;'26/03/2020 14:34:24
;;;Zoning;6807712;'20200127134349;W03-C-Antwerpen-West-FH08;6807712;'20200127134349;W03-C-Antwerpen-West-FH08;19085;FTTH-Cu;;';';;;;;;;650606;'20200326153549;1948506;'1630000;'13783;IJzerenwaag;'14;';2000;Antwerpen;;'152236,537;'211869,207;';Y;NA;4;4;Unknown;Unknown;;None;;;';IFH_BATCH;'26/03/2020 14:50:10;;Y;;;;'26/03/2020 14:34:24;1;1655055;;LU;1;';';';';';Y;;APTBLD;APPARTEMENTSGEBOUW - IMMEUBLE A APPARTEMENTS;NA;;;';;';;Y;;;;'26/03/2020 14:34:24
;;;Zoning;6807712;'20200127134349;W03-C-Antwerpen-West-FH08;6807712;'20200127134349;W03-C-Antwerpen-West-FH08;19085;FTTH-Cu;;';';;;;;;;650606;'20200326153549;1948506;'1630000;'13783;IJzerenwaag;'14;';2000;Antwerpen;;'152236,537;'211869,207;';Y;NA;4;4;Unknown;Unknown;;None;;;';IFH_BATCH;'26/03/2020 14:50:10;;Y;;;;'26/03/2020 14:34:24;2;1655056;;LU;1;';';';';';Y;;APTBLD;APPARTEMENTSGEBOUW - IMMEUBLE A APPARTEMENTS;NA;;;';;';;Y;;;;'26/03/2020 14:34:24
;;;Zoning;6807712;'20200127134349;W03-C-Antwerpen-West-FH08;6807712;'20200127134349;W03-C-Antwerpen-West-FH08;19085;FTTH-Cu;;';';;;;;;;650607;'20200326153549;1948515;'1630000;'13783;IJzerenwaag;'16;';2000;Antwerpen;;'152245,524;'211870,59;';Y;NA;2;4;Unknown;Unknown;;None;;;';IFH_BATCH;'26/03/2020 14:50:13;;Y;;;;'26/03/2020 14:34:24;1;1668458;;LU;1;';';';';';Y;;HOUSE;WONING - MAISON;NA;;;';;';;Y;;;;'26/03/2020 14:34:24
;;;Zoning;6807712;'20200127134349;W03-C-Antwerpen-West-FH08;6807712;'20200127134349;W03-C-Antwerpen-West-FH08;19085;FTTH-Cu;;';';;;;;;;31647798;'20200326153610;49018;'1630000;'13783;IJzerenwaag;'18;';2000;Antwerpen;;'152250;'211876;';Y;NA;4;4;Unknown;Unknown;;None;;;';SSV_IMPORT;'26/03/2020 14:37:55;;Y;;;;'26/03/2020 14:34:24;1;11341293;;LU;1;';';';';';;;;;;;;';SSV_IMPORT;'26/03/2020 14:37:56;;Y;;;;'26/03/2020 14:34:24
;;;Zoning;6807712;'20200127134349;W03-C-Antwerpen-West-FH08;6807712;'20200127134349;W03-C-Antwerpen-West-FH08;19085;FTTH-Cu;;';';;;;;;;31647798;'20200326153610;49018;'1630000;'13783;IJzerenwaag;'18;';2000;Antwerpen;;'152250;'211876;';Y;NA;4;4;Unknown;Unknown;;None;;;';SSV_IMPORT;'26/03/2020 14:37:55;;Y;;;;'26/03/2020 14:34:24;2;11341294;;LU;1;';';';';';;;;;;;;';SSV_IMPORT;'26/03/2020 14:37:57;;Y;;;;'26/03/2020 14:34:24
;;;Zoning;6807712;'20200127134349;W03-C-Antwerpen-West-FH08;6807712;'20200127134349;W03-C-Antwerpen-West-FH08;19085;FTTH-Cu;;';';;;;;;;710537;'20200326153602;49005;'1630000;'14410;Kammenstraat;'28;';2000;Antwerpen;;'152209,144;'211947,074;';Y;NA;4;4;Unknown;Unknown;;None;;;';IFH_BATCH;'26/03/2020 14:51:20;;Y;;;;'26/03/2020 14:34:24;1;1732610;;BU;1;';';';';';Y;;COMM;HANDELSZAAK - COMMERCE;NA;;;';;';;Y;;;;'26/03/2020 14:34:24
;;;Zoning;6807712;'20200127134349;W03-C-Antwerpen-West-FH08;6807712;'20200127134349;W03-C-Antwerpen-West-FH08;19085;FTTH-Cu;;';';;;;;;;710537;'20200326153602;49005;'1630000;'14410;Kammenstraat;'28;';2000;Antwerpen;;'152209,144;'211947,074;';Y;NA;4;4;Unknown;Unknown;;None;;;';IFH_BATCH;'26/03/2020 14:51:20;;Y;;;;'26/03/2020 14:34:24;2;1732611;;BU;1;';';';';';Y;;OFFICE;KANTOORGEBOUW - BATIMENT DE BUREAU;NA;;;';;';;Y;;;;'26/03/2020 14:34:24
;;;Zoning;6807712;'20200127134349;W03-C-Antwerpen-West-FH08;6807712;'20200127134349;W03-C-Antwerpen-West-FH08;19085;FTTH-Cu;;';';;;;;;;651566;'20200326153547;1959760;'1630000;'14410;Kammenstraat;'30;';2000;Antwerpen;;'152212,227;'211940,528;';Y;NA;4;4;Unknown;Unknown;;None;;;';IFH_BATCH;'26/03/2020 14:50:29;;Y;;;;'26/03/2020 14:34:24;1;1743013;;LU;1;';';';';';Y;#A1/APP1/M1;APPART;DEEL_APP_GEBOUW - PARTIE_IMMEUBLE_APP;APPART;;;';;';;Y;;;;'26/03/2020 14:34:24
;;;Zoning;6807712;'20200127134349;W03-C-Antwerpen-West-FH08;6807712;'20200127134349;W03-C-Antwerpen-West-FH08;19085;FTTH-Cu;;';';;;;;;;651566;'20200326153547;1959760;'1630000;'14410;Kammenstraat;'30;';2000;Antwerpen;;'152212,227;'211940,528;';Y;NA;4;4;Unknown;Unknown;;None;;;';IFH_BATCH;'26/03/2020 14:50:29;;Y;;;;'26/03/2020 14:34:24;2;1743159;;LU;1;';';';';';Y;#A2/APP2/M2;APPART;DEEL_APP_GEBOUW - PARTIE_IMMEUBLE_APP;APPART;;;';;';;Y;;;;'26/03/2020 14:34:24
;;;Zoning;6807712;'20200127134349;W03-C-Antwerpen-West-FH08;6807712;'20200127134349;W03-C-Antwerpen-West-FH08;19085;FTTH-Cu;;';';;;;;;;651566;'20200326153547;1959760;'1630000;'14410;Kammenstraat;'30;';2000;Antwerpen;;'152212,227;'211940,528;';Y;NA;4;4;Unknown;Unknown;;None;;;';IFH_BATCH;'26/03/2020 14:50:29;;Y;;;;'26/03/2020 14:34:24;3;1743276;;LU;1;';';';';';Y;#A3/APP3/M3;APPART;DEEL_APP_GEBOUW - PARTIE_IMMEUBLE_APP;APPART;;;';;';;Y;;;;'26/03/2020 14:34:24
;;;Zoning;6807712;'20200127134349;W03-C-Antwerpen-West-FH08;6807712;'20200127134349;W03-C-Antwerpen-West-FH08;19085;FTTH-Cu;;';';;;;;;;651566;'20200326153547;1959760;'1630000;'14410;Kammenstraat;'30;';2000;Antwerpen;;'152212,227;'211940,528;';Y;NA;4;4;Unknown;Unknown;;None;;;';IFH_BATCH;'26/03/2020 14:50:29;;Y;;;;'26/03/2020 14:34:24;4;1743632;;BU;1;';';';';';Y;#HA.GV/K1.2;APPART;DEEL_APP_GEBOUW - PARTIE_IMMEUBLE_APP;COMM;;;';;';;Y;;;;'26/03/2020 14:34:24
;;;Zoning;6807712;'20200127134349;W03-C-Antwerpen-West-FH08;6807712;'20200127134349;W03-C-Antwerpen-West-FH08;19085;FTTH-Cu;;';';;;;;;;651568;'20200326153548;1959762;'1630000;'14410;Kammenstraat;'32;';2000;Antwerpen;;'152217,314;'211934,072;';N;MON;4;0;Unknown;Unknown;;None;;;';IFH_BATCH;'26/03/2020 14:50:32;;Y;;;;'26/03/2020 14:34:24;1;1750072;;LU;1;';';';';';Y;#A.TV.2.3/K;APPART;DEEL_APP_GEBOUW - PARTIE_IMMEUBLE_APP;APPART;;;';;';;Y;;;;'26/03/2020 14:34:24
;;;Zoning;6807712;'20200127134349;W03-C-Antwerpen-West-FH08;6807712;'20200127134349;W03-C-Antwerpen-West-FH08;19085;FTTH-Cu;;';';;;;;;;651568;'20200326153548;1959762;'1630000;'14410;Kammenstraat;'32;';2000;Antwerpen;;'152217,314;'211934,072;';N;MON;4;0;Unknown;Unknown;;None;;;';IFH_BATCH;'26/03/2020 14:50:32;;Y;;;;'26/03/2020 14:34:24;2;1750665;;BU;1;';';';';';Y;#HA.GV.TV.1/K;APPART;DEEL_APP_GEBOUW - PARTIE_IMMEUBLE_APP;COMM;;;';;';;Y;;;;'26/03/2020 14:34:24
;;;Zoning;6807712;'20200127134349;W03-C-Antwerpen-West-FH08;6807712;'20200127134349;W03-C-Antwerpen-West-FH08;19085;FTTH-Cu;;';';;;;;;;710528;'20200326153602;48995;'1630000;'14410;Kammenstraat;'34;';2000;Antwerpen;;'152211,277;'211924,091;';N;MON;4;0;Unknown;Unknown;;None;;;';IFH_BATCH;'26/03/2020 14:51:02;;Y;;;;'26/03/2020 14:34:24;1;10374647;;LU;1;';';';';';Y;#A1.2/WG/K1.3;APPART;DEEL_APP_GEBOUW - PARTIE_IMMEUBLE_APP;APPART;;;';;';;Y;;;;'26/03/2020 14:34:24
;;;Zoning;6807712;'20200127134349;W03-C-Antwerpen-West-FH08;6807712;'20200127134349;W03-C-Antwerpen-West-FH08;19085;FTTH-Cu;;';';;;;;;;710528;'20200326153602;48995;'1630000;'14410;Kammenstraat;'34;';2000;Antwerpen;;'152211,277;'211924,091;';N;MON;4;0;Unknown;Unknown;;None;;;';IFH_BATCH;'26/03/2020 14:51:02;;Y;;;;'26/03/2020 14:34:24;2;10374648;;LU;1;';';';';';Y;#A1.2/WG/K1.3;APPART;DEEL_APP_GEBOUW - PARTIE_IMMEUBLE_APP;APPART;;;';;';;Y;;;;'26/03/2020 14:34:24
;;;Zoning;6807712;'20200127134349;W03-C-Antwerpen-West-FH08;6807712;'20200127134349;W03-C-Antwerpen-West-FH08;19085;FTTH-Cu;;';';;;;;;;710528;'20200326153602;48995;'1630000;'14410;Kammenstraat;'34;';2000;Antwerpen;;'152211,277;'211924,091;';N;MON;4;0;Unknown;Unknown;;None;;;';IFH_BATCH;'26/03/2020 14:51:02;;Y;;;;'26/03/2020 14:34:24;3;10375136;;BU;1;';';';';';Y;#HA.GV/HGV/K2;APPART;DEEL_APP_GEBOUW - PARTIE_IMMEUBLE_APP;COMM;;;';;';;Y;;;;'26/03/2020 14:34:24
;;;Zoning;6807712;'20200127134349;W03-C-Antwerpen-West-FH08;6807712;'20200127134349;W03-C-Antwerpen-West-FH08;19085;FTTH-Cu;;';';;;;;;;710529;'20200326153602;48996;'1630000;'14410;Kammenstraat;'36;';2000;Antwerpen;;'152211,202;'211912,003;';Y;NA;2;4;Unknown;Unknown;;None;;;';IFH_BATCH;'26/03/2020 14:51:03;;Y;;;;'26/03/2020 14:34:24;1;1763553;;BU;1;';';';';';Y;;COMM;HANDELSZAAK - COMMERCE;NA;;;';;';;Y;;;;'26/03/2020 14:34:24
;;;Zoning;6807712;'20200127134349;W03-C-Antwerpen-West-FH08;6807712;'20200127134349;W03-C-Antwerpen-West-FH08;19085;FTTH-Cu;;';';;;;;;;710530;'20200326153602;48997;'1630000;'14410;Kammenstraat;'40;';2000;Antwerpen;;'152230,391;'211901,946;';Y;NA;2;4;Unknown;Unknown;;None;;;';IFH_BATCH;'26/03/2020 14:51:06;;Y;;;;'26/03/2020 14:34:24;1;1778507;;BU;1;';';';';';Y;;COMM;HANDELSZAAK - COMMERCE;NA;;;';;';;Y;;;;'26/03/2020 14:34:24
;;;Zoning;6807712;'20200127134349;W03-C-Antwerpen-West-FH08;6807712;'20200127134349;W03-C-Antwerpen-West-FH08;19085;FTTH-Cu;;';';;;;;;;651573;'20200326153548;1959772;'1630000;'14410;Kammenstraat;'42;';2000;Antwerpen;;'152230,444;'211897,214;';Y;NA;2;4;Unknown;Unknown;;None;;;';IFH_BATCH;'26/03/2020 14:50:34;;Y;;;;'26/03/2020 14:34:24;1;1783338;;BU;1;';';';';';Y;;COMM;HANDELSZAAK - COMMERCE;NA;;;';;';;Y;;;;'26/03/2020 14:34:24
;;;Zoning;6807712;'20200127134349;W03-C-Antwerpen-West-FH08;6807712;'20200127134349;W03-C-Antwerpen-West-FH08;19085;FTTH-Cu;;';';;;;;;;651577;'20200326153548;1959777;'1630000;'14410;Kammenstraat;'46;';2000;Antwerpen;;'152243,56;'211888,89;';Y;NA;4;4;Unknown;Unknown;;None;;;';IFH_BATCH;'26/03/2020 14:50:38;;Y;;;;'26/03/2020 14:34:24;1;1791377;;LU;1;';';';';';Y;#A1.2/A2/;APPART;DEEL_APP_GEBOUW - PARTIE_IMMEUBLE_APP;APPART;;;';;';;Y;;;;'26/03/2020 14:34:24
;;;Zoning;6807712;'20200127134349;W03-C-Antwerpen-West-FH08;6807712;'20200127134349;W03-C-Antwerpen-West-FH08;19085;FTTH-Cu;;';';;;;;;;651577;'20200326153548;1959777;'1630000;'14410;Kammenstraat;'46;';2000;Antwerpen;;'152243,56;'211888,89;';Y;NA;4;4;Unknown;Unknown;;None;;;';IFH_BATCH;'26/03/2020 14:50:38;;Y;;;;'26/03/2020 14:34:24;2;1791598;;LU;1;';';';';';Y;#A3/A3/;APPART;DEEL_APP_GEBOUW - PARTIE_IMMEUBLE_APP;APPART;;;';;';;Y;;;;'26/03/2020 14:34:24
;;;Zoning;6807712;'20200127134349;W03-C-Antwerpen-West-FH08;6807712;'20200127134349;W03-C-Antwerpen-West-FH08;19085;FTTH-Cu;;';';;;;;;;651577;'20200326153548;1959777;'1630000;'14410;Kammenstraat;'46;';2000;Antwerpen;;'152243,56;'211888,89;';Y;NA;4;4;Unknown;Unknown;;None;;;';IFH_BATCH;'26/03/2020 14:50:38;;Y;;;;'26/03/2020 14:34:24;3;1791809;;BU;1;';';';';';Y;#HA.GV/A1/;APPART;DEEL_APP_GEBOUW - PARTIE_IMMEUBLE_APP;COMM;;;';;';;Y;;;;'26/03/2020 14:34:24
;;;Zoning;6807712;'20200127134349;W03-C-Antwerpen-West-FH08;6807712;'20200127134349;W03-C-Antwerpen-West-FH08;19085;FTTH-Cu;;';';;;;;;;31647803;'20200326153610;49000;'1630000;'14410;Kammenstraat;'48;';2000;Antwerpen;;'152242;'211887;';Y;NA;2;4;Unknown;Unknown;;None;;;';SSV_IMPORT;'26/03/2020 14:38:00;;Y;;;;'26/03/2020 14:34:24;1;11341295;;LU;1;';';';';';;;;;;;;';SSV_IMPORT;'26/03/2020 14:38:01;;Y;;;;'26/03/2020 14:34:24
;;;Zoning;6807712;'20200127134349;W03-C-Antwerpen-West-FH08;6807712;'20200127134349;W03-C-Antwerpen-West-FH08;19085;FTTH-Cu;;';';;;;;;;710532;'20200326153602;48999;'1630000;'14410;Kammenstraat;'50;';2000;Antwerpen;;'152249,557;'211873,355;';N;MON;2;0;Unknown;Unknown;;None;;;';IFH_BATCH;'26/03/2020 14:51:10;;Y;;;;'26/03/2020 14:34:24;1;1805620;;BU;1;';';';';';Y;;COMM;HANDELSZAAK - COMMERCE;NA;;;';;';;Y;;;;'26/03/2020 14:34:24
;;;Zoning;6807712;'20200127134349;W03-C-Antwerpen-West-FH08;6807712;'20200127134349;W03-C-Antwerpen-West-FH08;19085;FTTH-Cu;;';';;;;;;;651581;'20200326153548;1959781;'1630000;'14410;Kammenstraat;'52;';2000;Antwerpen;;'152250,578;'211868,56;';Y;NA;4;4;Unknown;Unknown;;None;;;';IFH_BATCH;'26/03/2020 14:50:40;;Y;;;;'26/03/2020 14:34:24;1;1808164;;LU;1;';';';';';Y;#A2/;APPART;DEEL_APP_GEBOUW - PARTIE_IMMEUBLE_APP;APPART;;;';;';;Y;;;;'26/03/2020 14:34:24
;;;Zoning;6807712;'20200127134349;W03-C-Antwerpen-West-FH08;6807712;'20200127134349;W03-C-Antwerpen-West-FH08;19085;FTTH-Cu;;';';;;;;;;651581;'20200326153548;1959781;'1630000;'14410;Kammenstraat;'52;';2000;Antwerpen;;'152250,578;'211868,56;';Y;NA;4;4;Unknown;Unknown;;None;;;';IFH_BATCH;'26/03/2020 14:50:40;;Y;;;;'26/03/2020 14:34:24;2;1808247;;LU;1;';';';';';Y;#A3;APPART;DEEL_APP_GEBOUW - PARTIE_IMMEUBLE_APP;APPART;;;';;';;Y;;;;'26/03/2020 14:34:24
;;;Zoning;6807712;'20200127134349;W03-C-Antwerpen-West-FH08;6807712;'20200127134349;W03-C-Antwerpen-West-FH08;19085;FTTH-Cu;;';';;;;;;;651581;'20200326153548;1959781;'1630000;'14410;Kammenstraat;'52;';2000;Antwerpen;;'152250,578;'211868,56;';Y;NA;4;4;Unknown;Unknown;;None;;;';IFH_BATCH;'26/03/2020 14:50:40;;Y;;;;'26/03/2020 14:34:24;3;1808469;;BU;1;';';';';';Y;#HA.GV.1/K;APPART;DEEL_APP_GEBOUW - PARTIE_IMMEUBLE_APP;COMM;;;';;';;Y;;;;'26/03/2020 14:34:24
;;;Zoning;6807712;'20200127134349;W03-C-Antwerpen-West-FH08;6807712;'20200127134349;W03-C-Antwerpen-West-FH08;19085;FTTH-Cu;;';';;;;;;;651583;'20200326153548;1959783;'1630000;'14410;Kammenstraat;'54;';2000;Antwerpen;;'152253,82;'211863,331;';Y;NA;4;4;Unknown;Unknown;;None;;;';IFH_BATCH;'26/03/2020 14:50:41;;Y;;;;'26/03/2020 14:34:24;1;10370026;;LU;1;';';';';';Y;#A1/A1/K1;APPART;DEEL_APP_GEBOUW - PARTIE_IMMEUBLE_APP;APPART;;;';;';;Y;;;;'26/03/2020 14:34:24
;;;Zoning;6807712;'20200127134349;W03-C-Antwerpen-West-FH08;6807712;'20200127134349;W03-C-Antwerpen-West-FH08;19085;FTTH-Cu;;';';;;;;;;651583;'20200326153548;1959783;'1630000;'14410;Kammenstraat;'54;';2000;Antwerpen;;'152253,82;'211863,331;';Y;NA;4;4;Unknown;Unknown;;None;;;';IFH_BATCH;'26/03/2020 14:50:41;;Y;;;;'26/03/2020 14:34:24;2;10370233;;LU;1;';';';';';Y;#A2/A2/K2;APPART;DEEL_APP_GEBOUW - PARTIE_IMMEUBLE_APP;APPART;;;';;';;Y;;;;'26/03/2020 14:34:24
;;;Zoning;6807712;'20200127134349;W03-C-Antwerpen-West-FH08;6807712;'20200127134349;W03-C-Antwerpen-West-FH08;19085;FTTH-Cu;;';';;;;;;;651583;'20200326153548;1959783;'1630000;'14410;Kammenstraat;'54;';2000;Antwerpen;;'152253,82;'211863,331;';Y;NA;4;4;Unknown;Unknown;;None;;;';IFH_BATCH;'26/03/2020 14:50:41;;Y;;;;'26/03/2020 14:34:24;3;10370440;;LU;1;';';';';';Y;#A3/A3/K3;APPART;DEEL_APP_GEBOUW - PARTIE_IMMEUBLE_APP;APPART;;;';;';;Y;;;;'26/03/2020 14:34:24
;;;Zoning;6807712;'20200127134349;W03-C-Antwerpen-West-FH08;6807712;'20200127134349;W03-C-Antwerpen-West-FH08;19085;FTTH-Cu;;';';;;;;;;651583;'20200326153548;1959783;'1630000;'14410;Kammenstraat;'54;';2000;Antwerpen;;'152253,82;'211863,331;';Y;NA;4;4;Unknown;Unknown;;None;;;';IFH_BATCH;'26/03/2020 14:50:41;;Y;;;;'26/03/2020 14:34:24;4;10374376;;BU;1;';';';';';Y;#HA.GV/CR/K4;APPART;DEEL_APP_GEBOUW - PARTIE_IMMEUBLE_APP;COMM;;;';;';;Y;;;;'26/03/2020 14:34:24
;;;Zoning;6807712;'20200127134349;W03-C-Antwerpen-West-FH08;6807712;'20200127134349;W03-C-Antwerpen-West-FH08;19085;FTTH-Cu;;';';;;;;;;651584;'20200326153548;1959784;'1630000;'14410;Kammenstraat;'56;';2000;Antwerpen;;'152256,355;'211857,8;';Y;NA;2;4;Unknown;Unknown;;None;;;';IFH_BATCH;'26/03/2020 14:50:44;;Y;;;;'26/03/2020 14:34:24;1;1815814;;BU;1;';';';';';Y;;COMM;HANDELSZAAK - COMMERCE;NA;;;';;';;Y;;;;'26/03/2020 14:34:24
;;;Zoning;6807712;'20200127134349;W03-C-Antwerpen-West-FH08;6807712;'20200127134349;W03-C-Antwerpen-West-FH08;19085;FTTH-Cu;;';';;;;;;;710533;'20200326153602;49001;'1630000;'14410;Kammenstraat;'58;';2000;Antwerpen;;'152257,853;'211851,924;';Y;NA;2;4;Unknown;Unknown;;None;;;';IFH_BATCH;'26/03/2020 14:51:12;;Y;;;;'26/03/2020 14:34:24;1;1818725;;BU;1;';';';';';Y;;COMM;HANDELSZAAK - COMMERCE;NA;;;';;';;Y;;;;'26/03/2020 14:34:24
;;;Zoning;6807712;'20200127134349;W03-C-Antwerpen-West-FH08;6807712;'20200127134349;W03-C-Antwerpen-West-FH08;19085;FTTH-Cu;;';';;;;;;;710534;'20200326153602;49002;'1630000;'14410;Kammenstraat;'60;';2000;Antwerpen;;'152259,236;'211848,006;';Y;NA;4;4;Unknown;Unknown;;None;;;';IFH_BATCH;'26/03/2020 14:51:14;;Y;;;;'26/03/2020 14:34:24;1;1826581;;BU;1;';';';';';Y;;COMM;HANDELSZAAK - COMMERCE;NA;;;';;';;Y;;;;'26/03/2020 14:34:24
;;;Zoning;6807712;'20200127134349;W03-C-Antwerpen-West-FH08;6807712;'20200127134349;W03-C-Antwerpen-West-FH08;19085;FTTH-Cu;;';';;;;;;;710534;'20200326153602;49002;'1630000;'14410;Kammenstraat;'60;';2000;Antwerpen;;'152259,236;'211848,006;';Y;NA;4;4;Unknown;Unknown;;None;;;';IFH_BATCH;'26/03/2020 14:51:14;;Y;;;;'26/03/2020 14:34:24;2;1826582;;BU;1;';';';';';Y;;COMM;HANDELSZAAK - COMMERCE;NA;;;';;';;Y;;;;'26/03/2020 14:34:24
;;;Zoning;6807712;'20200127134349;W03-C-Antwerpen-West-FH08;6807712;'20200127134349;W03-C-Antwerpen-West-FH08;19085;FTTH-Cu;;';';;;;;;;710534;'20200326153602;49002;'1630000;'14410;Kammenstraat;'60;';2000;Antwerpen;;'152259,236;'211848,006;';Y;NA;4;4;Unknown;Unknown;;None;;;';IFH_BATCH;'26/03/2020 14:51:14;;Y;;;;'26/03/2020 14:34:24;3;1826583;;BU;1;';';';';';Y;;COMM;HANDELSZAAK - COMMERCE;NA;;;';;';;Y;;;;'26/03/2020 14:34:24
;;;Zoning;6807712;'20200127134349;W03-C-Antwerpen-West-FH08;6807712;'20200127134349;W03-C-Antwerpen-West-FH08;19085;FTTH-Cu;;';';;;;;;;31647820;'20200326153611;6562309;'1630000;'14410;Kammenstraat;'60;'A;2000;Antwerpen;;'152262;'211848;';Y;NA;2;4;Unknown;Unknown;;None;;;';SSV_IMPORT;'26/03/2020 14:38:04;;Y;;;;'26/03/2020 14:34:24;1;11341296;;LU;1;';';';';';;;;;;;;';SSV_IMPORT;'26/03/2020 14:38:05;;Y;;;;'26/03/2020 14:34:24
;;;Zoning;6807712;'20200127134349;W03-C-Antwerpen-West-FH08;6807712;'20200127134349;W03-C-Antwerpen-West-FH08;19085;FTTH-Cu;;';';;;;;;;651587;'20200326153548;1959788;'1630000;'14410;Kammenstraat;'62;';2000;Antwerpen;;'152260,849;'211843,167;';Y;NA;2;4;Unknown;Unknown;;None;;;';IFH_BATCH;'26/03/2020 14:50:46;;Y;;;;'26/03/2020 14:34:24;1;1829652;;LU;1;';';';';';Y;;HOUSE;WONING - MAISON;NA;;;';;';;Y;;;;'26/03/2020 14:34:24
;;;Zoning;6807712;'20200127134349;W03-C-Antwerpen-West-FH08;6807712;'20200127134349;W03-C-Antwerpen-West-FH08;19085;FTTH-Cu;;';';;;;;;;31647825;'20200326153611;6339381;'1630000;'14410;Kammenstraat;'62;'A;2000;Antwerpen;;'152258;'211846;';Y;NA;2;4;Unknown;Unknown;;None;;;';SSV_IMPORT;'26/03/2020 14:38:10;;Y;;;;'26/03/2020 14:34:24;1;11341297;;LU;1;';';';';';;;;;;;;';SSV_IMPORT;'26/03/2020 14:38:11;;Y;;;;'26/03/2020 14:34:24
;;;Zoning;6807712;'20200127134349;W03-C-Antwerpen-West-FH08;6807712;'20200127134349;W03-C-Antwerpen-West-FH08;19085;FTTH-Cu;;';';;;;;;;651589;'20200326153548;1959790;'1630000;'14410;Kammenstraat;'64;';2000;Antwerpen;;'152262,116;'211839,941;';Y;NA;2;4;Unknown;Unknown;;None;;;';IFH_BATCH;'26/03/2020 14:50:48;;Y;;;;'26/03/2020 14:34:24;1;1832211;;BU;1;';';';';';Y;;COMM;HANDELSZAAK - COMMERCE;NA;;;';;';;Y;;;;'26/03/2020 14:34:24
;;;Zoning;6807712;'20200127134349;W03-C-Antwerpen-West-FH08;6807712;'20200127134349;W03-C-Antwerpen-West-FH08;19085;FTTH-Cu;;';';;;;;;;651590;'20200326153548;1959792;'1630000;'14410;Kammenstraat;'66;';2000;Antwerpen;;'152263,268;'211835,793;';Y;NA;4;4;Unknown;Unknown;;None;;;';IFH_BATCH;'26/03/2020 14:50:50;;Y;;;;'26/03/2020 14:34:24;1;1834136;;LU;1;';';';';';Y;#A.GV.1.2/AK/;APPART;DEEL_APP_GEBOUW - PARTIE_IMMEUBLE_APP;APPART;;;';;';;Y;;;;'26/03/2020 14:34:24
;;;Zoning;6807712;'20200127134349;W03-C-Antwerpen-West-FH08;6807712;'20200127134349;W03-C-Antwerpen-West-FH08;19085;FTTH-Cu;;';';;;;;;;651590;'20200326153548;1959792;'1630000;'14410;Kammenstraat;'66;';2000;Antwerpen;;'152263,268;'211835,793;';Y;NA;4;4;Unknown;Unknown;;None;;;';IFH_BATCH;'26/03/2020 14:50:50;;Y;;;;'26/03/2020 14:34:24;2;1834242;;LU;1;';';';';';Y;#A1/TV;APPART;DEEL_APP_GEBOUW - PARTIE_IMMEUBLE_APP;APPART;;;';;';;Y;;;;'26/03/2020 14:34:24
;;;Zoning;6807712;'20200127134349;W03-C-Antwerpen-West-FH08;6807712;'20200127134349;W03-C-Antwerpen-West-FH08;19085;FTTH-Cu;;';';;;;;;;651590;'20200326153548;1959792;'1630000;'14410;Kammenstraat;'66;';2000;Antwerpen;;'152263,268;'211835,793;';Y;NA;4;4;Unknown;Unknown;;None;;;';IFH_BATCH;'26/03/2020 14:50:50;;Y;;;;'26/03/2020 14:34:24;3;1834255;;LU;1;';';';';';Y;#A2.3/3/;APPART;DEEL_APP_GEBOUW - PARTIE_IMMEUBLE_APP;APPART;;;';;';;Y;;;;'26/03/2020 14:34:24
;;;Zoning;6807712;'20200127134349;W03-C-Antwerpen-West-FH08;6807712;'20200127134349;W03-C-Antwerpen-West-FH08;19085;FTTH-Cu;;';';;;;;;;651590;'20200326153548;1959792;'1630000;'14410;Kammenstraat;'66;';2000;Antwerpen;;'152263,268;'211835,793;';Y;NA;4;4;Unknown;Unknown;;None;;;';IFH_BATCH;'26/03/2020 14:50:50;;Y;;;;'26/03/2020 14:34:24;4;1834555;;BU;1;';';';';';Y;#HA.GV/K1.2.3;APPART;DEEL_APP_GEBOUW - PARTIE_IMMEUBLE_APP;COMM;;;';;';;Y;;;;'26/03/2020 14:34:24
;;;Zoning;6807712;'20200127134349;W03-C-Antwerpen-West-FH08;6807712;'20200127134349;W03-C-Antwerpen-West-FH08;19085;FTTH-Cu;;';';;;;;;;651591;'20200326153548;1959793;'1630000;'14410;Kammenstraat;'68;';2000;Antwerpen;;'152266,264;'211830,953;';Y;NA;4;4;Unknown;Unknown;;None;;;';IFH_BATCH;'26/03/2020 14:50:52;;Y;;;;'26/03/2020 14:34:24;1;1836612;;LU;1;';';';';';Y;#A1/A2/K2;APPART;DEEL_APP_GEBOUW - PARTIE_IMMEUBLE_APP;APPART;;;';;';;Y;;;;'26/03/2020 14:34:24
;;;Zoning;6807712;'20200127134349;W03-C-Antwerpen-West-FH08;6807712;'20200127134349;W03-C-Antwerpen-West-FH08;19085;FTTH-Cu;;';';;;;;;;651591;'20200326153548;1959793;'1630000;'14410;Kammenstraat;'68;';2000;Antwerpen;;'152266,264;'211830,953;';Y;NA;4;4;Unknown;Unknown;;None;;;';IFH_BATCH;'26/03/2020 14:50:52;;Y;;;;'26/03/2020 14:34:24;2;1836682;;LU;1;';';';';';Y;#A2/A3/K3;APPART;DEEL_APP_GEBOUW - PARTIE_IMMEUBLE_APP;APPART;;;';;';;Y;;;;'26/03/2020 14:34:24
;;;Zoning;6807712;'20200127134349;W03-C-Antwerpen-West-FH08;6807712;'20200127134349;W03-C-Antwerpen-West-FH08;19085;FTTH-Cu;;';';;;;;;;651591;'20200326153548;1959793;'1630000;'14410;Kammenstraat;'68;';2000;Antwerpen;;'152266,264;'211830,953;';Y;NA;4;4;Unknown;Unknown;;None;;;';IFH_BATCH;'26/03/2020 14:50:52;;Y;;;;'26/03/2020 14:34:24;3;1836720;;LU;1;';';';';';Y;#A3.4/A4/K4;APPART;DEEL_APP_GEBOUW - PARTIE_IMMEUBLE_APP;APPART;;;';;';;Y;;;;'26/03/2020 14:34:24
;;;Zoning;6807712;'20200127134349;W03-C-Antwerpen-West-FH08;6807712;'20200127134349;W03-C-Antwerpen-West-FH08;19085;FTTH-Cu;;';';;;;;;;651591;'20200326153548;1959793;'1630000;'14410;Kammenstraat;'68;';2000;Antwerpen;;'152266,264;'211830,953;';Y;NA;4;4;Unknown;Unknown;;None;;;';IFH_BATCH;'26/03/2020 14:50:52;;Y;;;;'26/03/2020 14:34:24;4;1836833;;BU;1;';';';';';Y;#HA.GV/A1/;APPART;DEEL_APP_GEBOUW - PARTIE_IMMEUBLE_APP;COMM;;;';;';;Y;;;;'26/03/2020 14:34:24
;;;Zoning;6807712;'20200127134349;W03-C-Antwerpen-West-FH08;6807712;'20200127134349;W03-C-Antwerpen-West-FH08;19085;FTTH-Cu;;';';;;;;;;710536;'20200326153602;49004;'1630000;'14410;Kammenstraat;'70;';2000;Antwerpen;;'152269,606;'211823,349;';Y;NA;2;4;Unknown;Unknown;;None;;;';IFH_BATCH;'26/03/2020 14:51:18;;Y;;;;'26/03/2020 14:34:24;1;1843522;;BU;1;';';';';';Y;;COMM;HANDELSZAAK - COMMERCE;NA;;;';;';;Y;;;;'26/03/2020 14:34:24
;;;Zoning;6807712;'20200127134349;W03-C-Antwerpen-West-FH08;6807712;'20200127134349;W03-C-Antwerpen-West-FH08;19085;FTTH-Cu;;';';;;;;;;31647830;'20200326153610;1959794;'1630000;'14410;Kammenstraat;'70;'A;2000;Antwerpen;;'152278;'211827;';Y;NA;2;4;Unknown;Unknown;;None;;;';SSV_IMPORT;'26/03/2020 14:38:15;;Y;;;;'26/03/2020 14:34:24;1;11341298;;LU;1;';';';';';;;;;;;;';SSV_IMPORT;'26/03/2020 14:38:16;;Y;;;;'26/03/2020 14:34:24
;;;Zoning;6807712;'20200127134349;W03-C-Antwerpen-West-FH08;6807712;'20200127134349;W03-C-Antwerpen-West-FH08;19085;FTTH-Cu;;';';;;;;;;710531;'20200326153602;48998;'1630000;'14410;Kammenstraat;'72;';2000;Antwerpen;;'152278,823;'211795,35;';Y;NA;4;4;Unknown;Unknown;;None;;;';IFH_BATCH;'26/03/2020 14:51:08;;Y;;;;'26/03/2020 14:34:24;1;1844900;;LU;1;';';';';';Y;#A1/B/1-2/;APPART;DEEL_APP_GEBOUW - PARTIE_IMMEUBLE_APP;APPART;;;';;';;Y;;;;'26/03/2020 14:34:24
;;;Zoning;6807712;'20200127134349;W03-C-Antwerpen-West-FH08;6807712;'20200127134349;W03-C-Antwerpen-West-FH08;19085;FTTH-Cu;;';';;;;;;;710531;'20200326153602;48998;'1630000;'14410;Kammenstraat;'72;';2000;Antwerpen;;'152278,823;'211795,35;';Y;NA;4;4;Unknown;Unknown;;None;;;';IFH_BATCH;'26/03/2020 14:51:08;;Y;;;;'26/03/2020 14:34:24;2;1844901;;LU;1;';';';';';Y;#A1/B/3/;APPART;DEEL_APP_GEBOUW - PARTIE_IMMEUBLE_APP;APPART;;;';;';;Y;;;;'26/03/2020 14:34:24
;;;Zoning;6807712;'20200127134349;W03-C-Antwerpen-West-FH08;6807712;'20200127134349;W03-C-Antwerpen-West-FH08;19085;FTTH-Cu;;';';;;;;;;710531;'20200326153602;48998;'1630000;'14410;Kammenstraat;'72;';2000;Antwerpen;;'152278,823;'211795,35;';Y;NA;4;4;Unknown;Unknown;;None;;;';IFH_BATCH;'26/03/2020 14:51:08;;Y;;;;'26/03/2020 14:34:24;3;1844902;;LU;1;';';';';';Y;#A1/B/4/;APPART;DEEL_APP_GEBOUW - PARTIE_IMMEUBLE_APP;APPART;;;';;';;Y;;;;'26/03/2020 14:34:24
;;;Zoning;6807712;'20200127134349;W03-C-Antwerpen-West-FH08;6807712;'20200127134349;W03-C-Antwerpen-West-FH08;19085;FTTH-Cu;;';';;;;;;;710531;'20200326153602;48998;'1630000;'14410;Kammenstraat;'72;';2000;Antwerpen;;'152278,823;'211795,35;';Y;NA;4;4;Unknown;Unknown;;None;;;';IFH_BATCH;'26/03/2020 14:51:08;;Y;;;;'26/03/2020 14:34:24;4;1844965;;LU;1;';';';';';Y;#A2/B/10/K16;APPART;DEEL_APP_GEBOUW - PARTIE_IMMEUBLE_APP;APPART;;;';;';;Y;;;;'26/03/2020 14:34:24
;;;Zoning;6807712;'20200127134349;W03-C-Antwerpen-West-FH08;6807712;'20200127134349;W03-C-Antwerpen-West-FH08;19085;FTTH-Cu;;';';;;;;;;710531;'20200326153602;48998;'1630000;'14410;Kammenstraat;'72;';2000;Antwerpen;;'152278,823;'211795,35;';Y;NA;4;4;Unknown;Unknown;;None;;;';IFH_BATCH;'26/03/2020 14:51:08;;Y;;;;'26/03/2020 14:34:24;5;1844966;;LU;1;';';';';';Y;#A2/B/7-8/K15;APPART;DEEL_APP_GEBOUW - PARTIE_IMMEUBLE_APP;APPART;;;';;';;Y;;;;'26/03/2020 14:34:24
;;;Zoning;6807712;'20200127134349;W03-C-Antwerpen-West-FH08;6807712;'20200127134349;W03-C-Antwerpen-West-FH08;19085;FTTH-Cu;;';';;;;;;;710531;'20200326153602;48998;'1630000;'14410;Kammenstraat;'72;';2000;Antwerpen;;'152278,823;'211795,35;';Y;NA;4;4;Unknown;Unknown;;None;;;';IFH_BATCH;'26/03/2020 14:51:08;;Y;;;;'26/03/2020 14:34:24;6;1844967;;LU;1;';';';';';Y;#A2/B/9/;APPART;DEEL_APP_GEBOUW - PARTIE_IMMEUBLE_APP;APPART;;;';;';;Y;;;;'26/03/2020 14:34:24
;;;Zoning;6807712;'20200127134349;W03-C-Antwerpen-West-FH08;6807712;'20200127134349;W03-C-Antwerpen-West-FH08;19085;FTTH-Cu;;';';;;;;;;710531;'20200326153602;48998;'1630000;'14410;Kammenstraat;'72;';2000;Antwerpen;;'152278,823;'211795,35;';Y;NA;4;4;Unknown;Unknown;;None;;;';IFH_BATCH;'26/03/2020 14:51:08;;Y;;;;'26/03/2020 14:34:24;7;1845014;;LU;1;';';';';';Y;#A3/B/13-14/K11;APPART;DEEL_APP_GEBOUW - PARTIE_IMMEUBLE_APP;APPART;;;';;';;Y;;;;'26/03/2020 14:34:24
;;;Zoning;6807712;'20200127134349;W03-C-Antwerpen-West-FH08;6807712;'20200127134349;W03-C-Antwerpen-West-FH08;19085;FTTH-Cu;;';';;;;;;;710531;'20200326153602;48998;'1630000;'14410;Kammenstraat;'72;';2000;Antwerpen;;'152278,823;'211795,35;';Y;NA;4;4;Unknown;Unknown;;None;;;';IFH_BATCH;'26/03/2020 14:51:08;;Y;;;;'26/03/2020 14:34:24;8;1845015;;LU;1;';';';';';Y;#A3/B/15/;APPART;DEEL_APP_GEBOUW - PARTIE_IMMEUBLE_APP;APPART;;;';;';;Y;;;;'26/03/2020 14:34:24
;;;Zoning;6807712;'20200127134349;W03-C-Antwerpen-West-FH08;6807712;'20200127134349;W03-C-Antwerpen-West-FH08;19085;FTTH-Cu;;';';;;;;;;710531;'20200326153602;48998;'1630000;'14410;Kammenstraat;'72;';2000;Antwerpen;;'152278,823;'211795,35;';Y;NA;4;4;Unknown;Unknown;;None;;;';IFH_BATCH;'26/03/2020 14:51:08;;Y;;;;'26/03/2020 14:34:24;9;1845016;;LU;1;';';';';';Y;#A3/B/16/;APPART;DEEL_APP_GEBOUW - PARTIE_IMMEUBLE_APP;APPART;;;';;';;Y;;;;'26/03/2020 14:34:24
;;;Zoning;6807712;'20200127134349;W03-C-Antwerpen-West-FH08;6807712;'20200127134349;W03-C-Antwerpen-West-FH08;19085;FTTH-Cu;;';';;;;;;;710531;'20200326153602;48998;'1630000;'14410;Kammenstraat;'72;';2000;Antwerpen;;'152278,823;'211795,35;';Y;NA;4;4;Unknown;Unknown;;None;;;';IFH_BATCH;'26/03/2020 14:51:08;;Y;;;;'26/03/2020 14:34:24;10;1845039;;LU;1;';';';';';Y;#A4/B/19-20/K10;APPART;DEEL_APP_GEBOUW - PARTIE_IMMEUBLE_APP;APPART;;;';;';;Y;;;;'26/03/2020 14:34:24
;;;Zoning;6807712;'20200127134349;W03-C-Antwerpen-West-FH08;6807712;'20200127134349;W03-C-Antwerpen-West-FH08;19085;FTTH-Cu;;';';;;;;;;710531;'20200326153602;48998;'1630000;'14410;Kammenstraat;'72;';2000;Antwerpen;;'152278,823;'211795,35;';Y;NA;4;4;Unknown;Unknown;;None;;;';IFH_BATCH;'26/03/2020 14:51:08;;Y;;;;'26/03/2020 14:34:24;11;1845040;;LU;1;';';';';';Y;#A4/B/21-22/K12;APPART;DEEL_APP_GEBOUW - PARTIE_IMMEUBLE_APP;APPART;;;';;';;Y;;;;'26/03/2020 14:34:24
;;;Zoning;6807712;'20200127134349;W03-C-Antwerpen-West-FH08;6807712;'20200127134349;W03-C-Antwerpen-West-FH08;19085;FTTH-Cu;;';';;;;;;;710531;'20200326153602;48998;'1630000;'14410;Kammenstraat;'72;';2000;Antwerpen;;'152278,823;'211795,35;';Y;NA;4;4;Unknown;Unknown;;None;;;';IFH_BATCH;'26/03/2020 14:51:08;;Y;;;;'26/03/2020 14:34:24;12;1845043;;LU;1;';';';';';Y;#A4/C/24/K3;APPART;DEEL_APP_GEBOUW - PARTIE_IMMEUBLE_APP;APPART;;;';;';;Y;;;;'26/03/2020 14:34:24
;;;Zoning;6807712;'20200127134349;W03-C-Antwerpen-West-FH08;6807712;'20200127134349;W03-C-Antwerpen-West-FH08;19085;FTTH-Cu;;';';;;;;;;710531;'20200326153602;48998;'1630000;'14410;Kammenstraat;'72;';2000;Antwerpen;;'152278,823;'211795,35;';Y;NA;4;4;Unknown;Unknown;;None;;;';IFH_BATCH;'26/03/2020 14:51:08;;Y;;;;'26/03/2020 14:34:24;13;1845163;;BU;1;';';';';';Y;#HA.GV/A/GAR-MAG.A1.2.3.4;APPART;DEEL_APP_GEBOUW - PARTIE_IMMEUBLE_APP;COMM;;;';;';;Y;;;;'26/03/2020 14:34:24
;;;Zoning;6807712;'20200127134349;W03-C-Antwerpen-West-FH08;6807712;'20200127134349;W03-C-Antwerpen-West-FH08;19085;FTTH-Cu;;';';;;;;;;651593;'20200326153548;1959796;'1630000;'14410;Kammenstraat;'74;';2000;Antwerpen;;'152288,589;'211786,197;';Y;NA;4;4;Unknown;Unknown;;None;;;';IFH_BATCH;'26/03/2020 14:50:53;;Y;;;;'26/03/2020 14:34:24;1;1847595;;BU;1;';';';';';Y;;COMM;HANDELSZAAK - COMMERCE;NA;;;';;';;Y;;;;'26/03/2020 14:34:24
;;;Zoning;6807712;'20200127134349;W03-C-Antwerpen-West-FH08;6807712;'20200127134349;W03-C-Antwerpen-West-FH08;19085;FTTH-Cu;;';';;;;;;;651593;'20200326153548;1959796;'1630000;'14410;Kammenstraat;'74;';2000;Antwerpen;;'152288,589;'211786,197;';Y;NA;4;4;Unknown;Unknown;;None;;;';IFH_BATCH;'26/03/2020 14:50:53;;Y;;;;'26/03/2020 14:34:24;2;1847596;;BU;1;';';';';';Y;;COMM;HANDELSZAAK - COMMERCE;NA;;;';;';;Y;;;;'26/03/2020 14:34:24
;;;Zoning;6807712;'20200127134349;W03-C-Antwerpen-West-FH08;6807712;'20200127134349;W03-C-Antwerpen-West-FH08;19085;FTTH-Cu;;';';;;;;;;651595;'20200326153548;1959798;'1630000;'14410;Kammenstraat;'76;';2000;Antwerpen;;'152295,051;'211780,929;';Y;NA;2;4;Unknown;Unknown;;None;;;';IFH_BATCH;'26/03/2020 14:50:56;;Y;;;;'26/03/2020 14:34:24;1;1849752;;BU;1;';';';';';Y;;COMM;HANDELSZAAK - COMMERCE;NA;;;';;';;Y;;;;'26/03/2020 14:34:24
;;;Zoning;6807712;'20200127134349;W03-C-Antwerpen-West-FH08;6807712;'20200127134349;W03-C-Antwerpen-West-FH08;19085;FTTH-Cu;;';';;;;;;;710535;'20200326153602;49003;'1630000;'14410;Kammenstraat;'78;';2000;Antwerpen;;'152302,243;'211776,075;';Y;NA;2;4;Unknown;Unknown;;None;;;';IFH_BATCH;'26/03/2020 14:51:16;;Y;;;;'26/03/2020 14:34:24;1;1851611;;BU;1;';';';';';Y;;COMM;HANDELSZAAK - COMMERCE;NA;;;';;';;Y;;;;'26/03/2020 14:34:24
;;;Zoning;6807712;'20200127134349;W03-C-Antwerpen-West-FH08;6807712;'20200127134349;W03-C-Antwerpen-West-FH08;19085;FTTH-Cu;;';';;;;;;;711983;'20200326153604;55305;'1630000;'14410;Kammenstraat;'80;';2000;Antwerpen;;'152313,657;'211764,941;';Y;NA;2;4;Unknown;Unknown;;None;;;';IFH_BATCH;'26/03/2020 14:51:24;;Y;;;;'26/03/2020 14:34:24;1;1857459;;BU;1;';';';';';Y;;COMM;HANDELSZAAK - COMMERCE;NA;;;';;';;Y;;;;'26/03/2020 14:34:24
;;;Zoning;6807712;'20200127134349;W03-C-Antwerpen-West-FH08;6807712;'20200127134349;W03-C-Antwerpen-West-FH08;19085;FTTH-Cu;;';';;;;;;;651597;'20200326153548;1959801;'1630000;'14410;Kammenstraat;'82;';2000;Antwerpen;;'152312,291;'211759,365;';Y;NA;2;4;Unknown;Unknown;;None;;;';IFH_BATCH;'26/03/2020 14:50:58;;Y;;;;'26/03/2020 14:34:24;1;1859232;;BU;1;';';';';';Y;;COMM;HANDELSZAAK - COMMERCE;NA;;;';;';;Y;;;;'26/03/2020 14:34:24
;;;Zoning;6807712;'20200127134349;W03-C-Antwerpen-West-FH08;6807712;'20200127134349;W03-C-Antwerpen-West-FH08;19085;FTTH-Cu;;';';;;;;;;651598;'20200326153548;1959802;'1630000;'14410;Kammenstraat;'84;';2000;Antwerpen;;'152307,936;'211752,804;';Y;NA;2;4;Unknown;Unknown;;None;;;';IFH_BATCH;'26/03/2020 14:51:00;;Y;;;;'26/03/2020 14:34:24;1;1860931;;BU;1;';';';';';Y;;COMM;HANDELSZAAK - COMMERCE;NA;;;';;';;Y;;;;'26/03/2020 14:34:24
;;;Zoning;6807712;'20200127134349;W03-C-Antwerpen-West-FH08;6807712;'20200127134349;W03-C-Antwerpen-West-FH08;19085;FTTH-Cu;;';';;;;;;;711982;'20200326153604;55304;'1630000;'14410;Kammenstraat;'86;';2000;Antwerpen;;'152314,499;'211747,447;';Y;NA;4;4;Unknown;Unknown;;None;;;';IFH_BATCH;'26/03/2020 14:51:22;;Y;;;;'26/03/2020 14:34:24;1;1861903;;LU;1;';';';';';Y;#A1/A1/;APPART;DEEL_APP_GEBOUW - PARTIE_IMMEUBLE_APP;APPART;;;';;';;Y;;;;'26/03/2020 14:34:24
;;;Zoning;6807712;'20200127134349;W03-C-Antwerpen-West-FH08;6807712;'20200127134349;W03-C-Antwerpen-West-FH08;19085;FTTH-Cu;;';';;;;;;;711982;'20200326153604;55304;'1630000;'14410;Kammenstraat;'86;';2000;Antwerpen;;'152314,499;'211747,447;';Y;NA;4;4;Unknown;Unknown;;None;;;';IFH_BATCH;'26/03/2020 14:51:22;;Y;;;;'26/03/2020 14:34:24;2;1861942;;LU;1;';';';';';Y;#A2.3/A2/;APPART;DEEL_APP_GEBOUW - PARTIE_IMMEUBLE_APP;APPART;;;';;';;Y;;;;'26/03/2020 14:34:24
;;;Zoning;6807712;'20200127134349;W03-C-Antwerpen-West-FH08;6807712;'20200127134349;W03-C-Antwerpen-West-FH08;19085;FTTH-Cu;;';';;;;;;;711982;'20200326153604;55304;'1630000;'14410;Kammenstraat;'86;';2000;Antwerpen;;'152314,499;'211747,447;';Y;NA;4;4;Unknown;Unknown;;None;;;';IFH_BATCH;'26/03/2020 14:51:22;;Y;;;;'26/03/2020 14:34:24;3;1861987;;LU;1;';';';';';Y;#A3;APPART;DEEL_APP_GEBOUW - PARTIE_IMMEUBLE_APP;APPART;;;';;';;Y;;;;'26/03/2020 14:34:24
;;;Zoning;6807712;'20200127134349;W03-C-Antwerpen-West-FH08;6807712;'20200127134349;W03-C-Antwerpen-West-FH08;19085;FTTH-Cu;;';';;;;;;;711982;'20200326153604;55304;'1630000;'14410;Kammenstraat;'86;';2000;Antwerpen;;'152314,499;'211747,447;';Y;NA;4;4;Unknown;Unknown;;None;;;';IFH_BATCH;'26/03/2020 14:51:22;;Y;;;;'26/03/2020 14:34:24;4;1862019;;LU;1;';';';';';Y;#A4;APPART;DEEL_APP_GEBOUW - PARTIE_IMMEUBLE_APP;APPART;;;';;';;Y;;;;'26/03/2020 14:34:24
;;;Zoning;6807712;'20200127134349;W03-C-Antwerpen-West-FH08;6807712;'20200127134349;W03-C-Antwerpen-West-FH08;19085;FTTH-Cu;;';';;;;;;;711982;'20200326153604;55304;'1630000;'14410;Kammenstraat;'86;';2000;Antwerpen;;'152314,499;'211747,447;';Y;NA;4;4;Unknown;Unknown;;None;;;';IFH_BATCH;'26/03/2020 14:51:22;;Y;;;;'26/03/2020 14:34:24;5;1862101;;BU;1;';';';';';Y;#HA.GV;APPART;DEEL_APP_GEBOUW - PARTIE_IMMEUBLE_APP;COMM;;;';;';;Y;;;;'26/03/2020 14:34:24
;;;Zoning;6807712;'20200127134349;W03-C-Antwerpen-West-FH08;6807712;'20200127134349;W03-C-Antwerpen-West-FH08;19085;FTTH-Cu;;';';;;;;;;660867;'20200326153545;1998284;'1630000;'19920;Kleine Markt;'4;';2000;Antwerpen;;'152313,284;'211739,942;';Y;NA;4;4;Unknown;Unknown;;None;;;';IFH_BATCH;'26/03/2020 14:52:10;;Y;;;;'26/03/2020 14:34:24;1;1775811;;BU;1;';';';';';Y;;COMM;HANDELSZAAK - COMMERCE;NA;;;';;';;Y;;;;'26/03/2020 14:34:24
;;;Zoning;6807712;'20200127134349;W03-C-Antwerpen-West-FH08;6807712;'20200127134349;W03-C-Antwerpen-West-FH08;19085;FTTH-Cu;;';';;;;;;;660867;'20200326153545;1998284;'1630000;'19920;Kleine Markt;'4;';2000;Antwerpen;;'152313,284;'211739,942;';Y;NA;4;4;Unknown;Unknown;;None;;;';IFH_BATCH;'26/03/2020 14:52:10;;Y;;;;'26/03/2020 14:34:24;2;1775812;;BU;1;';';';';';Y;;COMM;HANDELSZAAK - COMMERCE;NA;;;';;';;Y;;;;'26/03/2020 14:34:24
;;;Zoning;6807712;'20200127134349;W03-C-Antwerpen-West-FH08;6807712;'20200127134349;W03-C-Antwerpen-West-FH08;19085;FTTH-Cu;;';';;;;;;;660867;'20200326153545;1998284;'1630000;'19920;Kleine Markt;'4;';2000;Antwerpen;;'152313,284;'211739,942;';Y;NA;4;4;Unknown;Unknown;;None;;;';IFH_BATCH;'26/03/2020 14:52:10;;Y;;;;'26/03/2020 14:34:24;3;1775813;;BU;1;';';';';';Y;;COMM;HANDELSZAAK - COMMERCE;NA;;;';;';;Y;;;;'26/03/2020 14:34:24
;;;Zoning;6807712;'20200127134349;W03-C-Antwerpen-West-FH08;6807712;'20200127134349;W03-C-Antwerpen-West-FH08;19085;FTTH-Cu;;';';;;;;;;660867;'20200326153545;1998284;'1630000;'19920;Kleine Markt;'4;';2000;Antwerpen;;'152313,284;'211739,942;';Y;NA;4;4;Unknown;Unknown;;None;;;';IFH_BATCH;'26/03/2020 14:52:10;;Y;;;;'26/03/2020 14:34:24;4;1775814;;BU;1;';';';';';Y;;COMM;HANDELSZAAK - COMMERCE;NA;;;';;';;Y;;;;'26/03/2020 14:34:24
;;;Zoning;6807712;'20200127134349;W03-C-Antwerpen-West-FH08;6807712;'20200127134349;W03-C-Antwerpen-West-FH08;19085;FTTH-Cu;;';';;;;;;;660867;'20200326153545;1998284;'1630000;'19920;Kleine Markt;'4;';2000;Antwerpen;;'152313,284;'211739,942;';Y;NA;4;4;Unknown;Unknown;;None;;;';IFH_BATCH;'26/03/2020 14:52:10;;Y;;;;'26/03/2020 14:34:24;5;1775815;;BU;1;';';';';';Y;;COMM;HANDELSZAAK - COMMERCE;NA;;;';;';;Y;;;;'26/03/2020 14:34:24
;;;Zoning;6807712;'20200127134349;W03-C-Antwerpen-West-FH08;6807712;'20200127134349;W03-C-Antwerpen-West-FH08;19085;FTTH-Cu;;';';;;;;;;660867;'20200326153545;1998284;'1630000;'19920;Kleine Markt;'4;';2000;Antwerpen;;'152313,284;'211739,942;';Y;NA;4;4;Unknown;Unknown;;None;;;';IFH_BATCH;'26/03/2020 14:52:10;;Y;;;;'26/03/2020 14:34:24;6;1775816;;BU;1;';';';';';Y;;COMM;HANDELSZAAK - COMMERCE;NA;;;';;';;Y;;;;'26/03/2020 14:34:24
;;;Zoning;6807712;'20200127134349;W03-C-Antwerpen-West-FH08;6807712;'20200127134349;W03-C-Antwerpen-West-FH08;19085;FTTH-Cu;;';';;;;;;;660867;'20200326153545;1998284;'1630000;'19920;Kleine Markt;'4;';2000;Antwerpen;;'152313,284;'211739,942;';Y;NA;4;4;Unknown;Unknown;;None;;;';IFH_BATCH;'26/03/2020 14:52:10;;Y;;;;'26/03/2020 14:34:24;7;1775817;;BU;1;';';';';';Y;;COMM;HANDELSZAAK - COMMERCE;NA;;;';;';;Y;;;;'26/03/2020 14:34:24
;;;Zoning;6807712;'20200127134349;W03-C-Antwerpen-West-FH08;6807712;'20200127134349;W03-C-Antwerpen-West-FH08;19085;FTTH-Cu;;';';;;;;;;660867;'20200326153545;1998284;'1630000;'19920;Kleine Markt;'4;';2000;Antwerpen;;'152313,284;'211739,942;';Y;NA;4;4;Unknown;Unknown;;None;;;';IFH_BATCH;'26/03/2020 14:52:10;;Y;;;;'26/03/2020 14:34:24;8;1775818;;BU;1;';';';';';Y;;COMM;HANDELSZAAK - COMMERCE;NA;;;';;';;Y;;;;'26/03/2020 14:34:24
;;;Zoning;6807712;'20200127134349;W03-C-Antwerpen-West-FH08;6807712;'20200127134349;W03-C-Antwerpen-West-FH08;19085;FTTH-Cu;;';';;;;;;;660867;'20200326153545;1998284;'1630000;'19920;Kleine Markt;'4;';2000;Antwerpen;;'152313,284;'211739,942;';Y;NA;4;4;Unknown;Unknown;;None;;;';IFH_BATCH;'26/03/2020 14:52:10;;Y;;;;'26/03/2020 14:34:24;9;1775819;;BU;1;';';';';';Y;;COMM;HANDELSZAAK - COMMERCE;NA;;;';;';;Y;;;;'26/03/2020 14:34:24
;;;Zoning;6807712;'20200127134349;W03-C-Antwerpen-West-FH08;6807712;'20200127134349;W03-C-Antwerpen-West-FH08;19085;FTTH-Cu;;';';;;;;;;660867;'20200326153545;1998284;'1630000;'19920;Kleine Markt;'4;';2000;Antwerpen;;'152313,284;'211739,942;';Y;NA;4;4;Unknown;Unknown;;None;;;';IFH_BATCH;'26/03/2020 14:52:10;;Y;;;;'26/03/2020 14:34:24;10;1775820;;BU;1;';';';';';Y;;COMM;HANDELSZAAK - COMMERCE;NA;;;';;';;Y;;;;'26/03/2020 14:34:24
;;;Zoning;6807712;'20200127134349;W03-C-Antwerpen-West-FH08;6807712;'20200127134349;W03-C-Antwerpen-West-FH08;19085;FTTH-Cu;;';';;;;;;;711979;'20200326153604;55301;'1630000;'19920;Kleine Markt;'8;';2000;Antwerpen;;'152322,169;'211732,461;';Y;NA;2;4;Unknown;Unknown;;None;;;';IFH_BATCH;'26/03/2020 14:52:17;;Y;;;;'26/03/2020 14:34:24;1;1855798;;BU;1;';';';';';Y;;COMM;HANDELSZAAK - COMMERCE;NA;;;';;';;Y;;;;'26/03/2020 14:34:24
;;;Zoning;6807712;'20200127134349;W03-C-Antwerpen-West-FH08;6807712;'20200127134349;W03-C-Antwerpen-West-FH08;19085;FTTH-Cu;;';';;;;;;;660871;'20200326153545;1998312;'1630000;'19920;Kleine Markt;'12;';2000;Antwerpen;;'152322,262;'211720,456;';Y;NA;4;4;Unknown;Unknown;;None;;;';IFH_BATCH;'26/03/2020 14:52:14;;Y;;;;'26/03/2020 14:34:24;1;1640069;;LU;1;';';';';';Y;;HOUSE;WONING - MAISON;NA;;;';;';;Y;;;;'26/03/2020 14:34:24
;;;Zoning;6807712;'20200127134349;W03-C-Antwerpen-West-FH08;6807712;'20200127134349;W03-C-Antwerpen-West-FH08;19085;FTTH-Cu;;';';;;;;;;660871;'20200326153545;1998312;'1630000;'19920;Kleine Markt;'12;';2000;Antwerpen;;'152322,262;'211720,456;';Y;NA;4;4;Unknown;Unknown;;None;;;';IFH_BATCH;'26/03/2020 14:52:14;;Y;;;;'26/03/2020 14:34:24;2;1640070;;LU;1;';';';';';Y;;HOUSE;WONING - MAISON;NA;;;';;';;Y;;;;'26/03/2020 14:34:24
;;;Zoning;6807712;'20200127134349;W03-C-Antwerpen-West-FH08;6807712;'20200127134349;W03-C-Antwerpen-West-FH08;19085;FTTH-Cu;;';';;;;;;;660871;'20200326153545;1998312;'1630000;'19920;Kleine Markt;'12;';2000;Antwerpen;;'152322,262;'211720,456;';Y;NA;4;4;Unknown;Unknown;;None;;;';IFH_BATCH;'26/03/2020 14:52:14;;Y;;;;'26/03/2020 14:34:24;3;1640071;;LU;1;';';';';';Y;;HOUSE;WONING - MAISON;NA;;;';;';;Y;;;;'26/03/2020 14:34:24
;;;Zoning;6807712;'20200127134349;W03-C-Antwerpen-West-FH08;6807712;'20200127134349;W03-C-Antwerpen-West-FH08;19085;FTTH-Cu;;';';;;;;;;660873;'20200326153546;1998316;'1630000;'19920;Kleine Markt;'14;';2000;Antwerpen;;'152322,723;'211712,39;';Y;NA;4;4;Unknown;Unknown;;None;;;';IFH_BATCH;'26/03/2020 14:52:16;;Y;;;;'26/03/2020 14:34:24;1;1652704;;LU;1;';';';';';Y;#A1/1/;APPART;DEEL_APP_GEBOUW - PARTIE_IMMEUBLE_APP;APPART;;;';;';;Y;;;;'26/03/2020 14:34:24
;;;Zoning;6807712;'20200127134349;W03-C-Antwerpen-West-FH08;6807712;'20200127134349;W03-C-Antwerpen-West-FH08;19085;FTTH-Cu;;';';;;;;;;660873;'20200326153546;1998316;'1630000;'19920;Kleine Markt;'14;';2000;Antwerpen;;'152322,723;'211712,39;';Y;NA;4;4;Unknown;Unknown;;None;;;';IFH_BATCH;'26/03/2020 14:52:16;;Y;;;;'26/03/2020 14:34:24;2;1652717;;LU;1;';';';';';Y;#A1/3/;APPART;DEEL_APP_GEBOUW - PARTIE_IMMEUBLE_APP;APPART;;;';;';;Y;;;;'26/03/2020 14:34:24
;;;Zoning;6807712;'20200127134349;W03-C-Antwerpen-West-FH08;6807712;'20200127134349;W03-C-Antwerpen-West-FH08;19085;FTTH-Cu;;';';;;;;;;660873;'20200326153546;1998316;'1630000;'19920;Kleine Markt;'14;';2000;Antwerpen;;'152322,723;'211712,39;';Y;NA;4;4;Unknown;Unknown;;None;;;';IFH_BATCH;'26/03/2020 14:52:16;;Y;;;;'26/03/2020 14:34:24;3;1652885;;LU;1;';';';';';Y;#A2.3/2/;APPART;DEEL_APP_GEBOUW - PARTIE_IMMEUBLE_APP;APPART;;;';;';;Y;;;;'26/03/2020 14:34:24
;;;Zoning;6807712;'20200127134349;W03-C-Antwerpen-West-FH08;6807712;'20200127134349;W03-C-Antwerpen-West-FH08;19085;FTTH-Cu;;';';;;;;;;660873;'20200326153546;1998316;'1630000;'19920;Kleine Markt;'14;';2000;Antwerpen;;'152322,723;'211712,39;';Y;NA;4;4;Unknown;Unknown;;None;;;';IFH_BATCH;'26/03/2020 14:52:16;;Y;;;;'26/03/2020 14:34:24;4;1652911;;LU;1;';';';';';Y;#A2/4/;APPART;DEEL_APP_GEBOUW - PARTIE_IMMEUBLE_APP;APPART;;;';;';;Y;;;;'26/03/2020 14:34:24
;;;Zoning;6807712;'20200127134349;W03-C-Antwerpen-West-FH08;6807712;'20200127134349;W03-C-Antwerpen-West-FH08;19085;FTTH-Cu;;';';;;;;;;660873;'20200326153546;1998316;'1630000;'19920;Kleine Markt;'14;';2000;Antwerpen;;'152322,723;'211712,39;';Y;NA;4;4;Unknown;Unknown;;None;;;';IFH_BATCH;'26/03/2020 14:52:16;;Y;;;;'26/03/2020 14:34:24;5;1653480;;BU;1;';';';';';Y;#HA.GV/A/;APPART;DEEL_APP_GEBOUW - PARTIE_IMMEUBLE_APP;COMM;;;';;';;Y;;;;'26/03/2020 14:34:24
;;;Zoning;6807712;'20200127134349;W03-C-Antwerpen-West-FH08;6807712;'20200127134349;W03-C-Antwerpen-West-FH08;19085;FTTH-Cu;;';';;;;;;;660873;'20200326153546;1998316;'1630000;'19920;Kleine Markt;'14;';2000;Antwerpen;;'152322,723;'211712,39;';Y;NA;4;4;Unknown;Unknown;;None;;;';IFH_BATCH;'26/03/2020 14:52:16;;Y;;;;'26/03/2020 14:34:24;6;1653482;;BU;1;';';';';';Y;#HA.GV/B/;APPART;DEEL_APP_GEBOUW - PARTIE_IMMEUBLE_APP;COMM;;;';;';;Y;;;;'26/03/2020 14:34:24
;;;Zoning;6807712;'20200127134349;W03-C-Antwerpen-West-FH08;6807712;'20200127134349;W03-C-Antwerpen-West-FH08;19085;FTTH-Cu;;';';;;;;;;659388;'20200326153547;199277;'1630000;'19920;Kleine Markt;'16;';2000;Antwerpen;;'152329,935;'211706,732;';Y;NA;2;4;Unknown;Unknown;;None;;;';IFH_BATCH;'26/03/2020 14:52:08;;Y;;;;'26/03/2020 14:34:24;1;1668463;;BU;1;';';';';';Y;;COMM;HANDELSZAAK - COMMERCE;NA;;;';;';;Y;;;;'26/03/2020 14:34:24
;;;Zoning;6807712;'20200127134349;W03-C-Antwerpen-West-FH08;6807712;'20200127134349;W03-C-Antwerpen-West-FH08;19085;FTTH-Cu;;';';;;;;;;31647834;'20200326153610;6621633;'1630000;'16749;Kopstraatje;'1;';2000;Antwerpen;;'152185;'211894;';Y;NA;4;4;Unknown;Unknown;;None;;;';SSV_IMPORT;'26/03/2020 14:38:20;;Y;;;;'26/03/2020 14:34:24;1;11341299;;LU;1;';';';';';;;;;;;;';SSV_IMPORT;'26/03/2020 14:38:20;;Y;;;;'26/03/2020 14:34:24
;;;Zoning;6807712;'20200127134349;W03-C-Antwerpen-West-FH08;6807712;'20200127134349;W03-C-Antwerpen-West-FH08;19085;FTTH-Cu;;';';;;;;;;31647834;'20200326153610;6621633;'1630000;'16749;Kopstraatje;'1;';2000;Antwerpen;;'152185;'211894;';Y;NA;4;4;Unknown;Unknown;;None;;;';SSV_IMPORT;'26/03/2020 14:38:20;;Y;;;;'26/03/2020 14:34:24;2;11341300;;LU;1;';';';';';;;;;;;;';SSV_IMPORT;'26/03/2020 14:38:21;;Y;;;;'26/03/2020 14:34:24
;;;Zoning;6807712;'20200127134349;W03-C-Antwerpen-West-FH08;6807712;'20200127134349;W03-C-Antwerpen-West-FH08;19085;FTTH-Cu;;';';;;;;;;31647834;'20200326153610;6621633;'1630000;'16749;Kopstraatje;'1;';2000;Antwerpen;;'152185;'211894;';Y;NA;4;4;Unknown;Unknown;;None;;;';SSV_IMPORT;'26/03/2020 14:38:20;;Y;;;;'26/03/2020 14:34:24;3;11341301;;LU;1;';';';';';;;;;;;;';SSV_IMPORT;'26/03/2020 14:38:22;;Y;;;;'26/03/2020 14:34:24
;;;Zoning;6807712;'20200127134349;W03-C-Antwerpen-West-FH08;6807712;'20200127134349;W03-C-Antwerpen-West-FH08;19085;FTTH-Cu;;';';;;;;;;710540;'20200326153603;49009;'1630000;'16749;Kopstraatje;'2;';2000;Antwerpen;;'152215,874;'211894,181;';Y;NA;4;4;Unknown;Unknown;;None;;;';IFH_BATCH;'26/03/2020 14:51:58;;Y;;;;'26/03/2020 14:34:24;1;1688964;;LU;1;';';';';';Y;#A1/A1.L.K/;APPART;DEEL_APP_GEBOUW - PARTIE_IMMEUBLE_APP;APPART;;;';;';;Y;;;;'26/03/2020 14:34:24
;;;Zoning;6807712;'20200127134349;W03-C-Antwerpen-West-FH08;6807712;'20200127134349;W03-C-Antwerpen-West-FH08;19085;FTTH-Cu;;';';;;;;;;710540;'20200326153603;49009;'1630000;'16749;Kopstraatje;'2;';2000;Antwerpen;;'152215,874;'211894,181;';Y;NA;4;4;Unknown;Unknown;;None;;;';IFH_BATCH;'26/03/2020 14:51:58;;Y;;;;'26/03/2020 14:34:24;2;1688965;;LU;1;';';';';';Y;#A1/A1.R.K/;APPART;DEEL_APP_GEBOUW - PARTIE_IMMEUBLE_APP;APPART;;;';;';;Y;;;;'26/03/2020 14:34:24
;;;Zoning;6807712;'20200127134349;W03-C-Antwerpen-West-FH08;6807712;'20200127134349;W03-C-Antwerpen-West-FH08;19085;FTTH-Cu;;';';;;;;;;710540;'20200326153603;49009;'1630000;'16749;Kopstraatje;'2;';2000;Antwerpen;;'152215,874;'211894,181;';Y;NA;4;4;Unknown;Unknown;;None;;;';IFH_BATCH;'26/03/2020 14:51:58;;Y;;;;'26/03/2020 14:34:24;3;1689541;;LU;1;';';';';';Y;#A2/A2.K/;APPART;DEEL_APP_GEBOUW - PARTIE_IMMEUBLE_APP;APPART;;;';;';;Y;;;;'26/03/2020 14:34:24
;;;Zoning;6807712;'20200127134349;W03-C-Antwerpen-West-FH08;6807712;'20200127134349;W03-C-Antwerpen-West-FH08;19085;FTTH-Cu;;';';;;;;;;710540;'20200326153603;49009;'1630000;'16749;Kopstraatje;'2;';2000;Antwerpen;;'152215,874;'211894,181;';Y;NA;4;4;Unknown;Unknown;;None;;;';IFH_BATCH;'26/03/2020 14:51:58;;Y;;;;'26/03/2020 14:34:24;4;1691694;;BU;1;';';';';';Y;#HA.GV/H/K1.2;APPART;DEEL_APP_GEBOUW - PARTIE_IMMEUBLE_APP;COMM;;;';;';;Y;;;;'26/03/2020 14:34:24
;;;Zoning;6807712;'20200127134349;W03-C-Antwerpen-West-FH08;6807712;'20200127134349;W03-C-Antwerpen-West-FH08;19085;FTTH-Cu;;';';;;;;;;31647838;'20200326153610;5979876;'1630000;'16749;Kopstraatje;'2;'A;2000;Antwerpen;;'152232;'211896;';Y;NA;4;4;Unknown;Unknown;;None;;;';SSV_IMPORT;'26/03/2020 14:38:25;;Y;;;;'26/03/2020 14:34:24;1;11341302;;LU;1;';';';';';;;;;;;;';SSV_IMPORT;'26/03/2020 14:38:26;;Y;;;;'26/03/2020 14:34:24
;;;Zoning;6807712;'20200127134349;W03-C-Antwerpen-West-FH08;6807712;'20200127134349;W03-C-Antwerpen-West-FH08;19085;FTTH-Cu;;';';;;;;;;31647838;'20200326153610;5979876;'1630000;'16749;Kopstraatje;'2;'A;2000;Antwerpen;;'152232;'211896;';Y;NA;4;4;Unknown;Unknown;;None;;;';SSV_IMPORT;'26/03/2020 14:38:25;;Y;;;;'26/03/2020 14:34:24;2;11341303;;LU;1;';';';';';;;;;;;;';SSV_IMPORT;'26/03/2020 14:38:27;;Y;;;;'26/03/2020 14:34:24
;;;Zoning;6807712;'20200127134349;W03-C-Antwerpen-West-FH08;6807712;'20200127134349;W03-C-Antwerpen-West-FH08;19085;FTTH-Cu;;';';;;;;;;31647846;'20200326153610;49008;'1630000;'16749;Kopstraatje;'3;';2000;Antwerpen;;'152187;'211898;';Y;NA;4;4;Unknown;Unknown;;None;;;';SSV_IMPORT;'26/03/2020 14:38:30;;Y;;;;'26/03/2020 14:34:24;1;11341304;;LU;1;';';';';';;;;;;;;';SSV_IMPORT;'26/03/2020 14:38:31;;Y;;;;'26/03/2020 14:34:24
;;;Zoning;6807712;'20200127134349;W03-C-Antwerpen-West-FH08;6807712;'20200127134349;W03-C-Antwerpen-West-FH08;19085;FTTH-Cu;;';';;;;;;;31647846;'20200326153610;49008;'1630000;'16749;Kopstraatje;'3;';2000;Antwerpen;;'152187;'211898;';Y;NA;4;4;Unknown;Unknown;;None;;;';SSV_IMPORT;'26/03/2020 14:38:30;;Y;;;;'26/03/2020 14:34:24;2;11341305;;LU;1;';';';';';;;;;;;;';SSV_IMPORT;'26/03/2020 14:38:32;;Y;;;;'26/03/2020 14:34:24
;;;Zoning;6807712;'20200127134349;W03-C-Antwerpen-West-FH08;6807712;'20200127134349;W03-C-Antwerpen-West-FH08;19085;FTTH-Cu;;';';;;;;;;31647846;'20200326153610;49008;'1630000;'16749;Kopstraatje;'3;';2000;Antwerpen;;'152187;'211898;';Y;NA;4;4;Unknown;Unknown;;None;;;';SSV_IMPORT;'26/03/2020 14:38:30;;Y;;;;'26/03/2020 14:34:24;3;11341306;;LU;1;';';';';';;;;;;;;';SSV_IMPORT;'26/03/2020 14:38:32;;Y;;;;'26/03/2020 14:34:24
;;;Zoning;6807712;'20200127134349;W03-C-Antwerpen-West-FH08;6807712;'20200127134349;W03-C-Antwerpen-West-FH08;19085;FTTH-Cu;;';';;;;;;;31647846;'20200326153610;49008;'1630000;'16749;Kopstraatje;'3;';2000;Antwerpen;;'152187;'211898;';Y;NA;4;4;Unknown;Unknown;;None;;;';SSV_IMPORT;'26/03/2020 14:38:30;;Y;;;;'26/03/2020 14:34:24;4;11341307;;LU;1;';';';';';;;;;;;;';SSV_IMPORT;'26/03/2020 14:38:33;;Y;;;;'26/03/2020 14:34:24
;;;Zoning;6807712;'20200127134349;W03-C-Antwerpen-West-FH08;6807712;'20200127134349;W03-C-Antwerpen-West-FH08;19085;FTTH-Cu;;';';;;;;;;31647853;'20200326153554;4505009;'1630000;'16749;Kopstraatje;'4;';2000;Antwerpen;;'152215;'211893;';Y;NA;2;4;Unknown;Unknown;;None;;;';SSV_IMPORT;'26/03/2020 14:38:37;;Y;;;;'26/03/2020 14:34:24;1;11341308;;LU;1;';';';';';;;;;;;;';SSV_IMPORT;'26/03/2020 14:38:38;;Y;;;;'26/03/2020 14:34:24
;;;Zoning;6807712;'20200127134349;W03-C-Antwerpen-West-FH08;6807712;'20200127134349;W03-C-Antwerpen-West-FH08;19085;FTTH-Cu;;';';;;;;;;654162;'20200326153543;1969069;'1630000;'16749;Kopstraatje;'6;';2000;Antwerpen;;'152208,461;'211894,697;';Y;NA;4;4;Unknown;Unknown;;None;;;';IFH_BATCH;'26/03/2020 14:51:54;;Y;;;;'26/03/2020 14:34:24;1;1824172;;LU;1;';';';';';Y;;HOUSE;WONING - MAISON;NA;;;';;';;Y;;;;'26/03/2020 14:34:24
;;;Zoning;6807712;'20200127134349;W03-C-Antwerpen-West-FH08;6807712;'20200127134349;W03-C-Antwerpen-West-FH08;19085;FTTH-Cu;;';';;;;;;;654162;'20200326153543;1969069;'1630000;'16749;Kopstraatje;'6;';2000;Antwerpen;;'152208,461;'211894,697;';Y;NA;4;4;Unknown;Unknown;;None;;;';IFH_BATCH;'26/03/2020 14:51:54;;Y;;;;'26/03/2020 14:34:24;2;1824173;;LU;1;';';';';';Y;;HOUSE;WONING - MAISON;NA;;;';;';;Y;;;;'26/03/2020 14:34:24
;;;Zoning;6807712;'20200127134349;W03-C-Antwerpen-West-FH08;6807712;'20200127134349;W03-C-Antwerpen-West-FH08;19085;FTTH-Cu;;';';;;;;;;654162;'20200326153543;1969069;'1630000;'16749;Kopstraatje;'6;';2000;Antwerpen;;'152208,461;'211894,697;';Y;NA;4;4;Unknown;Unknown;;None;;;';IFH_BATCH;'26/03/2020 14:51:54;;Y;;;;'26/03/2020 14:34:24;3;1824174;;LU;1;';';';';';Y;;HOUSE;WONING - MAISON;NA;;;';;';;Y;;;;'26/03/2020 14:34:24
;;;Zoning;6807712;'20200127134349;W03-C-Antwerpen-West-FH08;6807712;'20200127134349;W03-C-Antwerpen-West-FH08;19085;FTTH-Cu;;';';;;;;;;654163;'20200326153543;1969073;'1630000;'16749;Kopstraatje;'8;';2000;Antwerpen;;'152200,449;'211895,388;';Y;NA;2;4;Unknown;Unknown;;None;;;';IFH_BATCH;'26/03/2020 14:51:56;;Y;;;;'26/03/2020 14:34:24;1;1855787;;LU;1;';';';';';Y;;HOUSE;WONING - MAISON;NA;;;';;';;Y;;;;'26/03/2020 14:34:24
;;;Zoning;6807712;'20200127134349;W03-C-Antwerpen-West-FH08;6807712;'20200127134349;W03-C-Antwerpen-West-FH08;19085;FTTH-Cu;;';';;;;;;;31647860;'20200326153554;6662680;'1630000;'16749;Kopstraatje;'14;';2000;Antwerpen;;'152195;'211891;';Y;NA;4;4;Unknown;Unknown;;None;;;';SSV_IMPORT;'26/03/2020 14:38:42;;Y;;;;'26/03/2020 14:34:24;1;11341309;;LU;1;';';';';';;;;;;;;';SSV_IMPORT;'26/03/2020 14:38:42;;Y;;;;'26/03/2020 14:34:24
;;;Zoning;6807712;'20200127134349;W03-C-Antwerpen-West-FH08;6807712;'20200127134349;W03-C-Antwerpen-West-FH08;19085;FTTH-Cu;;';';;;;;;;31647860;'20200326153554;6662680;'1630000;'16749;Kopstraatje;'14;';2000;Antwerpen;;'152195;'211891;';Y;NA;4;4;Unknown;Unknown;;None;;;';SSV_IMPORT;'26/03/2020 14:38:42;;Y;;;;'26/03/2020 14:34:24;2;11341310;;LU;1;';';';';';;;;;;;;';SSV_IMPORT;'26/03/2020 14:38:43;;Y;;;;'26/03/2020 14:34:24
;;;Zoning;6807712;'20200127134349;W03-C-Antwerpen-West-FH08;6807712;'20200127134349;W03-C-Antwerpen-West-FH08;19085;FTTH-Cu;;';';;;;;;;654598;'20200326153543;1972074;'1630000;'17252;Kronenburgstraat;'45;';2000;Antwerpen;;'152144,209;'211355,631;';Y;NA;4;4;Unknown;Unknown;;None;;;';IFH_BATCH;'26/03/2020 14:52:00;;Y;;;;'26/03/2020 14:34:24;1;10366586;;BU;1;';';';';';Y;;EDUC;ONDERWIJSGEBOUW - BATIMENT D' ENSEIGNEMENT;NA;;;';;';;Y;;;;'26/03/2020 14:34:24
;;;Zoning;6807712;'20200127134349;W03-C-Antwerpen-West-FH08;6807712;'20200127134349;W03-C-Antwerpen-West-FH08;19085;FTTH-Cu;;';';;;;;;;654598;'20200326153543;1972074;'1630000;'17252;Kronenburgstraat;'45;';2000;Antwerpen;;'152144,209;'211355,631;';Y;NA;4;4;Unknown;Unknown;;None;;;';IFH_BATCH;'26/03/2020 14:52:00;;Y;;;;'26/03/2020 14:34:24;2;10366587;;BU;1;';';';';';Y;;EDUC;ONDERWIJSGEBOUW - BATIMENT D' ENSEIGNEMENT;NA;;;';;';;Y;;;;'26/03/2020 14:34:24
;;;Zoning;6807712;'20200127134349;W03-C-Antwerpen-West-FH08;6807712;'20200127134349;W03-C-Antwerpen-West-FH08;19085;FTTH-Cu;;';';;;;;;;31647864;'20200326153554;5575852;'1630000;'17252;Kronenburgstraat;'47;';2000;Antwerpen;;'152155;'211329;';Y;NA;2;4;Unknown;Unknown;;None;;;';SSV_IMPORT;'26/03/2020 14:38:47;;Y;;;;'26/03/2020 14:34:24;1;11341311;;LU;1;';';';';';;;;;;;;';SSV_IMPORT;'26/03/2020 14:38:48;;Y;;;;'26/03/2020 14:34:24
;;;Zoning;6807712;'20200127134349;W03-C-Antwerpen-West-FH08;6807712;'20200127134349;W03-C-Antwerpen-West-FH08;19085;FTTH-Cu;;';';;;;;;;31647868;'20200326153554;5815557;'1630000;'17252;Kronenburgstraat;'49;';2000;Antwerpen;;'152143;'211333;';Y;NA;2;4;Unknown;Unknown;;None;;;';SSV_IMPORT;'26/03/2020 14:38:52;;Y;;;;'26/03/2020 14:34:24;1;11341312;;LU;1;';';';';';;;;;;;;';SSV_IMPORT;'26/03/2020 14:38:53;;Y;;;;'26/03/2020 14:34:24
;;;Zoning;6807712;'20200127134349;W03-C-Antwerpen-West-FH08;6807712;'20200127134349;W03-C-Antwerpen-West-FH08;19085;FTTH-Cu;;';';;;;;;;31647872;'20200326153554;5736209;'1630000;'17252;Kronenburgstraat;'51;';2000;Antwerpen;;'152200;'211327;';Y;NA;4;4;Unknown;Unknown;;None;;;';SSV_IMPORT;'26/03/2020 14:38:57;;Y;;;;'26/03/2020 14:34:24;1;11341313;;LU;1;';';';';';;;;;;;;';SSV_IMPORT;'26/03/2020 14:38:58;;Y;;;;'26/03/2020 14:34:24
;;;Zoning;6807712;'20200127134349;W03-C-Antwerpen-West-FH08;6807712;'20200127134349;W03-C-Antwerpen-West-FH08;19085;FTTH-Cu;;';';;;;;;;31647872;'20200326153554;5736209;'1630000;'17252;Kronenburgstraat;'51;';2000;Antwerpen;;'152200;'211327;';Y;NA;4;4;Unknown;Unknown;;None;;;';SSV_IMPORT;'26/03/2020 14:38:57;;Y;;;;'26/03/2020 14:34:24;2;11341314;;LU;1;';';';';';;;;;;;;';SSV_IMPORT;'26/03/2020 14:38:59;;Y;;;;'26/03/2020 14:34:24
;;;Zoning;6807712;'20200127134349;W03-C-Antwerpen-West-FH08;6807712;'20200127134349;W03-C-Antwerpen-West-FH08;19085;FTTH-Cu;;';';;;;;;;31647872;'20200326153554;5736209;'1630000;'17252;Kronenburgstraat;'51;';2000;Antwerpen;;'152200;'211327;';Y;NA;4;4;Unknown;Unknown;;None;;;';SSV_IMPORT;'26/03/2020 14:38:57;;Y;;;;'26/03/2020 14:34:24;3;11341315;;LU;1;';';';';';;;;;;;;';SSV_IMPORT;'26/03/2020 14:38:59;;Y;;;;'26/03/2020 14:34:24
;;;Zoning;6807712;'20200127134349;W03-C-Antwerpen-West-FH08;6807712;'20200127134349;W03-C-Antwerpen-West-FH08;19085;FTTH-Cu;;';';;;;;;;31647872;'20200326153554;5736209;'1630000;'17252;Kronenburgstraat;'51;';2000;Antwerpen;;'152200;'211327;';Y;NA;4;4;Unknown;Unknown;;None;;;';SSV_IMPORT;'26/03/2020 14:38:57;;Y;;;;'26/03/2020 14:34:24;4;11341316;;LU;1;';';';';';;;;;;;;';SSV_IMPORT;'26/03/2020 14:39:00;;Y;;;;'26/03/2020 14:34:24
;;;Zoning;6807712;'20200127134349;W03-C-Antwerpen-West-FH08;6807712;'20200127134349;W03-C-Antwerpen-West-FH08;19085;FTTH-Cu;;';';;;;;;;31647872;'20200326153554;5736209;'1630000;'17252;Kronenburgstraat;'51;';2000;Antwerpen;;'152200;'211327;';Y;NA;4;4;Unknown;Unknown;;None;;;';SSV_IMPORT;'26/03/2020 14:38:57;;Y;;;;'26/03/2020 14:34:24;5;11341317;;LU;1;';';';';';;;;;;;;';SSV_IMPORT;'26/03/2020 14:39:01;;Y;;;;'26/03/2020 14:34:24
;;;Zoning;6807712;'20200127134349;W03-C-Antwerpen-West-FH08;6807712;'20200127134349;W03-C-Antwerpen-West-FH08;19085;FTTH-Cu;;';';;;;;;;31647872;'20200326153554;5736209;'1630000;'17252;Kronenburgstraat;'51;';2000;Antwerpen;;'152200;'211327;';Y;NA;4;4;Unknown;Unknown;;None;;;';SSV_IMPORT;'26/03/2020 14:38:57;;Y;;;;'26/03/2020 14:34:24;6;11341318;;LU;1;';';';';';;;;;;;;';SSV_IMPORT;'26/03/2020 14:39:03;;Y;;;;'26/03/2020 14:34:24
;;;Zoning;6807712;'20200127134349;W03-C-Antwerpen-West-FH08;6807712;'20200127134349;W03-C-Antwerpen-West-FH08;19085;FTTH-Cu;;';';;;;;;;31647872;'20200326153554;5736209;'1630000;'17252;Kronenburgstraat;'51;';2000;Antwerpen;;'152200;'211327;';Y;NA;4;4;Unknown;Unknown;;None;;;';SSV_IMPORT;'26/03/2020 14:38:57;;Y;;;;'26/03/2020 14:34:24;7;11341319;;LU;1;';';';';';;;;;;;;';SSV_IMPORT;'26/03/2020 14:39:04;;Y;;;;'26/03/2020 14:34:24
;;;Zoning;6807712;'20200127134349;W03-C-Antwerpen-West-FH08;6807712;'20200127134349;W03-C-Antwerpen-West-FH08;19085;FTTH-Cu;;';';;;;;;;31647872;'20200326153554;5736209;'1630000;'17252;Kronenburgstraat;'51;';2000;Antwerpen;;'152200;'211327;';Y;NA;4;4;Unknown;Unknown;;None;;;';SSV_IMPORT;'26/03/2020 14:38:57;;Y;;;;'26/03/2020 14:34:24;8;11341320;;LU;1;';';';';';;;;;;;;';SSV_IMPORT;'26/03/2020 14:39:05;;Y;;;;'26/03/2020 14:34:24
;;;Zoning;6807712;'20200127134349;W03-C-Antwerpen-West-FH08;6807712;'20200127134349;W03-C-Antwerpen-West-FH08;19085;FTTH-Cu;;';';;;;;;;726407;'20200326153559;978245;'1630000;'17252;Kronenburgstraat;'55;';2000;Antwerpen;;'152200,473;'211331,812;';Y;NA;4;4;Unknown;Unknown;;None;;;';IFH_BATCH;'26/03/2020 14:52:06;;Y;;;;'26/03/2020 14:34:24;1;10371334;;LU;1;';';';';';Y;#A1/A1.01/;APPART;DEEL_APP_GEBOUW - PARTIE_IMMEUBLE_APP;APPART;;;';;';;Y;;;;'26/03/2020 14:34:24
;;;Zoning;6807712;'20200127134349;W03-C-Antwerpen-West-FH08;6807712;'20200127134349;W03-C-Antwerpen-West-FH08;19085;FTTH-Cu;;';';;;;;;;726407;'20200326153559;978245;'1630000;'17252;Kronenburgstraat;'55;';2000;Antwerpen;;'152200,473;'211331,812;';Y;NA;4;4;Unknown;Unknown;;None;;;';IFH_BATCH;'26/03/2020 14:52:06;;Y;;;;'26/03/2020 14:34:24;2;10371336;;LU;1;';';';';';Y;#A1/A1.02/;APPART;DEEL_APP_GEBOUW - PARTIE_IMMEUBLE_APP;APPART;;;';;';;Y;;;;'26/03/2020 14:34:24
;;;Zoning;6807712;'20200127134349;W03-C-Antwerpen-West-FH08;6807712;'20200127134349;W03-C-Antwerpen-West-FH08;19085;FTTH-Cu;;';';;;;;;;726407;'20200326153559;978245;'1630000;'17252;Kronenburgstraat;'55;';2000;Antwerpen;;'152200,473;'211331,812;';Y;NA;4;4;Unknown;Unknown;;None;;;';IFH_BATCH;'26/03/2020 14:52:06;;Y;;;;'26/03/2020 14:34:24;3;10371363;;LU;1;';';';';';Y;#A1/B1.01/;APPART;DEEL_APP_GEBOUW - PARTIE_IMMEUBLE_APP;APPART;;;';;';;Y;;;;'26/03/2020 14:34:24
;;;Zoning;6807712;'20200127134349;W03-C-Antwerpen-West-FH08;6807712;'20200127134349;W03-C-Antwerpen-West-FH08;19085;FTTH-Cu;;';';;;;;;;726407;'20200326153559;978245;'1630000;'17252;Kronenburgstraat;'55;';2000;Antwerpen;;'152200,473;'211331,812;';Y;NA;4;4;Unknown;Unknown;;None;;;';IFH_BATCH;'26/03/2020 14:52:06;;Y;;;;'26/03/2020 14:34:24;4;10371365;;LU;1;';';';';';Y;#A1/B1.02/;APPART;DEEL_APP_GEBOUW - PARTIE_IMMEUBLE_APP;APPART;;;';;';;Y;;;;'26/03/2020 14:34:24
;;;Zoning;6807712;'20200127134349;W03-C-Antwerpen-West-FH08;6807712;'20200127134349;W03-C-Antwerpen-West-FH08;19085;FTTH-Cu;;';';;;;;;;726407;'20200326153559;978245;'1630000;'17252;Kronenburgstraat;'55;';2000;Antwerpen;;'152200,473;'211331,812;';Y;NA;4;4;Unknown;Unknown;;None;;;';IFH_BATCH;'26/03/2020 14:52:06;;Y;;;;'26/03/2020 14:34:24;5;10371373;;LU;1;';';';';';Y;#A1/C1.01/;APPART;DEEL_APP_GEBOUW - PARTIE_IMMEUBLE_APP;APPART;;;';;';;Y;;;;'26/03/2020 14:34:24
;;;Zoning;6807712;'20200127134349;W03-C-Antwerpen-West-FH08;6807712;'20200127134349;W03-C-Antwerpen-West-FH08;19085;FTTH-Cu;;';';;;;;;;726407;'20200326153559;978245;'1630000;'17252;Kronenburgstraat;'55;';2000;Antwerpen;;'152200,473;'211331,812;';Y;NA;4;4;Unknown;Unknown;;None;;;';IFH_BATCH;'26/03/2020 14:52:06;;Y;;;;'26/03/2020 14:34:24;6;10371375;;LU;1;';';';';';Y;#A1/C1.02/;APPART;DEEL_APP_GEBOUW - PARTIE_IMMEUBLE_APP;APPART;;;';;';;Y;;;;'26/03/2020 14:34:24
;;;Zoning;6807712;'20200127134349;W03-C-Antwerpen-West-FH08;6807712;'20200127134349;W03-C-Antwerpen-West-FH08;19085;FTTH-Cu;;';';;;;;;;726407;'20200326153559;978245;'1630000;'17252;Kronenburgstraat;'55;';2000;Antwerpen;;'152200,473;'211331,812;';Y;NA;4;4;Unknown;Unknown;;None;;;';IFH_BATCH;'26/03/2020 14:52:06;;Y;;;;'26/03/2020 14:34:24;7;10371537;;LU;1;';';';';';Y;#A2/A2.01/;APPART;DEEL_APP_GEBOUW - PARTIE_IMMEUBLE_APP;APPART;;;';;';;Y;;;;'26/03/2020 14:34:24
;;;Zoning;6807712;'20200127134349;W03-C-Antwerpen-West-FH08;6807712;'20200127134349;W03-C-Antwerpen-West-FH08;19085;FTTH-Cu;;';';;;;;;;726407;'20200326153559;978245;'1630000;'17252;Kronenburgstraat;'55;';2000;Antwerpen;;'152200,473;'211331,812;';Y;NA;4;4;Unknown;Unknown;;None;;;';IFH_BATCH;'26/03/2020 14:52:06;;Y;;;;'26/03/2020 14:34:24;8;10371539;;LU;1;';';';';';Y;#A2/A2.02/;APPART;DEEL_APP_GEBOUW - PARTIE_IMMEUBLE_APP;APPART;;;';;';;Y;;;;'26/03/2020 14:34:24
;;;Zoning;6807712;'20200127134349;W03-C-Antwerpen-West-FH08;6807712;'20200127134349;W03-C-Antwerpen-West-FH08;19085;FTTH-Cu;;';';;;;;;;726407;'20200326153559;978245;'1630000;'17252;Kronenburgstraat;'55;';2000;Antwerpen;;'152200,473;'211331,812;';Y;NA;4;4;Unknown;Unknown;;None;;;';IFH_BATCH;'26/03/2020 14:52:06;;Y;;;;'26/03/2020 14:34:24;9;10371565;;LU;1;';';';';';Y;#A2/B2.01/;APPART;DEEL_APP_GEBOUW - PARTIE_IMMEUBLE_APP;APPART;;;';;';;Y;;;;'26/03/2020 14:34:24
;;;Zoning;6807712;'20200127134349;W03-C-Antwerpen-West-FH08;6807712;'20200127134349;W03-C-Antwerpen-West-FH08;19085;FTTH-Cu;;';';;;;;;;726407;'20200326153559;978245;'1630000;'17252;Kronenburgstraat;'55;';2000;Antwerpen;;'152200,473;'211331,812;';Y;NA;4;4;Unknown;Unknown;;None;;;';IFH_BATCH;'26/03/2020 14:52:06;;Y;;;;'26/03/2020 14:34:24;10;10371567;;LU;1;';';';';';Y;#A2/B2.02/;APPART;DEEL_APP_GEBOUW - PARTIE_IMMEUBLE_APP;APPART;;;';;';;Y;;;;'26/03/2020 14:34:24
;;;Zoning;6807712;'20200127134349;W03-C-Antwerpen-West-FH08;6807712;'20200127134349;W03-C-Antwerpen-West-FH08;19085;FTTH-Cu;;';';;;;;;;726407;'20200326153559;978245;'1630000;'17252;Kronenburgstraat;'55;';2000;Antwerpen;;'152200,473;'211331,812;';Y;NA;4;4;Unknown;Unknown;;None;;;';IFH_BATCH;'26/03/2020 14:52:06;;Y;;;;'26/03/2020 14:34:24;11;10371576;;LU;1;';';';';';Y;#A2/C2.01/;APPART;DEEL_APP_GEBOUW - PARTIE_IMMEUBLE_APP;APPART;;;';;';;Y;;;;'26/03/2020 14:34:24
;;;Zoning;6807712;'20200127134349;W03-C-Antwerpen-West-FH08;6807712;'20200127134349;W03-C-Antwerpen-West-FH08;19085;FTTH-Cu;;';';;;;;;;726407;'20200326153559;978245;'1630000;'17252;Kronenburgstraat;'55;';2000;Antwerpen;;'152200,473;'211331,812;';Y;NA;4;4;Unknown;Unknown;;None;;;';IFH_BATCH;'26/03/2020 14:52:06;;Y;;;;'26/03/2020 14:34:24;12;10371578;;LU;1;';';';';';Y;#A2/C2.02/;APPART;DEEL_APP_GEBOUW - PARTIE_IMMEUBLE_APP;APPART;;;';;';;Y;;;;'26/03/2020 14:34:24
;;;Zoning;6807712;'20200127134349;W03-C-Antwerpen-West-FH08;6807712;'20200127134349;W03-C-Antwerpen-West-FH08;19085;FTTH-Cu;;';';;;;;;;726407;'20200326153559;978245;'1630000;'17252;Kronenburgstraat;'55;';2000;Antwerpen;;'152200,473;'211331,812;';Y;NA;4;4;Unknown;Unknown;;None;;;';IFH_BATCH;'26/03/2020 14:52:06;;Y;;;;'26/03/2020 14:34:24;13;10371677;;LU;1;';';';';';Y;#A3/A3.01/;APPART;DEEL_APP_GEBOUW - PARTIE_IMMEUBLE_APP;APPART;;;';;';;Y;;;;'26/03/2020 14:34:24
;;;Zoning;6807712;'20200127134349;W03-C-Antwerpen-West-FH08;6807712;'20200127134349;W03-C-Antwerpen-West-FH08;19085;FTTH-Cu;;';';;;;;;;726407;'20200326153559;978245;'1630000;'17252;Kronenburgstraat;'55;';2000;Antwerpen;;'152200,473;'211331,812;';Y;NA;4;4;Unknown;Unknown;;None;;;';IFH_BATCH;'26/03/2020 14:52:06;;Y;;;;'26/03/2020 14:34:24;14;10371679;;LU;1;';';';';';Y;#A3/A3.02/;APPART;DEEL_APP_GEBOUW - PARTIE_IMMEUBLE_APP;APPART;;;';;';;Y;;;;'26/03/2020 14:34:24
;;;Zoning;6807712;'20200127134349;W03-C-Antwerpen-West-FH08;6807712;'20200127134349;W03-C-Antwerpen-West-FH08;19085;FTTH-Cu;;';';;;;;;;726407;'20200326153559;978245;'1630000;'17252;Kronenburgstraat;'55;';2000;Antwerpen;;'152200,473;'211331,812;';Y;NA;4;4;Unknown;Unknown;;None;;;';IFH_BATCH;'26/03/2020 14:52:06;;Y;;;;'26/03/2020 14:34:24;15;10371696;;LU;1;';';';';';Y;#A3/B3.01/;APPART;DEEL_APP_GEBOUW - PARTIE_IMMEUBLE_APP;APPART;;;';;';;Y;;;;'26/03/2020 14:34:24
;;;Zoning;6807712;'20200127134349;W03-C-Antwerpen-West-FH08;6807712;'20200127134349;W03-C-Antwerpen-West-FH08;19085;FTTH-Cu;;';';;;;;;;726407;'20200326153559;978245;'1630000;'17252;Kronenburgstraat;'55;';2000;Antwerpen;;'152200,473;'211331,812;';Y;NA;4;4;Unknown;Unknown;;None;;;';IFH_BATCH;'26/03/2020 14:52:06;;Y;;;;'26/03/2020 14:34:24;16;10371750;;LU;1;';';';';';Y;#A4/A4.01/;APPART;DEEL_APP_GEBOUW - PARTIE_IMMEUBLE_APP;APPART;;;';;';;Y;;;;'26/03/2020 14:34:24
;;;Zoning;6807712;'20200127134349;W03-C-Antwerpen-West-FH08;6807712;'20200127134349;W03-C-Antwerpen-West-FH08;19085;FTTH-Cu;;';';;;;;;;726407;'20200326153559;978245;'1630000;'17252;Kronenburgstraat;'55;';2000;Antwerpen;;'152200,473;'211331,812;';Y;NA;4;4;Unknown;Unknown;;None;;;';IFH_BATCH;'26/03/2020 14:52:06;;Y;;;;'26/03/2020 14:34:24;17;10371761;;LU;1;';';';';';Y;#A4/B4.01/;APPART;DEEL_APP_GEBOUW - PARTIE_IMMEUBLE_APP;APPART;;;';;';;Y;;;;'26/03/2020 14:34:24
;;;Zoning;6807712;'20200127134349;W03-C-Antwerpen-West-FH08;6807712;'20200127134349;W03-C-Antwerpen-West-FH08;19085;FTTH-Cu;;';';;;;;;;726407;'20200326153559;978245;'1630000;'17252;Kronenburgstraat;'55;';2000;Antwerpen;;'152200,473;'211331,812;';Y;NA;4;4;Unknown;Unknown;;None;;;';IFH_BATCH;'26/03/2020 14:52:06;;Y;;;;'26/03/2020 14:34:24;18;10371932;;LU;1;';';';';';Y;#BOUWGROND;APPART;DEEL_APP_GEBOUW - PARTIE_IMMEUBLE_APP;NA;;;';;';;Y;;;;'26/03/2020 14:34:24
;;;Zoning;6807712;'20200127134349;W03-C-Antwerpen-West-FH08;6807712;'20200127134349;W03-C-Antwerpen-West-FH08;19085;FTTH-Cu;;';';;;;;;;726407;'20200326153559;978245;'1630000;'17252;Kronenburgstraat;'55;';2000;Antwerpen;;'152200,473;'211331,812;';Y;NA;4;4;Unknown;Unknown;;None;;;';IFH_BATCH;'26/03/2020 14:52:06;;Y;;;;'26/03/2020 14:34:24;19;10375119;;BU;1;';';';';';Y;#HA.GV/A0.01/;APPART;DEEL_APP_GEBOUW - PARTIE_IMMEUBLE_APP;COMM;;;';;';;Y;;;;'26/03/2020 14:34:24
;;;Zoning;6807712;'20200127134349;W03-C-Antwerpen-West-FH08;6807712;'20200127134349;W03-C-Antwerpen-West-FH08;19085;FTTH-Cu;;';';;;;;;;726407;'20200326153559;978245;'1630000;'17252;Kronenburgstraat;'55;';2000;Antwerpen;;'152200,473;'211331,812;';Y;NA;4;4;Unknown;Unknown;;None;;;';IFH_BATCH;'26/03/2020 14:52:06;;Y;;;;'26/03/2020 14:34:24;20;10375124;;BU;1;';';';';';Y;#HA.GV/B0.01/;APPART;DEEL_APP_GEBOUW - PARTIE_IMMEUBLE_APP;COMM;;;';;';;Y;;;;'26/03/2020 14:34:24
;;;Zoning;6807712;'20200127134349;W03-C-Antwerpen-West-FH08;6807712;'20200127134349;W03-C-Antwerpen-West-FH08;19085;FTTH-Cu;;';';;;;;;;726407;'20200326153559;978245;'1630000;'17252;Kronenburgstraat;'55;';2000;Antwerpen;;'152200,473;'211331,812;';Y;NA;4;4;Unknown;Unknown;;None;;;';IFH_BATCH;'26/03/2020 14:52:06;;Y;;;;'26/03/2020 14:34:24;21;10375125;;BU;1;';';';';';Y;#HA.GV/C0.01/;APPART;DEEL_APP_GEBOUW - PARTIE_IMMEUBLE_APP;COMM;;;';;';;Y;;;;'26/03/2020 14:34:24
;;;Zoning;6807712;'20200127134349;W03-C-Antwerpen-West-FH08;6807712;'20200127134349;W03-C-Antwerpen-West-FH08;19085;FTTH-Cu;;';';;;;;;;726407;'20200326153559;978245;'1630000;'17252;Kronenburgstraat;'55;';2000;Antwerpen;;'152200,473;'211331,812;';Y;NA;4;4;Unknown;Unknown;;None;;;';IFH_BATCH;'26/03/2020 14:52:06;;Y;;;;'26/03/2020 14:34:24;22;10378639;;LU;1;';';';';';Y;#A.GV@4/STUDENTENLOGIES/;APPART;DEEL_APP_GEBOUW - PARTIE_IMMEUBLE_APP;APPART;;;';;';;Y;;;;'26/03/2020 14:34:24
;;;Zoning;6807712;'20200127134349;W03-C-Antwerpen-West-FH08;6807712;'20200127134349;W03-C-Antwerpen-West-FH08;19085;FTTH-Cu;;';';;;;;;;31647892;'20200326153555;978246;'1630000;'17252;Kronenburgstraat;'57;';2000;Antwerpen;;'152214;'211327;';Y;NA;2;4;Unknown;Unknown;;None;;;';SSV_IMPORT;'26/03/2020 14:39:13;;Y;;;;'26/03/2020 14:34:24;1;11341321;;LU;1;';';';';';;;;;;;;';SSV_IMPORT;'26/03/2020 14:39:14;;Y;;;;'26/03/2020 14:34:24
;;;Zoning;6807712;'20200127134349;W03-C-Antwerpen-West-FH08;6807712;'20200127134349;W03-C-Antwerpen-West-FH08;19085;FTTH-Cu;;';';;;;;;;31647898;'20200326153555;4518815;'1630000;'17252;Kronenburgstraat;'59;';2000;Antwerpen;;'152226;'211328;';Y;NA;4;4;Unknown;Unknown;;None;;;';SSV_IMPORT;'26/03/2020 14:39:20;;Y;;;;'26/03/2020 14:34:24;1;11341322;;LU;1;';';';';';;;;;;;;';SSV_IMPORT;'26/03/2020 14:39:21;;Y;;;;'26/03/2020 14:34:24
;;;Zoning;6807712;'20200127134349;W03-C-Antwerpen-West-FH08;6807712;'20200127134349;W03-C-Antwerpen-West-FH08;19085;FTTH-Cu;;';';;;;;;;31647898;'20200326153555;4518815;'1630000;'17252;Kronenburgstraat;'59;';2000;Antwerpen;;'152226;'211328;';Y;NA;4;4;Unknown;Unknown;;None;;;';SSV_IMPORT;'26/03/2020 14:39:20;;Y;;;;'26/03/2020 14:34:24;2;11341323;;LU;1;';';';';';;;;;;;;';SSV_IMPORT;'26/03/2020 14:39:22;;Y;;;;'26/03/2020 14:34:24
;;;Zoning;6807712;'20200127134349;W03-C-Antwerpen-West-FH08;6807712;'20200127134349;W03-C-Antwerpen-West-FH08;19085;FTTH-Cu;;';';;;;;;;31647898;'20200326153555;4518815;'1630000;'17252;Kronenburgstraat;'59;';2000;Antwerpen;;'152226;'211328;';Y;NA;4;4;Unknown;Unknown;;None;;;';SSV_IMPORT;'26/03/2020 14:39:20;;Y;;;;'26/03/2020 14:34:24;3;11341324;;LU;1;';';';';';;;;;;;;';SSV_IMPORT;'26/03/2020 14:39:24;;Y;;;;'26/03/2020 14:34:24
;;;Zoning;6807712;'20200127134349;W03-C-Antwerpen-West-FH08;6807712;'20200127134349;W03-C-Antwerpen-West-FH08;19085;FTTH-Cu;;';';;;;;;;31647898;'20200326153555;4518815;'1630000;'17252;Kronenburgstraat;'59;';2000;Antwerpen;;'152226;'211328;';Y;NA;4;4;Unknown;Unknown;;None;;;';SSV_IMPORT;'26/03/2020 14:39:20;;Y;;;;'26/03/2020 14:34:24;4;11341325;;LU;1;';';';';';;;;;;;;';SSV_IMPORT;'26/03/2020 14:39:24;;Y;;;;'26/03/2020 14:34:24
;;;Zoning;6807712;'20200127134349;W03-C-Antwerpen-West-FH08;6807712;'20200127134349;W03-C-Antwerpen-West-FH08;19085;FTTH-Cu;;';';;;;;;;31647898;'20200326153555;4518815;'1630000;'17252;Kronenburgstraat;'59;';2000;Antwerpen;;'152226;'211328;';Y;NA;4;4;Unknown;Unknown;;None;;;';SSV_IMPORT;'26/03/2020 14:39:20;;Y;;;;'26/03/2020 14:34:24;5;11341326;;LU;1;';';';';';;;;;;;;';SSV_IMPORT;'26/03/2020 14:39:25;;Y;;;;'26/03/2020 14:34:24
;;;Zoning;6807712;'20200127134349;W03-C-Antwerpen-West-FH08;6807712;'20200127134349;W03-C-Antwerpen-West-FH08;19085;FTTH-Cu;;';';;;;;;;726406;'20200326153559;978244;'1630000;'17252;Kronenburgstraat;'63;';2000;Antwerpen;;'152232,581;'211325,513;';Y;NA;4;4;Unknown;Unknown;;None;;;';IFH_BATCH;'26/03/2020 14:52:04;;Y;;;;'26/03/2020 14:34:24;1;1831054;;LU;1;';';';';';Y;;HOUSE;WONING - MAISON;NA;;;';;';;Y;;;;'26/03/2020 14:34:24
;;;Zoning;6807712;'20200127134349;W03-C-Antwerpen-West-FH08;6807712;'20200127134349;W03-C-Antwerpen-West-FH08;19085;FTTH-Cu;;';';;;;;;;726406;'20200326153559;978244;'1630000;'17252;Kronenburgstraat;'63;';2000;Antwerpen;;'152232,581;'211325,513;';Y;NA;4;4;Unknown;Unknown;;None;;;';IFH_BATCH;'26/03/2020 14:52:04;;Y;;;;'26/03/2020 14:34:24;2;1831055;;LU;1;';';';';';Y;;HOUSE;WONING - MAISON;NA;;;';;';;Y;;;;'26/03/2020 14:34:24
;;;Zoning;6807712;'20200127134349;W03-C-Antwerpen-West-FH08;6807712;'20200127134349;W03-C-Antwerpen-West-FH08;19085;FTTH-Cu;;';';;;;;;;726405;'20200326153559;978242;'1630000;'17252;Kronenburgstraat;'65;';2000;Antwerpen;;'152239,156;'211327,705;';Y;NA;2;4;Unknown;Unknown;;None;;;';IFH_BATCH;'26/03/2020 14:52:01;;Y;;;;'26/03/2020 14:34:24;1;1833700;;BU;1;';';';';';Y;;COMM;HANDELSZAAK - COMMERCE;NA;;;';;';;Y;;;;'26/03/2020 14:34:24
;;;Zoning;6807712;'20200127134349;W03-C-Antwerpen-West-FH08;6807712;'20200127134349;W03-C-Antwerpen-West-FH08;19085;FTTH-Cu;;';';;;;;;;710519;'20200326153602;48981;'1630000;'22002;Nationalestraat;'11;';2000;Antwerpen;;'152204,634;'211955,149;';N;MON;4;0;Unknown;Unknown;;None;;;';IFH_BATCH;'26/03/2020 14:54:09;;Y;;;;'26/03/2020 14:34:24;1;1630584;;BU;1;';';';';';Y;;COMM;HANDELSZAAK - COMMERCE;NA;;;';;';;Y;;;;'26/03/2020 14:34:24
;;;Zoning;6807712;'20200127134349;W03-C-Antwerpen-West-FH08;6807712;'20200127134349;W03-C-Antwerpen-West-FH08;19085;FTTH-Cu;;';';;;;;;;710519;'20200326153602;48981;'1630000;'22002;Nationalestraat;'11;';2000;Antwerpen;;'152204,634;'211955,149;';N;MON;4;0;Unknown;Unknown;;None;;;';IFH_BATCH;'26/03/2020 14:54:09;;Y;;;;'26/03/2020 14:34:24;2;1630585;;BU;1;';';';';';Y;;COMM;HANDELSZAAK - COMMERCE;NA;;;';;';;Y;;;;'26/03/2020 14:34:24
;;;Zoning;6807712;'20200127134349;W03-C-Antwerpen-West-FH08;6807712;'20200127134349;W03-C-Antwerpen-West-FH08;19085;FTTH-Cu;;';';;;;;;;710519;'20200326153602;48981;'1630000;'22002;Nationalestraat;'11;';2000;Antwerpen;;'152204,634;'211955,149;';N;MON;4;0;Unknown;Unknown;;None;;;';IFH_BATCH;'26/03/2020 14:54:09;;Y;;;;'26/03/2020 14:34:24;3;1630586;;BU;1;';';';';';Y;;COMM;HANDELSZAAK - COMMERCE;NA;;;';;';;Y;;;;'26/03/2020 14:34:24
;;;Zoning;6807712;'20200127134349;W03-C-Antwerpen-West-FH08;6807712;'20200127134349;W03-C-Antwerpen-West-FH08;19085;FTTH-Cu;;';';;;;;;;706035;'20200326153605;4505016;'1630000;'22002;Nationalestraat;'13;';2000;Antwerpen;;'152200,977;'211948,191;';Y;NA;2;4;Unknown;Unknown;;None;;;';IFH_BATCH;'26/03/2020 14:53:59;;Y;;;;'26/03/2020 14:34:24;1;1647935;;BU;1;';';';';';Y;;COMM;HANDELSZAAK - COMMERCE;NA;;;';;';;Y;;;;'26/03/2020 14:34:24
;;;Zoning;6807712;'20200127134349;W03-C-Antwerpen-West-FH08;6807712;'20200127134349;W03-C-Antwerpen-West-FH08;19085;FTTH-Cu;;';';;;;;;;664303;'20200326153543;2025022;'1630000;'22002;Nationalestraat;'15;';2000;Antwerpen;;'152199,161;'211943,296;';Y;NA;2;4;Unknown;Unknown;;None;;;';IFH_BATCH;'26/03/2020 14:52:28;;Y;;;;'26/03/2020 14:34:24;1;1661977;;BU;1;';';';';';Y;;COMM;HANDELSZAAK - COMMERCE;NA;;;';;';;Y;;;;'26/03/2020 14:34:24
;;;Zoning;6807712;'20200127134349;W03-C-Antwerpen-West-FH08;6807712;'20200127134349;W03-C-Antwerpen-West-FH08;19085;FTTH-Cu;;';';;;;;;;664304;'20200326153543;2025027;'1630000;'22002;Nationalestraat;'17;';2000;Antwerpen;;'152197,538;'211937,79;';Y;NA;2;4;Unknown;Unknown;;None;;;';IFH_BATCH;'26/03/2020 14:52:31;;Y;;;;'26/03/2020 14:34:24;1;1674526;;BU;1;';';';';';Y;;COMM;HANDELSZAAK - COMMERCE;NA;;;';;';;Y;;;;'26/03/2020 14:34:24
;;;Zoning;6807712;'20200127134349;W03-C-Antwerpen-West-FH08;6807712;'20200127134349;W03-C-Antwerpen-West-FH08;19085;FTTH-Cu;;';';;;;;;;664305;'20200326153543;2025034;'1630000;'22002;Nationalestraat;'19;';2000;Antwerpen;;'152193,993;'211933,132;';Y;NA;2;4;Unknown;Unknown;;None;;;';IFH_BATCH;'26/03/2020 14:52:33;;Y;;;;'26/03/2020 14:34:24;1;1685734;;BU;1;';';';';';Y;;COMM;HANDELSZAAK - COMMERCE;NA;;;';;';;Y;;;;'26/03/2020 14:34:24
;;;Zoning;6807712;'20200127134349;W03-C-Antwerpen-West-FH08;6807712;'20200127134349;W03-C-Antwerpen-West-FH08;19085;FTTH-Cu;;';';;;;;;;664307;'20200326153543;2025040;'1630000;'22002;Nationalestraat;'21;';2000;Antwerpen;;'152191,696;'211928,046;';Y;NA;4;4;Unknown;Unknown;;None;;;';IFH_BATCH;'26/03/2020 14:52:34;;Y;;;;'26/03/2020 14:34:24;1;10367054;;LU;1;';';';';';Y;#A2@4;APPART;DEEL_APP_GEBOUW - PARTIE_IMMEUBLE_APP;APPART;;;';;';;Y;;;;'26/03/2020 14:34:24
;;;Zoning;6807712;'20200127134349;W03-C-Antwerpen-West-FH08;6807712;'20200127134349;W03-C-Antwerpen-West-FH08;19085;FTTH-Cu;;';';;;;;;;664307;'20200326153543;2025040;'1630000;'22002;Nationalestraat;'21;';2000;Antwerpen;;'152191,696;'211928,046;';Y;NA;4;4;Unknown;Unknown;;None;;;';IFH_BATCH;'26/03/2020 14:52:34;;Y;;;;'26/03/2020 14:34:24;2;10372110;;BU;1;';';';';';Y;#HA.GV.1/K;APPART;DEEL_APP_GEBOUW - PARTIE_IMMEUBLE_APP;COMM;;;';;';;Y;;;;'26/03/2020 14:34:24
;;;Zoning;6807712;'20200127134349;W03-C-Antwerpen-West-FH08;6807712;'20200127134349;W03-C-Antwerpen-West-FH08;19085;FTTH-Cu;;';';;;;;;;664309;'20200326153543;2025045;'1630000;'22002;Nationalestraat;'23;';2000;Antwerpen;;'152188,186;'211920,76;';Y;NA;4;4;Unknown;Unknown;;None;;;';IFH_BATCH;'26/03/2020 14:52:37;;Y;;;;'26/03/2020 14:34:24;1;1712966;;LU;1;';';';';';Y;;APTBLD;APPARTEMENTSGEBOUW - IMMEUBLE A APPARTEMENTS;NA;;;';;';;Y;;;;'26/03/2020 14:34:24
;;;Zoning;6807712;'20200127134349;W03-C-Antwerpen-West-FH08;6807712;'20200127134349;W03-C-Antwerpen-West-FH08;19085;FTTH-Cu;;';';;;;;;;664309;'20200326153543;2025045;'1630000;'22002;Nationalestraat;'23;';2000;Antwerpen;;'152188,186;'211920,76;';Y;NA;4;4;Unknown;Unknown;;None;;;';IFH_BATCH;'26/03/2020 14:52:37;;Y;;;;'26/03/2020 14:34:24;2;1712967;;LU;1;';';';';';Y;;APTBLD;APPARTEMENTSGEBOUW - IMMEUBLE A APPARTEMENTS;NA;;;';;';;Y;;;;'26/03/2020 14:34:24
;;;Zoning;6807712;'20200127134349;W03-C-Antwerpen-West-FH08;6807712;'20200127134349;W03-C-Antwerpen-West-FH08;19085;FTTH-Cu;;';';;;;;;;664309;'20200326153543;2025045;'1630000;'22002;Nationalestraat;'23;';2000;Antwerpen;;'152188,186;'211920,76;';Y;NA;4;4;Unknown;Unknown;;None;;;';IFH_BATCH;'26/03/2020 14:52:37;;Y;;;;'26/03/2020 14:34:24;3;1712968;;LU;1;';';';';';Y;;APTBLD;APPARTEMENTSGEBOUW - IMMEUBLE A APPARTEMENTS;NA;;;';;';;Y;;;;'26/03/2020 14:34:24
;;;Zoning;6807712;'20200127134349;W03-C-Antwerpen-West-FH08;6807712;'20200127134349;W03-C-Antwerpen-West-FH08;19085;FTTH-Cu;;';';;;;;;;664309;'20200326153543;2025045;'1630000;'22002;Nationalestraat;'23;';2000;Antwerpen;;'152188,186;'211920,76;';Y;NA;4;4;Unknown;Unknown;;None;;;';IFH_BATCH;'26/03/2020 14:52:37;;Y;;;;'26/03/2020 14:34:24;4;1712969;;LU;1;';';';';';Y;;APTBLD;APPARTEMENTSGEBOUW - IMMEUBLE A APPARTEMENTS;NA;;;';;';;Y;;;;'26/03/2020 14:34:24
;;;Zoning;6807712;'20200127134349;W03-C-Antwerpen-West-FH08;6807712;'20200127134349;W03-C-Antwerpen-West-FH08;19085;FTTH-Cu;;';';;;;;;;664309;'20200326153543;2025045;'1630000;'22002;Nationalestraat;'23;';2000;Antwerpen;;'152188,186;'211920,76;';Y;NA;4;4;Unknown;Unknown;;None;;;';IFH_BATCH;'26/03/2020 14:52:37;;Y;;;;'26/03/2020 14:34:24;5;1712970;;LU;1;';';';';';Y;;APTBLD;APPARTEMENTSGEBOUW - IMMEUBLE A APPARTEMENTS;NA;;;';;';;Y;;;;'26/03/2020 14:34:24
;;;Zoning;6807712;'20200127134349;W03-C-Antwerpen-West-FH08;6807712;'20200127134349;W03-C-Antwerpen-West-FH08;19085;FTTH-Cu;;';';;;;;;;664309;'20200326153543;2025045;'1630000;'22002;Nationalestraat;'23;';2000;Antwerpen;;'152188,186;'211920,76;';Y;NA;4;4;Unknown;Unknown;;None;;;';IFH_BATCH;'26/03/2020 14:52:37;;Y;;;;'26/03/2020 14:34:24;6;1712971;;LU;1;';';';';';Y;;APTBLD;APPARTEMENTSGEBOUW - IMMEUBLE A APPARTEMENTS;NA;;;';;';;Y;;;;'26/03/2020 14:34:24
;;;Zoning;6807712;'20200127134349;W03-C-Antwerpen-West-FH08;6807712;'20200127134349;W03-C-Antwerpen-West-FH08;19085;FTTH-Cu;;';';;;;;;;664309;'20200326153543;2025045;'1630000;'22002;Nationalestraat;'23;';2000;Antwerpen;;'152188,186;'211920,76;';Y;NA;4;4;Unknown;Unknown;;None;;;';IFH_BATCH;'26/03/2020 14:52:37;;Y;;;;'26/03/2020 14:34:24;7;1712972;;LU;1;';';';';';Y;;APTBLD;APPARTEMENTSGEBOUW - IMMEUBLE A APPARTEMENTS;NA;;;';;';;Y;;;;'26/03/2020 14:34:24
;;;Zoning;6807712;'20200127134349;W03-C-Antwerpen-West-FH08;6807712;'20200127134349;W03-C-Antwerpen-West-FH08;19085;FTTH-Cu;;';';;;;;;;664309;'20200326153543;2025045;'1630000;'22002;Nationalestraat;'23;';2000;Antwerpen;;'152188,186;'211920,76;';Y;NA;4;4;Unknown;Unknown;;None;;;';IFH_BATCH;'26/03/2020 14:52:37;;Y;;;;'26/03/2020 14:34:24;8;1712973;;LU;1;';';';';';Y;;APTBLD;APPARTEMENTSGEBOUW - IMMEUBLE A APPARTEMENTS;NA;;;';;';;Y;;;;'26/03/2020 14:34:24
;;;Zoning;6807712;'20200127134349;W03-C-Antwerpen-West-FH08;6807712;'20200127134349;W03-C-Antwerpen-West-FH08;19085;FTTH-Cu;;';';;;;;;;31647913;'20200326153555;2025057;'1630000;'22002;Nationalestraat;'25;';2000;Antwerpen;;'152187;'211918;';Y;NA;2;4;Unknown;Unknown;;None;;;';SSV_IMPORT;'26/03/2020 14:39:29;;Y;;;;'26/03/2020 14:34:24;1;11341327;;LU;1;';';';';';;;;;;;;';SSV_IMPORT;'26/03/2020 14:39:30;;Y;;;;'26/03/2020 14:34:24
;;;Zoning;6807712;'20200127134349;W03-C-Antwerpen-West-FH08;6807712;'20200127134349;W03-C-Antwerpen-West-FH08;19085;FTTH-Cu;;';';;;;;;;664311;'20200326153543;2025063;'1630000;'22002;Nationalestraat;'27;';2000;Antwerpen;;'152184,782;'211911,935;';Y;NA;4;4;Unknown;Unknown;;None;;;';IFH_BATCH;'26/03/2020 14:52:40;;Y;;;;'26/03/2020 14:34:24;1;1727100;;LU;1;';';';';';Y;#A1.A2/K1;APPART;DEEL_APP_GEBOUW - PARTIE_IMMEUBLE_APP;APPART;;;';;';;Y;;;;'26/03/2020 14:34:24
;;;Zoning;6807712;'20200127134349;W03-C-Antwerpen-West-FH08;6807712;'20200127134349;W03-C-Antwerpen-West-FH08;19085;FTTH-Cu;;';';;;;;;;664311;'20200326153543;2025063;'1630000;'22002;Nationalestraat;'27;';2000;Antwerpen;;'152184,782;'211911,935;';Y;NA;4;4;Unknown;Unknown;;None;;;';IFH_BATCH;'26/03/2020 14:52:40;;Y;;;;'26/03/2020 14:34:24;2;1727607;;LU;1;';';';';';Y;#A3/K2;APPART;DEEL_APP_GEBOUW - PARTIE_IMMEUBLE_APP;APPART;;;';;';;Y;;;;'26/03/2020 14:34:24
;;;Zoning;6807712;'20200127134349;W03-C-Antwerpen-West-FH08;6807712;'20200127134349;W03-C-Antwerpen-West-FH08;19085;FTTH-Cu;;';';;;;;;;664311;'20200326153543;2025063;'1630000;'22002;Nationalestraat;'27;';2000;Antwerpen;;'152184,782;'211911,935;';Y;NA;4;4;Unknown;Unknown;;None;;;';IFH_BATCH;'26/03/2020 14:52:40;;Y;;;;'26/03/2020 14:34:24;3;1727702;;LU;1;';';';';';Y;#A4/K3;APPART;DEEL_APP_GEBOUW - PARTIE_IMMEUBLE_APP;APPART;;;';;';;Y;;;;'26/03/2020 14:34:24
;;;Zoning;6807712;'20200127134349;W03-C-Antwerpen-West-FH08;6807712;'20200127134349;W03-C-Antwerpen-West-FH08;19085;FTTH-Cu;;';';;;;;;;664311;'20200326153543;2025063;'1630000;'22002;Nationalestraat;'27;';2000;Antwerpen;;'152184,782;'211911,935;';Y;NA;4;4;Unknown;Unknown;;None;;;';IFH_BATCH;'26/03/2020 14:52:40;;Y;;;;'26/03/2020 14:34:24;4;1727940;;BU;1;';';';';';Y;#HA.GV/K4;APPART;DEEL_APP_GEBOUW - PARTIE_IMMEUBLE_APP;COMM;;;';;';;Y;;;;'26/03/2020 14:34:24
;;;Zoning;6807712;'20200127134349;W03-C-Antwerpen-West-FH08;6807712;'20200127134349;W03-C-Antwerpen-West-FH08;19085;FTTH-Cu;;';';;;;;;;664312;'20200326153543;2025072;'1630000;'22002;Nationalestraat;'29;';2000;Antwerpen;;'152183,645;'211904,863;';Y;NA;4;4;Unknown;Unknown;;None;;;';IFH_BATCH;'26/03/2020 14:52:42;;Y;;;;'26/03/2020 14:34:24;1;10368597;;LU;1;';';';';';Y;#A3/K4/;APPART;DEEL_APP_GEBOUW - PARTIE_IMMEUBLE_APP;APPART;;;';;';;Y;;;;'26/03/2020 14:34:24
;;;Zoning;6807712;'20200127134349;W03-C-Antwerpen-West-FH08;6807712;'20200127134349;W03-C-Antwerpen-West-FH08;19085;FTTH-Cu;;';';;;;;;;664312;'20200326153543;2025072;'1630000;'22002;Nationalestraat;'29;';2000;Antwerpen;;'152183,645;'211904,863;';Y;NA;4;4;Unknown;Unknown;;None;;;';IFH_BATCH;'26/03/2020 14:52:42;;Y;;;;'26/03/2020 14:34:24;2;10368640;;LU;1;';';';';';Y;#A4/K5/;APPART;DEEL_APP_GEBOUW - PARTIE_IMMEUBLE_APP;APPART;;;';;';;Y;;;;'26/03/2020 14:34:24
;;;Zoning;6807712;'20200127134349;W03-C-Antwerpen-West-FH08;6807712;'20200127134349;W03-C-Antwerpen-West-FH08;19085;FTTH-Cu;;';';;;;;;;664312;'20200326153543;2025072;'1630000;'22002;Nationalestraat;'29;';2000;Antwerpen;;'152183,645;'211904,863;';Y;NA;4;4;Unknown;Unknown;;None;;;';IFH_BATCH;'26/03/2020 14:52:42;;Y;;;;'26/03/2020 14:34:24;3;10369737;;BU;1;';';';';';Y;#BU1/K2/;APPART;DEEL_APP_GEBOUW - PARTIE_IMMEUBLE_APP;OFFICE;;;';;';;Y;;;;'26/03/2020 14:34:24
;;;Zoning;6807712;'20200127134349;W03-C-Antwerpen-West-FH08;6807712;'20200127134349;W03-C-Antwerpen-West-FH08;19085;FTTH-Cu;;';';;;;;;;664312;'20200326153543;2025072;'1630000;'22002;Nationalestraat;'29;';2000;Antwerpen;;'152183,645;'211904,863;';Y;NA;4;4;Unknown;Unknown;;None;;;';IFH_BATCH;'26/03/2020 14:52:42;;Y;;;;'26/03/2020 14:34:24;4;10371607;;LU;1;';';';';';Y;#A2/K3/2V/;APPART;DEEL_APP_GEBOUW - PARTIE_IMMEUBLE_APP;APPART;;;';;';;Y;;;;'26/03/2020 14:34:24
;;;Zoning;6807712;'20200127134349;W03-C-Antwerpen-West-FH08;6807712;'20200127134349;W03-C-Antwerpen-West-FH08;19085;FTTH-Cu;;';';;;;;;;664312;'20200326153543;2025072;'1630000;'22002;Nationalestraat;'29;';2000;Antwerpen;;'152183,645;'211904,863;';Y;NA;4;4;Unknown;Unknown;;None;;;';IFH_BATCH;'26/03/2020 14:52:42;;Y;;;;'26/03/2020 14:34:24;5;10372155;;BU;1;';';';';';Y;#HAND/HUIS;APPART;DEEL_APP_GEBOUW - PARTIE_IMMEUBLE_APP;COMM;;;';;';;Y;;;;'26/03/2020 14:34:24
;;;Zoning;6807712;'20200127134349;W03-C-Antwerpen-West-FH08;6807712;'20200127134349;W03-C-Antwerpen-West-FH08;19085;FTTH-Cu;;';';;;;;;;664312;'20200326153543;2025072;'1630000;'22002;Nationalestraat;'29;';2000;Antwerpen;;'152183,645;'211904,863;';Y;NA;4;4;Unknown;Unknown;;None;;;';IFH_BATCH;'26/03/2020 14:52:42;;Y;;;;'26/03/2020 14:34:24;6;10375146;;BU;1;';';';';';Y;#HA.OG.GV/K1/;APPART;DEEL_APP_GEBOUW - PARTIE_IMMEUBLE_APP;COMM;;;';;';;Y;;;;'26/03/2020 14:34:24
;;;Zoning;6807712;'20200127134349;W03-C-Antwerpen-West-FH08;6807712;'20200127134349;W03-C-Antwerpen-West-FH08;19085;FTTH-Cu;;';';;;;;;;710518;'20200326153602;48980;'1630000;'22002;Nationalestraat;'31;';2000;Antwerpen;;'152180,636;'211898,406;';Y;NA;2;4;Unknown;Unknown;;None;;;';IFH_BATCH;'26/03/2020 14:54:06;;Y;;;;'26/03/2020 14:34:24;1;1748615;;BU;1;';';';';';Y;;COMM;HANDELSZAAK - COMMERCE;NA;;;';;';;Y;;;;'26/03/2020 14:34:24
;;;Zoning;6807712;'20200127134349;W03-C-Antwerpen-West-FH08;6807712;'20200127134349;W03-C-Antwerpen-West-FH08;19085;FTTH-Cu;;';';;;;;;;710517;'20200326153601;48979;'1630000;'22002;Nationalestraat;'33;';2000;Antwerpen;;'152174,158;'211891,249;';Y;NA;4;4;Unknown;Unknown;;None;;;';IFH_BATCH;'26/03/2020 14:54:05;;Y;;;;'26/03/2020 14:34:24;1;1754741;;BU;1;';';';';';Y;;COMM;HANDELSZAAK - COMMERCE;NA;;;';;';;Y;;;;'26/03/2020 14:34:24
;;;Zoning;6807712;'20200127134349;W03-C-Antwerpen-West-FH08;6807712;'20200127134349;W03-C-Antwerpen-West-FH08;19085;FTTH-Cu;;';';;;;;;;710517;'20200326153601;48979;'1630000;'22002;Nationalestraat;'33;';2000;Antwerpen;;'152174,158;'211891,249;';Y;NA;4;4;Unknown;Unknown;;None;;;';IFH_BATCH;'26/03/2020 14:54:05;;Y;;;;'26/03/2020 14:34:24;2;1754742;;BU;1;';';';';';Y;;COMM;HANDELSZAAK - COMMERCE;NA;;;';;';;Y;;;;'26/03/2020 14:34:24
;;;Zoning;6807712;'20200127134349;W03-C-Antwerpen-West-FH08;6807712;'20200127134349;W03-C-Antwerpen-West-FH08;19085;FTTH-Cu;;';';;;;;;;710517;'20200326153601;48979;'1630000;'22002;Nationalestraat;'33;';2000;Antwerpen;;'152174,158;'211891,249;';Y;NA;4;4;Unknown;Unknown;;None;;;';IFH_BATCH;'26/03/2020 14:54:05;;Y;;;;'26/03/2020 14:34:24;3;1754743;;BU;1;';';';';';Y;;COMM;HANDELSZAAK - COMMERCE;NA;;;';;';;Y;;;;'26/03/2020 14:34:24
;;;Zoning;6807712;'20200127134349;W03-C-Antwerpen-West-FH08;6807712;'20200127134349;W03-C-Antwerpen-West-FH08;19085;FTTH-Cu;;';';;;;;;;710517;'20200326153601;48979;'1630000;'22002;Nationalestraat;'33;';2000;Antwerpen;;'152174,158;'211891,249;';Y;NA;4;4;Unknown;Unknown;;None;;;';IFH_BATCH;'26/03/2020 14:54:05;;Y;;;;'26/03/2020 14:34:24;4;1754744;;BU;1;';';';';';Y;;COMM;HANDELSZAAK - COMMERCE;NA;;;';;';;Y;;;;'26/03/2020 14:34:24
;;;Zoning;6807712;'20200127134349;W03-C-Antwerpen-West-FH08;6807712;'20200127134349;W03-C-Antwerpen-West-FH08;19085;FTTH-Cu;;';';;;;;;;664314;'20200326153543;2025100;'1630000;'22002;Nationalestraat;'37;';2000;Antwerpen;;'152150,719;'211834,528;';Y;NA;4;4;Unknown;Unknown;;None;;;';IFH_BATCH;'26/03/2020 14:52:44;;Y;;;;'26/03/2020 14:34:24;1;1765324;;BU;1;';';';';';Y;#HA.GV/LOT1/;APPART;DEEL_APP_GEBOUW - PARTIE_IMMEUBLE_APP;COMM;;;';;';;Y;;;;'26/03/2020 14:34:24
;;;Zoning;6807712;'20200127134349;W03-C-Antwerpen-West-FH08;6807712;'20200127134349;W03-C-Antwerpen-West-FH08;19085;FTTH-Cu;;';';;;;;;;664314;'20200326153543;2025100;'1630000;'22002;Nationalestraat;'37;';2000;Antwerpen;;'152150,719;'211834,528;';Y;NA;4;4;Unknown;Unknown;;None;;;';IFH_BATCH;'26/03/2020 14:52:44;;Y;;;;'26/03/2020 14:34:24;2;1765340;;LU;1;';';';';';Y;#M.D.AP.GEB./LOT2/;APPART;DEEL_APP_GEBOUW - PARTIE_IMMEUBLE_APP;;;;';;';;Y;;;;'26/03/2020 14:34:24
;;;Zoning;6807712;'20200127134349;W03-C-Antwerpen-West-FH08;6807712;'20200127134349;W03-C-Antwerpen-West-FH08;19085;FTTH-Cu;;';';;;;;;;664314;'20200326153543;2025100;'1630000;'22002;Nationalestraat;'37;';2000;Antwerpen;;'152150,719;'211834,528;';Y;NA;4;4;Unknown;Unknown;;None;;;';IFH_BATCH;'26/03/2020 14:52:44;;Y;;;;'26/03/2020 14:34:24;3;10377521;;LU;1;';';';';';Y;#M.D.AP.GEB./LOT2/;APPART;DEEL_APP_GEBOUW - PARTIE_IMMEUBLE_APP;;;;';;';;Y;;;;'26/03/2020 14:34:24
;;;Zoning;6807712;'20200127134349;W03-C-Antwerpen-West-FH08;6807712;'20200127134349;W03-C-Antwerpen-West-FH08;19085;FTTH-Cu;;';';;;;;;;664314;'20200326153543;2025100;'1630000;'22002;Nationalestraat;'37;';2000;Antwerpen;;'152150,719;'211834,528;';Y;NA;4;4;Unknown;Unknown;;None;;;';IFH_BATCH;'26/03/2020 14:52:44;;Y;;;;'26/03/2020 14:34:24;4;10377522;;LU;1;';';';';';Y;#M.D.AP.GEB./LOT2/;APPART;DEEL_APP_GEBOUW - PARTIE_IMMEUBLE_APP;;;;';;';;Y;;;;'26/03/2020 14:34:24
;;;Zoning;6807712;'20200127134349;W03-C-Antwerpen-West-FH08;6807712;'20200127134349;W03-C-Antwerpen-West-FH08;19085;FTTH-Cu;;';';;;;;;;664315;'20200326153544;2025107;'1630000;'22002;Nationalestraat;'39;';2000;Antwerpen;;'152148,594;'211827,596;';Y;NA;4;4;Unknown;Unknown;;None;;;';IFH_BATCH;'26/03/2020 14:52:46;;Y;;;;'26/03/2020 14:34:24;1;1771394;;BU;1;';';';';';Y;;COMM;HANDELSZAAK - COMMERCE;NA;;;';;';;Y;;;;'26/03/2020 14:34:24
;;;Zoning;6807712;'20200127134349;W03-C-Antwerpen-West-FH08;6807712;'20200127134349;W03-C-Antwerpen-West-FH08;19085;FTTH-Cu;;';';;;;;;;664315;'20200326153544;2025107;'1630000;'22002;Nationalestraat;'39;';2000;Antwerpen;;'152148,594;'211827,596;';Y;NA;4;4;Unknown;Unknown;;None;;;';IFH_BATCH;'26/03/2020 14:52:46;;Y;;;;'26/03/2020 14:34:24;2;1771395;;BU;1;';';';';';Y;;COMM;HANDELSZAAK - COMMERCE;NA;;;';;';;Y;;;;'26/03/2020 14:34:24
;;;Zoning;6807712;'20200127134349;W03-C-Antwerpen-West-FH08;6807712;'20200127134349;W03-C-Antwerpen-West-FH08;19085;FTTH-Cu;;';';;;;;;;664315;'20200326153544;2025107;'1630000;'22002;Nationalestraat;'39;';2000;Antwerpen;;'152148,594;'211827,596;';Y;NA;4;4;Unknown;Unknown;;None;;;';IFH_BATCH;'26/03/2020 14:52:46;;Y;;;;'26/03/2020 14:34:24;3;1771396;;BU;1;';';';';';Y;;COMM;HANDELSZAAK - COMMERCE;NA;;;';;';;Y;;;;'26/03/2020 14:34:24
;;;Zoning;6807712;'20200127134349;W03-C-Antwerpen-West-FH08;6807712;'20200127134349;W03-C-Antwerpen-West-FH08;19085;FTTH-Cu;;';';;;;;;;31647917;'20200326153555;48982;'1630000;'22002;Nationalestraat;'41;';2000;Antwerpen;;'152148;'211826;';Y;NA;2;4;Unknown;Unknown;;None;;;';SSV_IMPORT;'26/03/2020 14:39:34;;Y;;;;'26/03/2020 14:34:24;1;11341328;;LU;1;';';';';';;;;;;;;';SSV_IMPORT;'26/03/2020 14:39:35;;Y;;;;'26/03/2020 14:34:24
;;;Zoning;6807712;'20200127134349;W03-C-Antwerpen-West-FH08;6807712;'20200127134349;W03-C-Antwerpen-West-FH08;19085;FTTH-Cu;;';';;;;;;;710520;'20200326153602;48984;'1630000;'22002;Nationalestraat;'43;';2000;Antwerpen;;'152139,784;'211803,98;';Y;NA;4;4;Unknown;Unknown;;None;;;';IFH_BATCH;'26/03/2020 14:54:11;;Y;;;;'26/03/2020 14:34:24;1;1785528;;BU;1;';';';';';Y;;COMM;HANDELSZAAK - COMMERCE;NA;;;';;';;Y;;;;'26/03/2020 14:34:24
;;;Zoning;6807712;'20200127134349;W03-C-Antwerpen-West-FH08;6807712;'20200127134349;W03-C-Antwerpen-West-FH08;19085;FTTH-Cu;;';';;;;;;;710520;'20200326153602;48984;'1630000;'22002;Nationalestraat;'43;';2000;Antwerpen;;'152139,784;'211803,98;';Y;NA;4;4;Unknown;Unknown;;None;;;';IFH_BATCH;'26/03/2020 14:54:11;;Y;;;;'26/03/2020 14:34:24;2;1785529;;BU;1;';';';';';Y;;COMM;HANDELSZAAK - COMMERCE;NA;;;';;';;Y;;;;'26/03/2020 14:34:24
;;;Zoning;6807712;'20200127134349;W03-C-Antwerpen-West-FH08;6807712;'20200127134349;W03-C-Antwerpen-West-FH08;19085;FTTH-Cu;;';';;;;;;;710520;'20200326153602;48984;'1630000;'22002;Nationalestraat;'43;';2000;Antwerpen;;'152139,784;'211803,98;';Y;NA;4;4;Unknown;Unknown;;None;;;';IFH_BATCH;'26/03/2020 14:54:11;;Y;;;;'26/03/2020 14:34:24;3;1785530;;BU;1;';';';';';Y;;COMM;HANDELSZAAK - COMMERCE;NA;;;';;';;Y;;;;'26/03/2020 14:34:24
;;;Zoning;6807712;'20200127134349;W03-C-Antwerpen-West-FH08;6807712;'20200127134349;W03-C-Antwerpen-West-FH08;19085;FTTH-Cu;;';';;;;;;;710520;'20200326153602;48984;'1630000;'22002;Nationalestraat;'43;';2000;Antwerpen;;'152139,784;'211803,98;';Y;NA;4;4;Unknown;Unknown;;None;;;';IFH_BATCH;'26/03/2020 14:54:11;;Y;;;;'26/03/2020 14:34:24;4;1785531;;BU;1;';';';';';Y;;COMM;HANDELSZAAK - COMMERCE;NA;;;';;';;Y;;;;'26/03/2020 14:34:24
;;;Zoning;6807712;'20200127134349;W03-C-Antwerpen-West-FH08;6807712;'20200127134349;W03-C-Antwerpen-West-FH08;19085;FTTH-Cu;;';';;;;;;;664317;'20200326153544;2025116;'1630000;'22002;Nationalestraat;'45;';2000;Antwerpen;;'152141,258;'211797,869;';Y;NA;2;4;Unknown;Unknown;;None;;;';IFH_BATCH;'26/03/2020 14:52:47;;Y;;;;'26/03/2020 14:34:24;1;1790047;;BU;1;';';';';';Y;;COMM;HANDELSZAAK - COMMERCE;NA;;;';;';;Y;;;;'26/03/2020 14:34:24
;;;Zoning;6807712;'20200127134349;W03-C-Antwerpen-West-FH08;6807712;'20200127134349;W03-C-Antwerpen-West-FH08;19085;FTTH-Cu;;';';;;;;;;664318;'20200326153544;2025122;'1630000;'22002;Nationalestraat;'47;';2000;Antwerpen;;'152140,578;'211791,373;';Y;NA;4;4;Unknown;Unknown;;None;;;';IFH_BATCH;'26/03/2020 14:52:50;;Y;;;;'26/03/2020 14:34:24;1;1794530;;LU;1;';';';';';Y;;APTBLD;APPARTEMENTSGEBOUW - IMMEUBLE A APPARTEMENTS;NA;;;';;';;Y;;;;'26/03/2020 14:34:24
;;;Zoning;6807712;'20200127134349;W03-C-Antwerpen-West-FH08;6807712;'20200127134349;W03-C-Antwerpen-West-FH08;19085;FTTH-Cu;;';';;;;;;;664318;'20200326153544;2025122;'1630000;'22002;Nationalestraat;'47;';2000;Antwerpen;;'152140,578;'211791,373;';Y;NA;4;4;Unknown;Unknown;;None;;;';IFH_BATCH;'26/03/2020 14:52:50;;Y;;;;'26/03/2020 14:34:24;2;1794531;;LU;1;';';';';';Y;;APTBLD;APPARTEMENTSGEBOUW - IMMEUBLE A APPARTEMENTS;NA;;;';;';;Y;;;;'26/03/2020 14:34:24
;;;Zoning;6807712;'20200127134349;W03-C-Antwerpen-West-FH08;6807712;'20200127134349;W03-C-Antwerpen-West-FH08;19085;FTTH-Cu;;';';;;;;;;664318;'20200326153544;2025122;'1630000;'22002;Nationalestraat;'47;';2000;Antwerpen;;'152140,578;'211791,373;';Y;NA;4;4;Unknown;Unknown;;None;;;';IFH_BATCH;'26/03/2020 14:52:50;;Y;;;;'26/03/2020 14:34:24;3;1794532;;LU;1;';';';';';Y;;APTBLD;APPARTEMENTSGEBOUW - IMMEUBLE A APPARTEMENTS;NA;;;';;';;Y;;;;'26/03/2020 14:34:24
;;;Zoning;6807712;'20200127134349;W03-C-Antwerpen-West-FH08;6807712;'20200127134349;W03-C-Antwerpen-West-FH08;19085;FTTH-Cu;;';';;;;;;;664318;'20200326153544;2025122;'1630000;'22002;Nationalestraat;'47;';2000;Antwerpen;;'152140,578;'211791,373;';Y;NA;4;4;Unknown;Unknown;;None;;;';IFH_BATCH;'26/03/2020 14:52:50;;Y;;;;'26/03/2020 14:34:24;4;1794533;;LU;1;';';';';';Y;;APTBLD;APPARTEMENTSGEBOUW - IMMEUBLE A APPARTEMENTS;NA;;;';;';;Y;;;;'26/03/2020 14:34:24
;;;Zoning;6807712;'20200127134349;W03-C-Antwerpen-West-FH08;6807712;'20200127134349;W03-C-Antwerpen-West-FH08;19085;FTTH-Cu;;';';;;;;;;664319;'20200326153544;2025126;'1630000;'22002;Nationalestraat;'49;';2000;Antwerpen;;'152134,388;'211786,1;';Y;NA;4;4;Unknown;Unknown;;None;;;';IFH_BATCH;'26/03/2020 14:52:51;;Y;;;;'26/03/2020 14:34:24;1;1798209;;BU;1;';';';';';Y;;COMM;HANDELSZAAK - COMMERCE;NA;;;';;';;Y;;;;'26/03/2020 14:34:24
;;;Zoning;6807712;'20200127134349;W03-C-Antwerpen-West-FH08;6807712;'20200127134349;W03-C-Antwerpen-West-FH08;19085;FTTH-Cu;;';';;;;;;;664319;'20200326153544;2025126;'1630000;'22002;Nationalestraat;'49;';2000;Antwerpen;;'152134,388;'211786,1;';Y;NA;4;4;Unknown;Unknown;;None;;;';IFH_BATCH;'26/03/2020 14:52:51;;Y;;;;'26/03/2020 14:34:24;2;1798210;;BU;1;';';';';';Y;;COMM;HANDELSZAAK - COMMERCE;NA;;;';;';;Y;;;;'26/03/2020 14:34:24
;;;Zoning;6807712;'20200127134349;W03-C-Antwerpen-West-FH08;6807712;'20200127134349;W03-C-Antwerpen-West-FH08;19085;FTTH-Cu;;';';;;;;;;664321;'20200326153544;2025137;'1630000;'22002;Nationalestraat;'51;';2000;Antwerpen;;'152133,139;'211779,593;';Y;NA;4;4;Unknown;Unknown;;None;;;';IFH_BATCH;'26/03/2020 14:52:54;;Y;;;;'26/03/2020 14:34:24;1;1807439;;BU;1;';';';';';Y;;COMM;HANDELSZAAK - COMMERCE;NA;;;';;';;Y;;;;'26/03/2020 14:34:24
;;;Zoning;6807712;'20200127134349;W03-C-Antwerpen-West-FH08;6807712;'20200127134349;W03-C-Antwerpen-West-FH08;19085;FTTH-Cu;;';';;;;;;;664321;'20200326153544;2025137;'1630000;'22002;Nationalestraat;'51;';2000;Antwerpen;;'152133,139;'211779,593;';Y;NA;4;4;Unknown;Unknown;;None;;;';IFH_BATCH;'26/03/2020 14:52:54;;Y;;;;'26/03/2020 14:34:24;2;1807440;;BU;1;';';';';';Y;;COMM;HANDELSZAAK - COMMERCE;NA;;;';;';;Y;;;;'26/03/2020 14:34:24
;;;Zoning;6807712;'20200127134349;W03-C-Antwerpen-West-FH08;6807712;'20200127134349;W03-C-Antwerpen-West-FH08;19085;FTTH-Cu;;';';;;;;;;664321;'20200326153544;2025137;'1630000;'22002;Nationalestraat;'51;';2000;Antwerpen;;'152133,139;'211779,593;';Y;NA;4;4;Unknown;Unknown;;None;;;';IFH_BATCH;'26/03/2020 14:52:54;;Y;;;;'26/03/2020 14:34:24;3;1807441;;BU;1;';';';';';Y;;COMM;HANDELSZAAK - COMMERCE;NA;;;';;';;Y;;;;'26/03/2020 14:34:24
;;;Zoning;6807712;'20200127134349;W03-C-Antwerpen-West-FH08;6807712;'20200127134349;W03-C-Antwerpen-West-FH08;19085;FTTH-Cu;;';';;;;;;;710521;'20200326153602;48985;'1630000;'22002;Nationalestraat;'53;';2000;Antwerpen;;'152130,373;'211774,337;';Y;NA;4;4;Unknown;Unknown;;None;;;';IFH_BATCH;'26/03/2020 14:54:13;;Y;;;;'26/03/2020 14:34:24;1;1811019;;BU;1;';';';';';Y;;COMM;HANDELSZAAK - COMMERCE;NA;;;';;';;Y;;;;'26/03/2020 14:34:24
;;;Zoning;6807712;'20200127134349;W03-C-Antwerpen-West-FH08;6807712;'20200127134349;W03-C-Antwerpen-West-FH08;19085;FTTH-Cu;;';';;;;;;;710521;'20200326153602;48985;'1630000;'22002;Nationalestraat;'53;';2000;Antwerpen;;'152130,373;'211774,337;';Y;NA;4;4;Unknown;Unknown;;None;;;';IFH_BATCH;'26/03/2020 14:54:13;;Y;;;;'26/03/2020 14:34:24;2;1811020;;BU;1;';';';';';Y;;COMM;HANDELSZAAK - COMMERCE;NA;;;';;';;Y;;;;'26/03/2020 14:34:24
;;;Zoning;6807712;'20200127134349;W03-C-Antwerpen-West-FH08;6807712;'20200127134349;W03-C-Antwerpen-West-FH08;19085;FTTH-Cu;;';';;;;;;;710521;'20200326153602;48985;'1630000;'22002;Nationalestraat;'53;';2000;Antwerpen;;'152130,373;'211774,337;';Y;NA;4;4;Unknown;Unknown;;None;;;';IFH_BATCH;'26/03/2020 14:54:13;;Y;;;;'26/03/2020 14:34:24;3;1811021;;BU;1;';';';';';Y;;COMM;HANDELSZAAK - COMMERCE;NA;;;';;';;Y;;;;'26/03/2020 14:34:24
;;;Zoning;6807712;'20200127134349;W03-C-Antwerpen-West-FH08;6807712;'20200127134349;W03-C-Antwerpen-West-FH08;19085;FTTH-Cu;;';';;;;;;;615351;'20200326153606;12641;'1630000;'22002;Nationalestraat;'55;';2000;Antwerpen;;'152123,432;'211747,449;';Y;NA;4;4;Unknown;Unknown;;None;;;';IFH_BATCH;'26/03/2020 14:52:20;;Y;;;;'26/03/2020 14:34:24;1;1814470;;BU;1;';';';';';Y;;COMM;HANDELSZAAK - COMMERCE;NA;;;';;';;Y;;;;'26/03/2020 14:34:24
;;;Zoning;6807712;'20200127134349;W03-C-Antwerpen-West-FH08;6807712;'20200127134349;W03-C-Antwerpen-West-FH08;19085;FTTH-Cu;;';';;;;;;;615351;'20200326153606;12641;'1630000;'22002;Nationalestraat;'55;';2000;Antwerpen;;'152123,432;'211747,449;';Y;NA;4;4;Unknown;Unknown;;None;;;';IFH_BATCH;'26/03/2020 14:52:20;;Y;;;;'26/03/2020 14:34:24;2;1814471;;BU;1;';';';';';Y;;COMM;HANDELSZAAK - COMMERCE;NA;;;';;';;Y;;;;'26/03/2020 14:34:24
;;;Zoning;6807712;'20200127134349;W03-C-Antwerpen-West-FH08;6807712;'20200127134349;W03-C-Antwerpen-West-FH08;19085;FTTH-Cu;;';';;;;;;;664322;'20200326153544;2025157;'1630000;'22002;Nationalestraat;'57;';2000;Antwerpen;;'152124,956;'211741,34;';Y;NA;4;4;Unknown;Unknown;;None;;;';IFH_BATCH;'26/03/2020 14:52:56;;Y;;;;'26/03/2020 14:34:24;1;1817272;;LU;1;';';';';';Y;;APTBLD;APPARTEMENTSGEBOUW - IMMEUBLE A APPARTEMENTS;NA;;;';;';;Y;;;;'26/03/2020 14:34:24
;;;Zoning;6807712;'20200127134349;W03-C-Antwerpen-West-FH08;6807712;'20200127134349;W03-C-Antwerpen-West-FH08;19085;FTTH-Cu;;';';;;;;;;664322;'20200326153544;2025157;'1630000;'22002;Nationalestraat;'57;';2000;Antwerpen;;'152124,956;'211741,34;';Y;NA;4;4;Unknown;Unknown;;None;;;';IFH_BATCH;'26/03/2020 14:52:56;;Y;;;;'26/03/2020 14:34:24;2;1817273;;LU;1;';';';';';Y;;APTBLD;APPARTEMENTSGEBOUW - IMMEUBLE A APPARTEMENTS;NA;;;';;';;Y;;;;'26/03/2020 14:34:24
;;;Zoning;6807712;'20200127134349;W03-C-Antwerpen-West-FH08;6807712;'20200127134349;W03-C-Antwerpen-West-FH08;19085;FTTH-Cu;;';';;;;;;;664322;'20200326153544;2025157;'1630000;'22002;Nationalestraat;'57;';2000;Antwerpen;;'152124,956;'211741,34;';Y;NA;4;4;Unknown;Unknown;;None;;;';IFH_BATCH;'26/03/2020 14:52:56;;Y;;;;'26/03/2020 14:34:24;3;1817274;;LU;1;';';';';';Y;;APTBLD;APPARTEMENTSGEBOUW - IMMEUBLE A APPARTEMENTS;NA;;;';;';;Y;;;;'26/03/2020 14:34:24
;;;Zoning;6807712;'20200127134349;W03-C-Antwerpen-West-FH08;6807712;'20200127134349;W03-C-Antwerpen-West-FH08;19085;FTTH-Cu;;';';;;;;;;664322;'20200326153544;2025157;'1630000;'22002;Nationalestraat;'57;';2000;Antwerpen;;'152124,956;'211741,34;';Y;NA;4;4;Unknown;Unknown;;None;;;';IFH_BATCH;'26/03/2020 14:52:56;;Y;;;;'26/03/2020 14:34:24;4;1817275;;LU;1;';';';';';Y;;APTBLD;APPARTEMENTSGEBOUW - IMMEUBLE A APPARTEMENTS;NA;;;';;';;Y;;;;'26/03/2020 14:34:24
;;;Zoning;6807712;'20200127134349;W03-C-Antwerpen-West-FH08;6807712;'20200127134349;W03-C-Antwerpen-West-FH08;19085;FTTH-Cu;;';';;;;;;;664324;'20200326153544;2025163;'1630000;'22002;Nationalestraat;'59;';2000;Antwerpen;;'152125,679;'211735,409;';Y;NA;4;4;Unknown;Unknown;;None;;;';IFH_BATCH;'26/03/2020 14:52:58;;Y;;;;'26/03/2020 14:34:24;1;1820273;;LU;1;';';';';';Y;;APTBLD;APPARTEMENTSGEBOUW - IMMEUBLE A APPARTEMENTS;NA;;;';;';;Y;;;;'26/03/2020 14:34:24
;;;Zoning;6807712;'20200127134349;W03-C-Antwerpen-West-FH08;6807712;'20200127134349;W03-C-Antwerpen-West-FH08;19085;FTTH-Cu;;';';;;;;;;664324;'20200326153544;2025163;'1630000;'22002;Nationalestraat;'59;';2000;Antwerpen;;'152125,679;'211735,409;';Y;NA;4;4;Unknown;Unknown;;None;;;';IFH_BATCH;'26/03/2020 14:52:58;;Y;;;;'26/03/2020 14:34:24;2;1820274;;LU;1;';';';';';Y;;APTBLD;APPARTEMENTSGEBOUW - IMMEUBLE A APPARTEMENTS;NA;;;';;';;Y;;;;'26/03/2020 14:34:24
;;;Zoning;6807712;'20200127134349;W03-C-Antwerpen-West-FH08;6807712;'20200127134349;W03-C-Antwerpen-West-FH08;19085;FTTH-Cu;;';';;;;;;;664324;'20200326153544;2025163;'1630000;'22002;Nationalestraat;'59;';2000;Antwerpen;;'152125,679;'211735,409;';Y;NA;4;4;Unknown;Unknown;;None;;;';IFH_BATCH;'26/03/2020 14:52:58;;Y;;;;'26/03/2020 14:34:24;3;1820275;;LU;1;';';';';';Y;;APTBLD;APPARTEMENTSGEBOUW - IMMEUBLE A APPARTEMENTS;NA;;;';;';;Y;;;;'26/03/2020 14:34:24
;;;Zoning;6807712;'20200127134349;W03-C-Antwerpen-West-FH08;6807712;'20200127134349;W03-C-Antwerpen-West-FH08;19085;FTTH-Cu;;';';;;;;;;664324;'20200326153544;2025163;'1630000;'22002;Nationalestraat;'59;';2000;Antwerpen;;'152125,679;'211735,409;';Y;NA;4;4;Unknown;Unknown;;None;;;';IFH_BATCH;'26/03/2020 14:52:58;;Y;;;;'26/03/2020 14:34:24;4;1820276;;LU;1;';';';';';Y;;APTBLD;APPARTEMENTSGEBOUW - IMMEUBLE A APPARTEMENTS;NA;;;';;';;Y;;;;'26/03/2020 14:34:24
;;;Zoning;6807712;'20200127134349;W03-C-Antwerpen-West-FH08;6807712;'20200127134349;W03-C-Antwerpen-West-FH08;19085;FTTH-Cu;;';';;;;;;;664325;'20200326153544;2025167;'1630000;'22002;Nationalestraat;'61;';2000;Antwerpen;;'152122,813;'211728,982;';Y;NA;4;4;Unknown;Unknown;;None;;;';IFH_BATCH;'26/03/2020 14:53:00;;Y;;;;'26/03/2020 14:34:24;1;1828347;;BU;1;';';';';';Y;;COMM;HANDELSZAAK - COMMERCE;NA;;;';;';;Y;;;;'26/03/2020 14:34:24
;;;Zoning;6807712;'20200127134349;W03-C-Antwerpen-West-FH08;6807712;'20200127134349;W03-C-Antwerpen-West-FH08;19085;FTTH-Cu;;';';;;;;;;664325;'20200326153544;2025167;'1630000;'22002;Nationalestraat;'61;';2000;Antwerpen;;'152122,813;'211728,982;';Y;NA;4;4;Unknown;Unknown;;None;;;';IFH_BATCH;'26/03/2020 14:53:00;;Y;;;;'26/03/2020 14:34:24;2;1828348;;BU;1;';';';';';Y;;COMM;HANDELSZAAK - COMMERCE;NA;;;';;';;Y;;;;'26/03/2020 14:34:24
;;;Zoning;6807712;'20200127134349;W03-C-Antwerpen-West-FH08;6807712;'20200127134349;W03-C-Antwerpen-West-FH08;19085;FTTH-Cu;;';';;;;;;;664325;'20200326153544;2025167;'1630000;'22002;Nationalestraat;'61;';2000;Antwerpen;;'152122,813;'211728,982;';Y;NA;4;4;Unknown;Unknown;;None;;;';IFH_BATCH;'26/03/2020 14:53:00;;Y;;;;'26/03/2020 14:34:24;3;1828349;;BU;1;';';';';';Y;;COMM;HANDELSZAAK - COMMERCE;NA;;;';;';;Y;;;;'26/03/2020 14:34:24
;;;Zoning;6807712;'20200127134349;W03-C-Antwerpen-West-FH08;6807712;'20200127134349;W03-C-Antwerpen-West-FH08;19085;FTTH-Cu;;';';;;;;;;664326;'20200326153544;2025176;'1630000;'22002;Nationalestraat;'63;';2000;Antwerpen;;'152119,166;'211723,611;';Y;NA;4;4;Unknown;Unknown;;None;;;';IFH_BATCH;'26/03/2020 14:53:02;;Y;;;;'26/03/2020 14:34:24;1;1831046;;BU;1;';';';';';Y;;COMM;HANDELSZAAK - COMMERCE;NA;;;';;';;Y;;;;'26/03/2020 14:34:24
;;;Zoning;6807712;'20200127134349;W03-C-Antwerpen-West-FH08;6807712;'20200127134349;W03-C-Antwerpen-West-FH08;19085;FTTH-Cu;;';';;;;;;;664326;'20200326153544;2025176;'1630000;'22002;Nationalestraat;'63;';2000;Antwerpen;;'152119,166;'211723,611;';Y;NA;4;4;Unknown;Unknown;;None;;;';IFH_BATCH;'26/03/2020 14:53:02;;Y;;;;'26/03/2020 14:34:24;2;1831047;;BU;1;';';';';';Y;;COMM;HANDELSZAAK - COMMERCE;NA;;;';;';;Y;;;;'26/03/2020 14:34:24
;;;Zoning;6807712;'20200127134349;W03-C-Antwerpen-West-FH08;6807712;'20200127134349;W03-C-Antwerpen-West-FH08;19085;FTTH-Cu;;';';;;;;;;664326;'20200326153544;2025176;'1630000;'22002;Nationalestraat;'63;';2000;Antwerpen;;'152119,166;'211723,611;';Y;NA;4;4;Unknown;Unknown;;None;;;';IFH_BATCH;'26/03/2020 14:53:02;;Y;;;;'26/03/2020 14:34:24;3;1831048;;BU;1;';';';';';Y;;COMM;HANDELSZAAK - COMMERCE;NA;;;';;';;Y;;;;'26/03/2020 14:34:24
;;;Zoning;6807712;'20200127134349;W03-C-Antwerpen-West-FH08;6807712;'20200127134349;W03-C-Antwerpen-West-FH08;19085;FTTH-Cu;;';';;;;;;;664326;'20200326153544;2025176;'1630000;'22002;Nationalestraat;'63;';2000;Antwerpen;;'152119,166;'211723,611;';Y;NA;4;4;Unknown;Unknown;;None;;;';IFH_BATCH;'26/03/2020 14:53:02;;Y;;;;'26/03/2020 14:34:24;4;1831049;;BU;1;';';';';';Y;;COMM;HANDELSZAAK - COMMERCE;NA;;;';;';;Y;;;;'26/03/2020 14:34:24
;;;Zoning;6807712;'20200127134349;W03-C-Antwerpen-West-FH08;6807712;'20200127134349;W03-C-Antwerpen-West-FH08;19085;FTTH-Cu;;';';;;;;;;664327;'20200326153544;2025183;'1630000;'22002;Nationalestraat;'65;';2000;Antwerpen;;'152113,571;'211718,32;';Y;NA;4;4;Unknown;Unknown;;None;;;';IFH_BATCH;'26/03/2020 14:53:04;;Y;;;;'26/03/2020 14:34:24;1;1833691;;BU;1;';';';';';Y;;COMM;HANDELSZAAK - COMMERCE;NA;;;';;';;Y;;;;'26/03/2020 14:34:24
;;;Zoning;6807712;'20200127134349;W03-C-Antwerpen-West-FH08;6807712;'20200127134349;W03-C-Antwerpen-West-FH08;19085;FTTH-Cu;;';';;;;;;;664327;'20200326153544;2025183;'1630000;'22002;Nationalestraat;'65;';2000;Antwerpen;;'152113,571;'211718,32;';Y;NA;4;4;Unknown;Unknown;;None;;;';IFH_BATCH;'26/03/2020 14:53:04;;Y;;;;'26/03/2020 14:34:24;2;1833692;;BU;1;';';';';';Y;;COMM;HANDELSZAAK - COMMERCE;NA;;;';;';;Y;;;;'26/03/2020 14:34:24
;;;Zoning;6807712;'20200127134349;W03-C-Antwerpen-West-FH08;6807712;'20200127134349;W03-C-Antwerpen-West-FH08;19085;FTTH-Cu;;';';;;;;;;664327;'20200326153544;2025183;'1630000;'22002;Nationalestraat;'65;';2000;Antwerpen;;'152113,571;'211718,32;';Y;NA;4;4;Unknown;Unknown;;None;;;';IFH_BATCH;'26/03/2020 14:53:04;;Y;;;;'26/03/2020 14:34:24;3;1833693;;BU;1;';';';';';Y;;COMM;HANDELSZAAK - COMMERCE;NA;;;';;';;Y;;;;'26/03/2020 14:34:24
;;;Zoning;6807712;'20200127134349;W03-C-Antwerpen-West-FH08;6807712;'20200127134349;W03-C-Antwerpen-West-FH08;19085;FTTH-Cu;;';';;;;;;;664329;'20200326153544;2025192;'1630000;'22002;Nationalestraat;'67;';2000;Antwerpen;;'152114,082;'211711,331;';Y;NA;4;4;Unknown;Unknown;;None;;;';IFH_BATCH;'26/03/2020 14:53:06;;Y;;;;'26/03/2020 14:34:24;1;1836189;;BU;1;';';';';';Y;;COMM;HANDELSZAAK - COMMERCE;NA;;;';;';;Y;;;;'26/03/2020 14:34:24
;;;Zoning;6807712;'20200127134349;W03-C-Antwerpen-West-FH08;6807712;'20200127134349;W03-C-Antwerpen-West-FH08;19085;FTTH-Cu;;';';;;;;;;664329;'20200326153544;2025192;'1630000;'22002;Nationalestraat;'67;';2000;Antwerpen;;'152114,082;'211711,331;';Y;NA;4;4;Unknown;Unknown;;None;;;';IFH_BATCH;'26/03/2020 14:53:06;;Y;;;;'26/03/2020 14:34:24;2;1836190;;BU;1;';';';';';Y;;COMM;HANDELSZAAK - COMMERCE;NA;;;';;';;Y;;;;'26/03/2020 14:34:24
;;;Zoning;6807712;'20200127134349;W03-C-Antwerpen-West-FH08;6807712;'20200127134349;W03-C-Antwerpen-West-FH08;19085;FTTH-Cu;;';';;;;;;;664329;'20200326153544;2025192;'1630000;'22002;Nationalestraat;'67;';2000;Antwerpen;;'152114,082;'211711,331;';Y;NA;4;4;Unknown;Unknown;;None;;;';IFH_BATCH;'26/03/2020 14:53:06;;Y;;;;'26/03/2020 14:34:24;3;1836191;;BU;1;';';';';';Y;;COMM;HANDELSZAAK - COMMERCE;NA;;;';;';;Y;;;;'26/03/2020 14:34:24
;;;Zoning;6807712;'20200127134349;W03-C-Antwerpen-West-FH08;6807712;'20200127134349;W03-C-Antwerpen-West-FH08;19085;FTTH-Cu;;';';;;;;;;664330;'20200326153544;2025198;'1630000;'22002;Nationalestraat;'69;';2000;Antwerpen;;'152111,107;'211707,003;';Y;NA;2;4;Unknown;Unknown;;None;;;';IFH_BATCH;'26/03/2020 14:53:08;;Y;;;;'26/03/2020 14:34:24;1;1838326;;BU;1;';';';';';Y;;COMM;HANDELSZAAK - COMMERCE;NA;;;';;';;Y;;;;'26/03/2020 14:34:24
;;;Zoning;6807712;'20200127134349;W03-C-Antwerpen-West-FH08;6807712;'20200127134349;W03-C-Antwerpen-West-FH08;19085;FTTH-Cu;;';';;;;;;;714740;'20200326153559;60897;'1630000;'22002;Nationalestraat;'71;';2000;Antwerpen;;'152108,974;'211702,459;';Y;NA;2;4;Unknown;Unknown;;None;;;';IFH_BATCH;'26/03/2020 14:54:21;;Y;;;;'26/03/2020 14:34:24;1;1844532;;BU;1;';';';';';Y;;COMM;HANDELSZAAK - COMMERCE;NA;;;';;';;Y;;;;'26/03/2020 14:34:24
;;;Zoning;6807712;'20200127134349;W03-C-Antwerpen-West-FH08;6807712;'20200127134349;W03-C-Antwerpen-West-FH08;19085;FTTH-Cu;;';';;;;;;;710610;'20200326153603;49179;'1630000;'22002;Nationalestraat;'73;';2000;Antwerpen;;'152101,834;'211684,149;';Y;NA;4;4;Unknown;Unknown;;None;;;';IFH_BATCH;'26/03/2020 14:54:19;;Y;;;;'26/03/2020 14:34:24;1;1846002;;LU;1;';';';';';Y;#A2/;APPART;DEEL_APP_GEBOUW - PARTIE_IMMEUBLE_APP;APPART;;;';;';;Y;;;;'26/03/2020 14:34:24
;;;Zoning;6807712;'20200127134349;W03-C-Antwerpen-West-FH08;6807712;'20200127134349;W03-C-Antwerpen-West-FH08;19085;FTTH-Cu;;';';;;;;;;710610;'20200326153603;49179;'1630000;'22002;Nationalestraat;'73;';2000;Antwerpen;;'152101,834;'211684,149;';Y;NA;4;4;Unknown;Unknown;;None;;;';IFH_BATCH;'26/03/2020 14:54:19;;Y;;;;'26/03/2020 14:34:24;2;1846056;;LU;1;';';';';';Y;#A3/;APPART;DEEL_APP_GEBOUW - PARTIE_IMMEUBLE_APP;APPART;;;';;';;Y;;;;'26/03/2020 14:34:24
;;;Zoning;6807712;'20200127134349;W03-C-Antwerpen-West-FH08;6807712;'20200127134349;W03-C-Antwerpen-West-FH08;19085;FTTH-Cu;;';';;;;;;;710610;'20200326153603;49179;'1630000;'22002;Nationalestraat;'73;';2000;Antwerpen;;'152101,834;'211684,149;';Y;NA;4;4;Unknown;Unknown;;None;;;';IFH_BATCH;'26/03/2020 14:54:19;;Y;;;;'26/03/2020 14:34:24;3;1846083;;LU;1;';';';';';Y;#A4.5/;APPART;DEEL_APP_GEBOUW - PARTIE_IMMEUBLE_APP;APPART;;;';;';;Y;;;;'26/03/2020 14:34:24
;;;Zoning;6807712;'20200127134349;W03-C-Antwerpen-West-FH08;6807712;'20200127134349;W03-C-Antwerpen-West-FH08;19085;FTTH-Cu;;';';;;;;;;710610;'20200326153603;49179;'1630000;'22002;Nationalestraat;'73;';2000;Antwerpen;;'152101,834;'211684,149;';Y;NA;4;4;Unknown;Unknown;;None;;;';IFH_BATCH;'26/03/2020 14:54:19;;Y;;;;'26/03/2020 14:34:24;4;1846133;;BU;1;';';';';';Y;#HA.GV.1/;APPART;DEEL_APP_GEBOUW - PARTIE_IMMEUBLE_APP;COMM;;;';;';;Y;;;;'26/03/2020 14:34:24
;;;Zoning;6807712;'20200127134349;W03-C-Antwerpen-West-FH08;6807712;'20200127134349;W03-C-Antwerpen-West-FH08;19085;FTTH-Cu;;';';;;;;;;664333;'20200326153544;2025218;'1630000;'22002;Nationalestraat;'75;';2000;Antwerpen;;'152107,862;'211673,93;';Y;NA;4;4;Unknown;Unknown;;None;;;';IFH_BATCH;'26/03/2020 14:53:10;;Y;;;;'26/03/2020 14:34:24;1;1848551;;BU;1;';';';';';Y;;COMM;HANDELSZAAK - COMMERCE;NA;;;';;';;Y;;;;'26/03/2020 14:34:24
;;;Zoning;6807712;'20200127134349;W03-C-Antwerpen-West-FH08;6807712;'20200127134349;W03-C-Antwerpen-West-FH08;19085;FTTH-Cu;;';';;;;;;;664333;'20200326153544;2025218;'1630000;'22002;Nationalestraat;'75;';2000;Antwerpen;;'152107,862;'211673,93;';Y;NA;4;4;Unknown;Unknown;;None;;;';IFH_BATCH;'26/03/2020 14:53:10;;Y;;;;'26/03/2020 14:34:24;2;1848552;;BU;1;';';';';';Y;;COMM;HANDELSZAAK - COMMERCE;NA;;;';;';;Y;;;;'26/03/2020 14:34:24
;;;Zoning;6807712;'20200127134349;W03-C-Antwerpen-West-FH08;6807712;'20200127134349;W03-C-Antwerpen-West-FH08;19085;FTTH-Cu;;';';;;;;;;664333;'20200326153544;2025218;'1630000;'22002;Nationalestraat;'75;';2000;Antwerpen;;'152107,862;'211673,93;';Y;NA;4;4;Unknown;Unknown;;None;;;';IFH_BATCH;'26/03/2020 14:53:10;;Y;;;;'26/03/2020 14:34:24;3;1848553;;BU;1;';';';';';Y;;COMM;HANDELSZAAK - COMMERCE;NA;;;';;';;Y;;;;'26/03/2020 14:34:24
;;;Zoning;6807712;'20200127134349;W03-C-Antwerpen-West-FH08;6807712;'20200127134349;W03-C-Antwerpen-West-FH08;19085;FTTH-Cu;;';';;;;;;;664334;'20200326153544;2025229;'1630000;'22002;Nationalestraat;'77;';2000;Antwerpen;;'152105,914;'211667,868;';Y;NA;4;4;Unknown;Unknown;;None;;;';IFH_BATCH;'26/03/2020 14:53:11;;Y;;;;'26/03/2020 14:34:24;1;1850142;;LU;1;';';';';';Y;#A1/V.A.;APPART;DEEL_APP_GEBOUW - PARTIE_IMMEUBLE_APP;APPART;;;';;';;Y;;;;'26/03/2020 14:34:24
;;;Zoning;6807712;'20200127134349;W03-C-Antwerpen-West-FH08;6807712;'20200127134349;W03-C-Antwerpen-West-FH08;19085;FTTH-Cu;;';';;;;;;;664334;'20200326153544;2025229;'1630000;'22002;Nationalestraat;'77;';2000;Antwerpen;;'152105,914;'211667,868;';Y;NA;4;4;Unknown;Unknown;;None;;;';IFH_BATCH;'26/03/2020 14:53:11;;Y;;;;'26/03/2020 14:34:24;2;1850143;;LU;1;';';';';';Y;#A1/V.V.;APPART;DEEL_APP_GEBOUW - PARTIE_IMMEUBLE_APP;APPART;;;';;';;Y;;;;'26/03/2020 14:34:24
;;;Zoning;6807712;'20200127134349;W03-C-Antwerpen-West-FH08;6807712;'20200127134349;W03-C-Antwerpen-West-FH08;19085;FTTH-Cu;;';';;;;;;;664334;'20200326153544;2025229;'1630000;'22002;Nationalestraat;'77;';2000;Antwerpen;;'152105,914;'211667,868;';Y;NA;4;4;Unknown;Unknown;;None;;;';IFH_BATCH;'26/03/2020 14:53:11;;Y;;;;'26/03/2020 14:34:24;3;1850199;;LU;1;';';';';';Y;#A2/V.A.;APPART;DEEL_APP_GEBOUW - PARTIE_IMMEUBLE_APP;APPART;;;';;';;Y;;;;'26/03/2020 14:34:24
;;;Zoning;6807712;'20200127134349;W03-C-Antwerpen-West-FH08;6807712;'20200127134349;W03-C-Antwerpen-West-FH08;19085;FTTH-Cu;;';';;;;;;;664334;'20200326153544;2025229;'1630000;'22002;Nationalestraat;'77;';2000;Antwerpen;;'152105,914;'211667,868;';Y;NA;4;4;Unknown;Unknown;;None;;;';IFH_BATCH;'26/03/2020 14:53:11;;Y;;;;'26/03/2020 14:34:24;4;1850200;;LU;1;';';';';';Y;#A2/V.V.;APPART;DEEL_APP_GEBOUW - PARTIE_IMMEUBLE_APP;APPART;;;';;';;Y;;;;'26/03/2020 14:34:24
;;;Zoning;6807712;'20200127134349;W03-C-Antwerpen-West-FH08;6807712;'20200127134349;W03-C-Antwerpen-West-FH08;19085;FTTH-Cu;;';';;;;;;;664334;'20200326153544;2025229;'1630000;'22002;Nationalestraat;'77;';2000;Antwerpen;;'152105,914;'211667,868;';Y;NA;4;4;Unknown;Unknown;;None;;;';IFH_BATCH;'26/03/2020 14:53:11;;Y;;;;'26/03/2020 14:34:24;5;1850224;;LU;1;';';';';';Y;#A3/V.A.;APPART;DEEL_APP_GEBOUW - PARTIE_IMMEUBLE_APP;APPART;;;';;';;Y;;;;'26/03/2020 14:34:24
;;;Zoning;6807712;'20200127134349;W03-C-Antwerpen-West-FH08;6807712;'20200127134349;W03-C-Antwerpen-West-FH08;19085;FTTH-Cu;;';';;;;;;;664334;'20200326153544;2025229;'1630000;'22002;Nationalestraat;'77;';2000;Antwerpen;;'152105,914;'211667,868;';Y;NA;4;4;Unknown;Unknown;;None;;;';IFH_BATCH;'26/03/2020 14:53:11;;Y;;;;'26/03/2020 14:34:24;6;1850225;;LU;1;';';';';';Y;#A3/V.V.;APPART;DEEL_APP_GEBOUW - PARTIE_IMMEUBLE_APP;APPART;;;';;';;Y;;;;'26/03/2020 14:34:24
;;;Zoning;6807712;'20200127134349;W03-C-Antwerpen-West-FH08;6807712;'20200127134349;W03-C-Antwerpen-West-FH08;19085;FTTH-Cu;;';';;;;;;;664334;'20200326153544;2025229;'1630000;'22002;Nationalestraat;'77;';2000;Antwerpen;;'152105,914;'211667,868;';Y;NA;4;4;Unknown;Unknown;;None;;;';IFH_BATCH;'26/03/2020 14:53:11;;Y;;;;'26/03/2020 14:34:24;7;1850236;;LU;1;';';';';';Y;#A4/V.V.;APPART;DEEL_APP_GEBOUW - PARTIE_IMMEUBLE_APP;APPART;;;';;';;Y;;;;'26/03/2020 14:34:24
;;;Zoning;6807712;'20200127134349;W03-C-Antwerpen-West-FH08;6807712;'20200127134349;W03-C-Antwerpen-West-FH08;19085;FTTH-Cu;;';';;;;;;;664334;'20200326153544;2025229;'1630000;'22002;Nationalestraat;'77;';2000;Antwerpen;;'152105,914;'211667,868;';Y;NA;4;4;Unknown;Unknown;;None;;;';IFH_BATCH;'26/03/2020 14:53:11;;Y;;;;'26/03/2020 14:34:24;8;1850265;;BU;1;';';';';';Y;#HA.GV/GLV;APPART;DEEL_APP_GEBOUW - PARTIE_IMMEUBLE_APP;COMM;;;';;';;Y;;;;'26/03/2020 14:34:24
;;;Zoning;6807712;'20200127134349;W03-C-Antwerpen-West-FH08;6807712;'20200127134349;W03-C-Antwerpen-West-FH08;19085;FTTH-Cu;;';';;;;;;;664336;'20200326153544;2025249;'1630000;'22002;Nationalestraat;'81;';2000;Antwerpen;;'152102,123;'211654,553;';Y;NA;2;4;Unknown;Unknown;;None;;;';IFH_BATCH;'26/03/2020 14:53:16;;Y;;;;'26/03/2020 14:34:24;1;1858294;;BU;1;';';';';';Y;;COMM;HANDELSZAAK - COMMERCE;NA;;;';;';;Y;;;;'26/03/2020 14:34:24
;;;Zoning;6807712;'20200127134349;W03-C-Antwerpen-West-FH08;6807712;'20200127134349;W03-C-Antwerpen-West-FH08;19085;FTTH-Cu;;';';;;;;;;31647922;'20200326153555;6347538;'1630000;'22002;Nationalestraat;'81;'A;2000;Antwerpen;;'152102;'211654;';Y;NA;2;4;Unknown;Unknown;;None;;;';SSV_IMPORT;'26/03/2020 14:39:40;;Y;;;;'26/03/2020 14:34:24;1;11341329;;LU;1;';';';';';;;;;;;;';SSV_IMPORT;'26/03/2020 14:39:41;;Y;;;;'26/03/2020 14:34:24
;;;Zoning;6807712;'20200127134349;W03-C-Antwerpen-West-FH08;6807712;'20200127134349;W03-C-Antwerpen-West-FH08;19085;FTTH-Cu;;';';;;;;;;664337;'20200326153544;2025257;'1630000;'22002;Nationalestraat;'83;';2000;Antwerpen;;'152099,559;'211647,721;';Y;NA;4;4;Unknown;Unknown;;None;;;';IFH_BATCH;'26/03/2020 14:53:18;;Y;;;;'26/03/2020 14:34:24;1;1859534;;LU;1;';';';';';Y;#A1/A/;APPART;DEEL_APP_GEBOUW - PARTIE_IMMEUBLE_APP;APPART;;;';;';;Y;;;;'26/03/2020 14:34:24
;;;Zoning;6807712;'20200127134349;W03-C-Antwerpen-West-FH08;6807712;'20200127134349;W03-C-Antwerpen-West-FH08;19085;FTTH-Cu;;';';;;;;;;664337;'20200326153544;2025257;'1630000;'22002;Nationalestraat;'83;';2000;Antwerpen;;'152099,559;'211647,721;';Y;NA;4;4;Unknown;Unknown;;None;;;';IFH_BATCH;'26/03/2020 14:53:18;;Y;;;;'26/03/2020 14:34:24;2;1859537;;LU;1;';';';';';Y;#A1/B/;APPART;DEEL_APP_GEBOUW - PARTIE_IMMEUBLE_APP;APPART;;;';;';;Y;;;;'26/03/2020 14:34:24
;;;Zoning;6807712;'20200127134349;W03-C-Antwerpen-West-FH08;6807712;'20200127134349;W03-C-Antwerpen-West-FH08;19085;FTTH-Cu;;';';;;;;;;664337;'20200326153544;2025257;'1630000;'22002;Nationalestraat;'83;';2000;Antwerpen;;'152099,559;'211647,721;';Y;NA;4;4;Unknown;Unknown;;None;;;';IFH_BATCH;'26/03/2020 14:53:18;;Y;;;;'26/03/2020 14:34:24;3;1859540;;LU;1;';';';';';Y;#A1/C/;APPART;DEEL_APP_GEBOUW - PARTIE_IMMEUBLE_APP;APPART;;;';;';;Y;;;;'26/03/2020 14:34:24
;;;Zoning;6807712;'20200127134349;W03-C-Antwerpen-West-FH08;6807712;'20200127134349;W03-C-Antwerpen-West-FH08;19085;FTTH-Cu;;';';;;;;;;664337;'20200326153544;2025257;'1630000;'22002;Nationalestraat;'83;';2000;Antwerpen;;'152099,559;'211647,721;';Y;NA;4;4;Unknown;Unknown;;None;;;';IFH_BATCH;'26/03/2020 14:53:18;;Y;;;;'26/03/2020 14:34:24;4;1859543;;LU;1;';';';';';Y;#A1/D/;APPART;DEEL_APP_GEBOUW - PARTIE_IMMEUBLE_APP;APPART;;;';;';;Y;;;;'26/03/2020 14:34:24
;;;Zoning;6807712;'20200127134349;W03-C-Antwerpen-West-FH08;6807712;'20200127134349;W03-C-Antwerpen-West-FH08;19085;FTTH-Cu;;';';;;;;;;664337;'20200326153544;2025257;'1630000;'22002;Nationalestraat;'83;';2000;Antwerpen;;'152099,559;'211647,721;';Y;NA;4;4;Unknown;Unknown;;None;;;';IFH_BATCH;'26/03/2020 14:53:18;;Y;;;;'26/03/2020 14:34:24;5;1859622;;LU;1;';';';';';Y;#A2/A/;APPART;DEEL_APP_GEBOUW - PARTIE_IMMEUBLE_APP;APPART;;;';;';;Y;;;;'26/03/2020 14:34:24
;;;Zoning;6807712;'20200127134349;W03-C-Antwerpen-West-FH08;6807712;'20200127134349;W03-C-Antwerpen-West-FH08;19085;FTTH-Cu;;';';;;;;;;664337;'20200326153544;2025257;'1630000;'22002;Nationalestraat;'83;';2000;Antwerpen;;'152099,559;'211647,721;';Y;NA;4;4;Unknown;Unknown;;None;;;';IFH_BATCH;'26/03/2020 14:53:18;;Y;;;;'26/03/2020 14:34:24;6;1859626;;LU;1;';';';';';Y;#A2/B/;APPART;DEEL_APP_GEBOUW - PARTIE_IMMEUBLE_APP;APPART;;;';;';;Y;;;;'26/03/2020 14:34:24
;;;Zoning;6807712;'20200127134349;W03-C-Antwerpen-West-FH08;6807712;'20200127134349;W03-C-Antwerpen-West-FH08;19085;FTTH-Cu;;';';;;;;;;664337;'20200326153544;2025257;'1630000;'22002;Nationalestraat;'83;';2000;Antwerpen;;'152099,559;'211647,721;';Y;NA;4;4;Unknown;Unknown;;None;;;';IFH_BATCH;'26/03/2020 14:53:18;;Y;;;;'26/03/2020 14:34:24;7;1859627;;LU;1;';';';';';Y;#A2/C/;APPART;DEEL_APP_GEBOUW - PARTIE_IMMEUBLE_APP;APPART;;;';;';;Y;;;;'26/03/2020 14:34:24
;;;Zoning;6807712;'20200127134349;W03-C-Antwerpen-West-FH08;6807712;'20200127134349;W03-C-Antwerpen-West-FH08;19085;FTTH-Cu;;';';;;;;;;664337;'20200326153544;2025257;'1630000;'22002;Nationalestraat;'83;';2000;Antwerpen;;'152099,559;'211647,721;';Y;NA;4;4;Unknown;Unknown;;None;;;';IFH_BATCH;'26/03/2020 14:53:18;;Y;;;;'26/03/2020 14:34:24;8;1859629;;LU;1;';';';';';Y;#A2/D;APPART;DEEL_APP_GEBOUW - PARTIE_IMMEUBLE_APP;APPART;;;';;';;Y;;;;'26/03/2020 14:34:24
;;;Zoning;6807712;'20200127134349;W03-C-Antwerpen-West-FH08;6807712;'20200127134349;W03-C-Antwerpen-West-FH08;19085;FTTH-Cu;;';';;;;;;;664337;'20200326153544;2025257;'1630000;'22002;Nationalestraat;'83;';2000;Antwerpen;;'152099,559;'211647,721;';Y;NA;4;4;Unknown;Unknown;;None;;;';IFH_BATCH;'26/03/2020 14:53:18;;Y;;;;'26/03/2020 14:34:24;9;1859664;;LU;1;';';';';';Y;#A3/A/;APPART;DEEL_APP_GEBOUW - PARTIE_IMMEUBLE_APP;APPART;;;';;';;Y;;;;'26/03/2020 14:34:24
;;;Zoning;6807712;'20200127134349;W03-C-Antwerpen-West-FH08;6807712;'20200127134349;W03-C-Antwerpen-West-FH08;19085;FTTH-Cu;;';';;;;;;;664337;'20200326153544;2025257;'1630000;'22002;Nationalestraat;'83;';2000;Antwerpen;;'152099,559;'211647,721;';Y;NA;4;4;Unknown;Unknown;;None;;;';IFH_BATCH;'26/03/2020 14:53:18;;Y;;;;'26/03/2020 14:34:24;10;1859666;;LU;1;';';';';';Y;#A3/B/;APPART;DEEL_APP_GEBOUW - PARTIE_IMMEUBLE_APP;APPART;;;';;';;Y;;;;'26/03/2020 14:34:24
;;;Zoning;6807712;'20200127134349;W03-C-Antwerpen-West-FH08;6807712;'20200127134349;W03-C-Antwerpen-West-FH08;19085;FTTH-Cu;;';';;;;;;;664337;'20200326153544;2025257;'1630000;'22002;Nationalestraat;'83;';2000;Antwerpen;;'152099,559;'211647,721;';Y;NA;4;4;Unknown;Unknown;;None;;;';IFH_BATCH;'26/03/2020 14:53:18;;Y;;;;'26/03/2020 14:34:24;11;1859667;;LU;1;';';';';';Y;#A3/C/;APPART;DEEL_APP_GEBOUW - PARTIE_IMMEUBLE_APP;APPART;;;';;';;Y;;;;'26/03/2020 14:34:24
;;;Zoning;6807712;'20200127134349;W03-C-Antwerpen-West-FH08;6807712;'20200127134349;W03-C-Antwerpen-West-FH08;19085;FTTH-Cu;;';';;;;;;;664337;'20200326153544;2025257;'1630000;'22002;Nationalestraat;'83;';2000;Antwerpen;;'152099,559;'211647,721;';Y;NA;4;4;Unknown;Unknown;;None;;;';IFH_BATCH;'26/03/2020 14:53:18;;Y;;;;'26/03/2020 14:34:24;12;1859669;;LU;1;';';';';';Y;#A3/D/;APPART;DEEL_APP_GEBOUW - PARTIE_IMMEUBLE_APP;APPART;;;';;';;Y;;;;'26/03/2020 14:34:24
;;;Zoning;6807712;'20200127134349;W03-C-Antwerpen-West-FH08;6807712;'20200127134349;W03-C-Antwerpen-West-FH08;19085;FTTH-Cu;;';';;;;;;;664337;'20200326153544;2025257;'1630000;'22002;Nationalestraat;'83;';2000;Antwerpen;;'152099,559;'211647,721;';Y;NA;4;4;Unknown;Unknown;;None;;;';IFH_BATCH;'26/03/2020 14:53:18;;Y;;;;'26/03/2020 14:34:24;13;1859686;;LU;1;';';';';';Y;#A4/A/;APPART;DEEL_APP_GEBOUW - PARTIE_IMMEUBLE_APP;APPART;;;';;';;Y;;;;'26/03/2020 14:34:24
;;;Zoning;6807712;'20200127134349;W03-C-Antwerpen-West-FH08;6807712;'20200127134349;W03-C-Antwerpen-West-FH08;19085;FTTH-Cu;;';';;;;;;;664337;'20200326153544;2025257;'1630000;'22002;Nationalestraat;'83;';2000;Antwerpen;;'152099,559;'211647,721;';Y;NA;4;4;Unknown;Unknown;;None;;;';IFH_BATCH;'26/03/2020 14:53:18;;Y;;;;'26/03/2020 14:34:24;14;1859688;;LU;1;';';';';';Y;#A4/B/;APPART;DEEL_APP_GEBOUW - PARTIE_IMMEUBLE_APP;APPART;;;';;';;Y;;;;'26/03/2020 14:34:24
;;;Zoning;6807712;'20200127134349;W03-C-Antwerpen-West-FH08;6807712;'20200127134349;W03-C-Antwerpen-West-FH08;19085;FTTH-Cu;;';';;;;;;;664337;'20200326153544;2025257;'1630000;'22002;Nationalestraat;'83;';2000;Antwerpen;;'152099,559;'211647,721;';Y;NA;4;4;Unknown;Unknown;;None;;;';IFH_BATCH;'26/03/2020 14:53:18;;Y;;;;'26/03/2020 14:34:24;15;1859690;;LU;1;';';';';';Y;#A4/C/;APPART;DEEL_APP_GEBOUW - PARTIE_IMMEUBLE_APP;APPART;;;';;';;Y;;;;'26/03/2020 14:34:24
;;;Zoning;6807712;'20200127134349;W03-C-Antwerpen-West-FH08;6807712;'20200127134349;W03-C-Antwerpen-West-FH08;19085;FTTH-Cu;;';';;;;;;;664337;'20200326153544;2025257;'1630000;'22002;Nationalestraat;'83;';2000;Antwerpen;;'152099,559;'211647,721;';Y;NA;4;4;Unknown;Unknown;;None;;;';IFH_BATCH;'26/03/2020 14:53:18;;Y;;;;'26/03/2020 14:34:24;16;1859692;;LU;1;';';';';';Y;#A4/D/;APPART;DEEL_APP_GEBOUW - PARTIE_IMMEUBLE_APP;APPART;;;';;';;Y;;;;'26/03/2020 14:34:24
;;;Zoning;6807712;'20200127134349;W03-C-Antwerpen-West-FH08;6807712;'20200127134349;W03-C-Antwerpen-West-FH08;19085;FTTH-Cu;;';';;;;;;;664337;'20200326153544;2025257;'1630000;'22002;Nationalestraat;'83;';2000;Antwerpen;;'152099,559;'211647,721;';Y;NA;4;4;Unknown;Unknown;;None;;;';IFH_BATCH;'26/03/2020 14:53:18;;Y;;;;'26/03/2020 14:34:24;17;1859694;;LU;1;';';';';';Y;#A4/E/;APPART;DEEL_APP_GEBOUW - PARTIE_IMMEUBLE_APP;APPART;;;';;';;Y;;;;'26/03/2020 14:34:24
;;;Zoning;6807712;'20200127134349;W03-C-Antwerpen-West-FH08;6807712;'20200127134349;W03-C-Antwerpen-West-FH08;19085;FTTH-Cu;;';';;;;;;;664337;'20200326153544;2025257;'1630000;'22002;Nationalestraat;'83;';2000;Antwerpen;;'152099,559;'211647,721;';Y;NA;4;4;Unknown;Unknown;;None;;;';IFH_BATCH;'26/03/2020 14:53:18;;Y;;;;'26/03/2020 14:34:24;18;1859717;;LU;1;';';';';';Y;#A5/ZOLDER/;APPART;DEEL_APP_GEBOUW - PARTIE_IMMEUBLE_APP;APPART;;;';;';;Y;;;;'26/03/2020 14:34:24
;;;Zoning;6807712;'20200127134349;W03-C-Antwerpen-West-FH08;6807712;'20200127134349;W03-C-Antwerpen-West-FH08;19085;FTTH-Cu;;';';;;;;;;664337;'20200326153544;2025257;'1630000;'22002;Nationalestraat;'83;';2000;Antwerpen;;'152099,559;'211647,721;';Y;NA;4;4;Unknown;Unknown;;None;;;';IFH_BATCH;'26/03/2020 14:53:18;;Y;;;;'26/03/2020 14:34:24;19;1859778;;BU;1;';';';';';Y;#HA.GV/KA.B.C;APPART;DEEL_APP_GEBOUW - PARTIE_IMMEUBLE_APP;COMM;;;';;';;Y;;;;'26/03/2020 14:34:24
;;;Zoning;6807712;'20200127134349;W03-C-Antwerpen-West-FH08;6807712;'20200127134349;W03-C-Antwerpen-West-FH08;19085;FTTH-Cu;;';';;;;;;;664338;'20200326153544;2025261;'1630000;'22002;Nationalestraat;'85;';2000;Antwerpen;;'152096,955;'211640,54;';Y;NA;4;4;Unknown;Unknown;;None;;;';IFH_BATCH;'26/03/2020 14:53:20;;Y;;;;'26/03/2020 14:34:24;1;1861672;;BU;1;';';';';';Y;;COMM;HANDELSZAAK - COMMERCE;NA;;;';;';;Y;;;;'26/03/2020 14:34:24
;;;Zoning;6807712;'20200127134349;W03-C-Antwerpen-West-FH08;6807712;'20200127134349;W03-C-Antwerpen-West-FH08;19085;FTTH-Cu;;';';;;;;;;664338;'20200326153544;2025261;'1630000;'22002;Nationalestraat;'85;';2000;Antwerpen;;'152096,955;'211640,54;';Y;NA;4;4;Unknown;Unknown;;None;;;';IFH_BATCH;'26/03/2020 14:53:20;;Y;;;;'26/03/2020 14:34:24;2;1861673;;BU;1;';';';';';Y;;COMM;HANDELSZAAK - COMMERCE;NA;;;';;';;Y;;;;'26/03/2020 14:34:24
;;;Zoning;6807712;'20200127134349;W03-C-Antwerpen-West-FH08;6807712;'20200127134349;W03-C-Antwerpen-West-FH08;19085;FTTH-Cu;;';';;;;;;;664338;'20200326153544;2025261;'1630000;'22002;Nationalestraat;'85;';2000;Antwerpen;;'152096,955;'211640,54;';Y;NA;4;4;Unknown;Unknown;;None;;;';IFH_BATCH;'26/03/2020 14:53:20;;Y;;;;'26/03/2020 14:34:24;3;1861674;;BU;1;';';';';';Y;;COMM;HANDELSZAAK - COMMERCE;NA;;;';;';;Y;;;;'26/03/2020 14:34:24
;;;Zoning;6807712;'20200127134349;W03-C-Antwerpen-West-FH08;6807712;'20200127134349;W03-C-Antwerpen-West-FH08;19085;FTTH-Cu;;';';;;;;;;664338;'20200326153544;2025261;'1630000;'22002;Nationalestraat;'85;';2000;Antwerpen;;'152096,955;'211640,54;';Y;NA;4;4;Unknown;Unknown;;None;;;';IFH_BATCH;'26/03/2020 14:53:20;;Y;;;;'26/03/2020 14:34:24;4;1861675;;BU;1;';';';';';Y;;COMM;HANDELSZAAK - COMMERCE;NA;;;';;';;Y;;;;'26/03/2020 14:34:24
;;;Zoning;6807712;'20200127134349;W03-C-Antwerpen-West-FH08;6807712;'20200127134349;W03-C-Antwerpen-West-FH08;19085;FTTH-Cu;;';';;;;;;;664338;'20200326153544;2025261;'1630000;'22002;Nationalestraat;'85;';2000;Antwerpen;;'152096,955;'211640,54;';Y;NA;4;4;Unknown;Unknown;;None;;;';IFH_BATCH;'26/03/2020 14:53:20;;Y;;;;'26/03/2020 14:34:24;5;1861676;;BU;1;';';';';';Y;;COMM;HANDELSZAAK - COMMERCE;NA;;;';;';;Y;;;;'26/03/2020 14:34:24
;;;Zoning;6807712;'20200127134349;W03-C-Antwerpen-West-FH08;6807712;'20200127134349;W03-C-Antwerpen-West-FH08;19085;FTTH-Cu;;';';;;;;;;710609;'20200326153603;49178;'1630000;'22002;Nationalestraat;'89;';2000;Antwerpen;;'152084,747;'211627,614;';Y;NA;2;4;Unknown;Unknown;;None;;;';IFH_BATCH;'26/03/2020 14:54:17;;Y;;;;'26/03/2020 14:34:24;1;1864678;;BU;1;';';';';';Y;;COMM;HANDELSZAAK - COMMERCE;NA;;;';;';;Y;;;;'26/03/2020 14:34:24
;;;Zoning;6807712;'20200127134349;W03-C-Antwerpen-West-FH08;6807712;'20200127134349;W03-C-Antwerpen-West-FH08;19085;FTTH-Cu;;';';;;;;;;31647929;'20200326153555;49177;'1630000;'22002;Nationalestraat;'91;';2000;Antwerpen;;'152079;'211599;';Y;NA;2;4;Unknown;Unknown;;None;;;';SSV_IMPORT;'26/03/2020 14:39:47;;Y;;;;'26/03/2020 14:34:24;1;11341330;;LU;1;';';';';';;;;;;;;';SSV_IMPORT;'26/03/2020 14:39:48;;Y;;;;'26/03/2020 14:34:24
;;;Zoning;6807712;'20200127134349;W03-C-Antwerpen-West-FH08;6807712;'20200127134349;W03-C-Antwerpen-West-FH08;19085;FTTH-Cu;;';';;;;;;;31647933;'20200326153555;4507753;'1630000;'22002;Nationalestraat;'93;';2000;Antwerpen;;'152084;'211599;';Y;NA;2;4;Unknown;Unknown;;None;;;';SSV_IMPORT;'26/03/2020 14:39:51;;Y;;;;'26/03/2020 14:34:24;1;11341331;;LU;1;';';';';';;;;;;;;';SSV_IMPORT;'26/03/2020 14:39:52;;Y;;;;'26/03/2020 14:34:24
;;;Zoning;6807712;'20200127134349;W03-C-Antwerpen-West-FH08;6807712;'20200127134349;W03-C-Antwerpen-West-FH08;19085;FTTH-Cu;;';';;;;;;;31647934;'20200326153555;4507755;'1630000;'22002;Nationalestraat;'95;';2000;Antwerpen;;'152084;'211599;';Y;NA;2;4;Unknown;Unknown;;None;;;';SSV_IMPORT;'26/03/2020 14:39:56;;Y;;;;'26/03/2020 14:34:24;1;11341332;;LU;1;';';';';';;;;;;;;';SSV_IMPORT;'26/03/2020 14:39:57;;Y;;;;'26/03/2020 14:34:24
;;;Zoning;6807712;'20200127134349;W03-C-Antwerpen-West-FH08;6807712;'20200127134349;W03-C-Antwerpen-West-FH08;19085;FTTH-Cu;;';';;;;;;;664345;'20200326153544;2025311;'1630000;'22002;Nationalestraat;'97;';2000;Antwerpen;;'152077,686;'211594,226;';Y;NA;4;4;Unknown;Unknown;;None;;;';IFH_BATCH;'26/03/2020 14:53:24;;Y;;;;'26/03/2020 14:34:24;1;1873903;;BU;1;';';';';';Y;;COMM;HANDELSZAAK - COMMERCE;NA;;;';;';;Y;;;;'26/03/2020 14:34:24
;;;Zoning;6807712;'20200127134349;W03-C-Antwerpen-West-FH08;6807712;'20200127134349;W03-C-Antwerpen-West-FH08;19085;FTTH-Cu;;';';;;;;;;664345;'20200326153544;2025311;'1630000;'22002;Nationalestraat;'97;';2000;Antwerpen;;'152077,686;'211594,226;';Y;NA;4;4;Unknown;Unknown;;None;;;';IFH_BATCH;'26/03/2020 14:53:24;;Y;;;;'26/03/2020 14:34:24;2;1873904;;BU;1;';';';';';Y;;COMM;HANDELSZAAK - COMMERCE;NA;;;';;';;Y;;;;'26/03/2020 14:34:24
;;;Zoning;6807712;'20200127134349;W03-C-Antwerpen-West-FH08;6807712;'20200127134349;W03-C-Antwerpen-West-FH08;19085;FTTH-Cu;;';';;;;;;;664345;'20200326153544;2025311;'1630000;'22002;Nationalestraat;'97;';2000;Antwerpen;;'152077,686;'211594,226;';Y;NA;4;4;Unknown;Unknown;;None;;;';IFH_BATCH;'26/03/2020 14:53:24;;Y;;;;'26/03/2020 14:34:24;3;1873905;;BU;1;';';';';';Y;;COMM;HANDELSZAAK - COMMERCE;NA;;;';;';;Y;;;;'26/03/2020 14:34:24
;;;Zoning;6807712;'20200127134349;W03-C-Antwerpen-West-FH08;6807712;'20200127134349;W03-C-Antwerpen-West-FH08;19085;FTTH-Cu;;';';;;;;;;664345;'20200326153544;2025311;'1630000;'22002;Nationalestraat;'97;';2000;Antwerpen;;'152077,686;'211594,226;';Y;NA;4;4;Unknown;Unknown;;None;;;';IFH_BATCH;'26/03/2020 14:53:24;;Y;;;;'26/03/2020 14:34:24;4;1873906;;BU;1;';';';';';Y;;COMM;HANDELSZAAK - COMMERCE;NA;;;';;';;Y;;;;'26/03/2020 14:34:24
;;;Zoning;6807712;'20200127134349;W03-C-Antwerpen-West-FH08;6807712;'20200127134349;W03-C-Antwerpen-West-FH08;19085;FTTH-Cu;;';';;;;;;;664345;'20200326153544;2025311;'1630000;'22002;Nationalestraat;'97;';2000;Antwerpen;;'152077,686;'211594,226;';Y;NA;4;4;Unknown;Unknown;;None;;;';IFH_BATCH;'26/03/2020 14:53:24;;Y;;;;'26/03/2020 14:34:24;5;1873907;;BU;1;';';';';';Y;;COMM;HANDELSZAAK - COMMERCE;NA;;;';;';;Y;;;;'26/03/2020 14:34:24
;;;Zoning;6807712;'20200127134349;W03-C-Antwerpen-West-FH08;6807712;'20200127134349;W03-C-Antwerpen-West-FH08;19085;FTTH-Cu;;';';;;;;;;664345;'20200326153544;2025311;'1630000;'22002;Nationalestraat;'97;';2000;Antwerpen;;'152077,686;'211594,226;';Y;NA;4;4;Unknown;Unknown;;None;;;';IFH_BATCH;'26/03/2020 14:53:24;;Y;;;;'26/03/2020 14:34:24;6;1873908;;BU;1;';';';';';Y;;COMM;HANDELSZAAK - COMMERCE;NA;;;';;';;Y;;;;'26/03/2020 14:34:24
;;;Zoning;6807712;'20200127134349;W03-C-Antwerpen-West-FH08;6807712;'20200127134349;W03-C-Antwerpen-West-FH08;19085;FTTH-Cu;;';';;;;;;;664345;'20200326153544;2025311;'1630000;'22002;Nationalestraat;'97;';2000;Antwerpen;;'152077,686;'211594,226;';Y;NA;4;4;Unknown;Unknown;;None;;;';IFH_BATCH;'26/03/2020 14:53:24;;Y;;;;'26/03/2020 14:34:24;7;1873909;;BU;1;';';';';';Y;;COMM;HANDELSZAAK - COMMERCE;NA;;;';;';;Y;;;;'26/03/2020 14:34:24
;;;Zoning;6807712;'20200127134349;W03-C-Antwerpen-West-FH08;6807712;'20200127134349;W03-C-Antwerpen-West-FH08;19085;FTTH-Cu;;';';;;;;;;664346;'20200326153545;2025316;'1630000;'22002;Nationalestraat;'99;';2000;Antwerpen;;'152075,97;'211588,406;';Y;NA;4;4;Unknown;Unknown;;None;;;';IFH_BATCH;'26/03/2020 14:53:26;;Y;;;;'26/03/2020 14:34:24;1;1875462;;BU;1;';';';';';Y;;COMM;HANDELSZAAK - COMMERCE;NA;;;';;';;Y;;;;'26/03/2020 14:34:24
;;;Zoning;6807712;'20200127134349;W03-C-Antwerpen-West-FH08;6807712;'20200127134349;W03-C-Antwerpen-West-FH08;19085;FTTH-Cu;;';';;;;;;;664346;'20200326153545;2025316;'1630000;'22002;Nationalestraat;'99;';2000;Antwerpen;;'152075,97;'211588,406;';Y;NA;4;4;Unknown;Unknown;;None;;;';IFH_BATCH;'26/03/2020 14:53:26;;Y;;;;'26/03/2020 14:34:24;2;1875463;;BU;1;';';';';';Y;;COMM;HANDELSZAAK - COMMERCE;NA;;;';;';;Y;;;;'26/03/2020 14:34:24
;;;Zoning;6807712;'20200127134349;W03-C-Antwerpen-West-FH08;6807712;'20200127134349;W03-C-Antwerpen-West-FH08;19085;FTTH-Cu;;';';;;;;;;664346;'20200326153545;2025316;'1630000;'22002;Nationalestraat;'99;';2000;Antwerpen;;'152075,97;'211588,406;';Y;NA;4;4;Unknown;Unknown;;None;;;';IFH_BATCH;'26/03/2020 14:53:26;;Y;;;;'26/03/2020 14:34:24;3;1875464;;BU;1;';';';';';Y;;COMM;HANDELSZAAK - COMMERCE;NA;;;';;';;Y;;;;'26/03/2020 14:34:24
;;;Zoning;6807712;'20200127134349;W03-C-Antwerpen-West-FH08;6807712;'20200127134349;W03-C-Antwerpen-West-FH08;19085;FTTH-Cu;;';';;;;;;;664346;'20200326153545;2025316;'1630000;'22002;Nationalestraat;'99;';2000;Antwerpen;;'152075,97;'211588,406;';Y;NA;4;4;Unknown;Unknown;;None;;;';IFH_BATCH;'26/03/2020 14:53:26;;Y;;;;'26/03/2020 14:34:24;4;1875465;;BU;1;';';';';';Y;;COMM;HANDELSZAAK - COMMERCE;NA;;;';;';;Y;;;;'26/03/2020 14:34:24
;;;Zoning;6807712;'20200127134349;W03-C-Antwerpen-West-FH08;6807712;'20200127134349;W03-C-Antwerpen-West-FH08;19085;FTTH-Cu;;';';;;;;;;664347;'20200326153545;2025323;'1630000;'22002;Nationalestraat;'101;';2000;Antwerpen;;'152074,377;'211583,811;';Y;NA;2;4;Unknown;Unknown;;None;;;';IFH_BATCH;'26/03/2020 14:53:28;;Y;;;;'26/03/2020 14:34:24;1;1623204;;BU;1;';';';';';Y;;COMM;HANDELSZAAK - COMMERCE;NA;;;';;';;Y;;;;'26/03/2020 14:34:24
;;;Zoning;6807712;'20200127134349;W03-C-Antwerpen-West-FH08;6807712;'20200127134349;W03-C-Antwerpen-West-FH08;19085;FTTH-Cu;;';';;;;;;;664348;'20200326153545;2025328;'1630000;'22002;Nationalestraat;'103;';2000;Antwerpen;;'152072,723;'211579,277;';Y;NA;4;4;Unknown;Unknown;;None;;;';IFH_BATCH;'26/03/2020 14:53:31;;Y;;;;'26/03/2020 14:34:24;1;1623975;;LU;1;';';';';';Y;#A1/K2;APPART;DEEL_APP_GEBOUW - PARTIE_IMMEUBLE_APP;APPART;;;';;';;Y;;;;'26/03/2020 14:34:24
;;;Zoning;6807712;'20200127134349;W03-C-Antwerpen-West-FH08;6807712;'20200127134349;W03-C-Antwerpen-West-FH08;19085;FTTH-Cu;;';';;;;;;;664348;'20200326153545;2025328;'1630000;'22002;Nationalestraat;'103;';2000;Antwerpen;;'152072,723;'211579,277;';Y;NA;4;4;Unknown;Unknown;;None;;;';IFH_BATCH;'26/03/2020 14:53:31;;Y;;;;'26/03/2020 14:34:24;2;1624048;;LU;1;';';';';';Y;#A2/K3;APPART;DEEL_APP_GEBOUW - PARTIE_IMMEUBLE_APP;APPART;;;';;';;Y;;;;'26/03/2020 14:34:24
;;;Zoning;6807712;'20200127134349;W03-C-Antwerpen-West-FH08;6807712;'20200127134349;W03-C-Antwerpen-West-FH08;19085;FTTH-Cu;;';';;;;;;;664348;'20200326153545;2025328;'1630000;'22002;Nationalestraat;'103;';2000;Antwerpen;;'152072,723;'211579,277;';Y;NA;4;4;Unknown;Unknown;;None;;;';IFH_BATCH;'26/03/2020 14:53:31;;Y;;;;'26/03/2020 14:34:24;3;1624077;;LU;1;';';';';';Y;#A3/K4;APPART;DEEL_APP_GEBOUW - PARTIE_IMMEUBLE_APP;APPART;;;';;';;Y;;;;'26/03/2020 14:34:24
;;;Zoning;6807712;'20200127134349;W03-C-Antwerpen-West-FH08;6807712;'20200127134349;W03-C-Antwerpen-West-FH08;19085;FTTH-Cu;;';';;;;;;;664348;'20200326153545;2025328;'1630000;'22002;Nationalestraat;'103;';2000;Antwerpen;;'152072,723;'211579,277;';Y;NA;4;4;Unknown;Unknown;;None;;;';IFH_BATCH;'26/03/2020 14:53:31;;Y;;;;'26/03/2020 14:34:24;4;1624094;;LU;1;';';';';';Y;#A4/K5;APPART;DEEL_APP_GEBOUW - PARTIE_IMMEUBLE_APP;APPART;;;';;';;Y;;;;'26/03/2020 14:34:24
;;;Zoning;6807712;'20200127134349;W03-C-Antwerpen-West-FH08;6807712;'20200127134349;W03-C-Antwerpen-West-FH08;19085;FTTH-Cu;;';';;;;;;;664348;'20200326153545;2025328;'1630000;'22002;Nationalestraat;'103;';2000;Antwerpen;;'152072,723;'211579,277;';Y;NA;4;4;Unknown;Unknown;;None;;;';IFH_BATCH;'26/03/2020 14:53:31;;Y;;;;'26/03/2020 14:34:24;5;1624150;;BU;1;';';';';';Y;#HA.GV/K1;APPART;DEEL_APP_GEBOUW - PARTIE_IMMEUBLE_APP;COMM;;;';;';;Y;;;;'26/03/2020 14:34:24
;;;Zoning;6807712;'20200127134349;W03-C-Antwerpen-West-FH08;6807712;'20200127134349;W03-C-Antwerpen-West-FH08;19085;FTTH-Cu;;';';;;;;;;664350;'20200326153545;2025337;'1630000;'22002;Nationalestraat;'105;';2000;Antwerpen;;'152071,13;'211574,621;';Y;NA;4;4;Unknown;Unknown;;None;;;';IFH_BATCH;'26/03/2020 14:53:33;;Y;;;;'26/03/2020 14:34:24;1;1625516;;BU;1;';';';';';Y;;COMM;HANDELSZAAK - COMMERCE;NA;;;';;';;Y;;;;'26/03/2020 14:34:24
;;;Zoning;6807712;'20200127134349;W03-C-Antwerpen-West-FH08;6807712;'20200127134349;W03-C-Antwerpen-West-FH08;19085;FTTH-Cu;;';';;;;;;;664350;'20200326153545;2025337;'1630000;'22002;Nationalestraat;'105;';2000;Antwerpen;;'152071,13;'211574,621;';Y;NA;4;4;Unknown;Unknown;;None;;;';IFH_BATCH;'26/03/2020 14:53:33;;Y;;;;'26/03/2020 14:34:24;2;1625517;;BU;1;';';';';';Y;;COMM;HANDELSZAAK - COMMERCE;NA;;;';;';;Y;;;;'26/03/2020 14:34:24
;;;Zoning;6807712;'20200127134349;W03-C-Antwerpen-West-FH08;6807712;'20200127134349;W03-C-Antwerpen-West-FH08;19085;FTTH-Cu;;';';;;;;;;664350;'20200326153545;2025337;'1630000;'22002;Nationalestraat;'105;';2000;Antwerpen;;'152071,13;'211574,621;';Y;NA;4;4;Unknown;Unknown;;None;;;';IFH_BATCH;'26/03/2020 14:53:33;;Y;;;;'26/03/2020 14:34:24;3;1625518;;BU;1;';';';';';Y;;COMM;HANDELSZAAK - COMMERCE;NA;;;';;';;Y;;;;'26/03/2020 14:34:24
;;;Zoning;6807712;'20200127134349;W03-C-Antwerpen-West-FH08;6807712;'20200127134349;W03-C-Antwerpen-West-FH08;19085;FTTH-Cu;;';';;;;;;;664350;'20200326153545;2025337;'1630000;'22002;Nationalestraat;'105;';2000;Antwerpen;;'152071,13;'211574,621;';Y;NA;4;4;Unknown;Unknown;;None;;;';IFH_BATCH;'26/03/2020 14:53:33;;Y;;;;'26/03/2020 14:34:24;4;1625519;;BU;1;';';';';';Y;;COMM;HANDELSZAAK - COMMERCE;NA;;;';;';;Y;;;;'26/03/2020 14:34:24
;;;Zoning;6807712;'20200127134349;W03-C-Antwerpen-West-FH08;6807712;'20200127134349;W03-C-Antwerpen-West-FH08;19085;FTTH-Cu;;';';;;;;;;31647936;'20200326153555;6440080;'1630000;'22002;Nationalestraat;'105;'A;2000;Antwerpen;;'152073;'211573;';Y;NA;2;4;Unknown;Unknown;;None;;;';SSV_IMPORT;'26/03/2020 14:40:02;;Y;;;;'26/03/2020 14:34:24;1;11341333;;LU;1;';';';';';;;;;;;;';SSV_IMPORT;'26/03/2020 14:40:03;;Y;;;;'26/03/2020 14:34:24
;;;Zoning;6807712;'20200127134349;W03-C-Antwerpen-West-FH08;6807712;'20200127134349;W03-C-Antwerpen-West-FH08;19085;FTTH-Cu;;';';;;;;;;664352;'20200326153545;2025341;'1630000;'22002;Nationalestraat;'107;';2000;Antwerpen;;'152067,515;'211564,94;';Y;NA;4;4;Unknown;Unknown;;None;;;';IFH_BATCH;'26/03/2020 14:53:35;;Y;;;;'26/03/2020 14:34:24;1;1626701;;BU;1;';';';';';Y;;COMM;HANDELSZAAK - COMMERCE;NA;;;';;';;Y;;;;'26/03/2020 14:34:24
;;;Zoning;6807712;'20200127134349;W03-C-Antwerpen-West-FH08;6807712;'20200127134349;W03-C-Antwerpen-West-FH08;19085;FTTH-Cu;;';';;;;;;;664352;'20200326153545;2025341;'1630000;'22002;Nationalestraat;'107;';2000;Antwerpen;;'152067,515;'211564,94;';Y;NA;4;4;Unknown;Unknown;;None;;;';IFH_BATCH;'26/03/2020 14:53:35;;Y;;;;'26/03/2020 14:34:24;2;1626702;;BU;1;';';';';';Y;;COMM;HANDELSZAAK - COMMERCE;NA;;;';;';;Y;;;;'26/03/2020 14:34:24
;;;Zoning;6807712;'20200127134349;W03-C-Antwerpen-West-FH08;6807712;'20200127134349;W03-C-Antwerpen-West-FH08;19085;FTTH-Cu;;';';;;;;;;664352;'20200326153545;2025341;'1630000;'22002;Nationalestraat;'107;';2000;Antwerpen;;'152067,515;'211564,94;';Y;NA;4;4;Unknown;Unknown;;None;;;';IFH_BATCH;'26/03/2020 14:53:35;;Y;;;;'26/03/2020 14:34:24;3;1626703;;BU;1;';';';';';Y;;COMM;HANDELSZAAK - COMMERCE;NA;;;';;';;Y;;;;'26/03/2020 14:34:24
;;;Zoning;6807712;'20200127134349;W03-C-Antwerpen-West-FH08;6807712;'20200127134349;W03-C-Antwerpen-West-FH08;19085;FTTH-Cu;;';';;;;;;;664352;'20200326153545;2025341;'1630000;'22002;Nationalestraat;'107;';2000;Antwerpen;;'152067,515;'211564,94;';Y;NA;4;4;Unknown;Unknown;;None;;;';IFH_BATCH;'26/03/2020 14:53:35;;Y;;;;'26/03/2020 14:34:24;4;1626704;;BU;1;';';';';';Y;;COMM;HANDELSZAAK - COMMERCE;NA;;;';;';;Y;;;;'26/03/2020 14:34:24
;;;Zoning;6807712;'20200127134349;W03-C-Antwerpen-West-FH08;6807712;'20200127134349;W03-C-Antwerpen-West-FH08;19085;FTTH-Cu;;';';;;;;;;31647937;'20200326153555;2025350;'1630000;'22002;Nationalestraat;'109;';2000;Antwerpen;;'152068;'211563;';Y;NA;2;4;Unknown;Unknown;;None;;;';SSV_IMPORT;'26/03/2020 14:40:11;;Y;;;;'26/03/2020 14:34:24;1;11341334;;LU;1;';';';';';;;;;;;;';SSV_IMPORT;'26/03/2020 14:40:12;;Y;;;;'26/03/2020 14:34:24
;;;Zoning;6807712;'20200127134349;W03-C-Antwerpen-West-FH08;6807712;'20200127134349;W03-C-Antwerpen-West-FH08;19085;FTTH-Cu;;';';;;;;;;615858;'20200326153606;1297934;'1630000;'22002;Nationalestraat;'111;';2000;Antwerpen;;'152120,366;'211551,7;';Y;NA;4;4;Unknown;Unknown;;None;;;';IFH_BATCH;'26/03/2020 14:52:22;;Y;;;;'26/03/2020 14:34:24;1;1633136;;BU;1;';';';';';Y;;OFFICE;KANTOORGEBOUW - BATIMENT DE BUREAU;NA;;;';;';;Y;;;;'26/03/2020 14:34:24
;;;Zoning;6807712;'20200127134349;W03-C-Antwerpen-West-FH08;6807712;'20200127134349;W03-C-Antwerpen-West-FH08;19085;FTTH-Cu;;';';;;;;;;615858;'20200326153606;1297934;'1630000;'22002;Nationalestraat;'111;';2000;Antwerpen;;'152120,366;'211551,7;';Y;NA;4;4;Unknown;Unknown;;None;;;';IFH_BATCH;'26/03/2020 14:52:22;;Y;;;;'26/03/2020 14:34:24;2;1633137;;BU;1;';';';';';Y;;OFFICE;KANTOORGEBOUW - BATIMENT DE BUREAU;NA;;;';;';;Y;;;;'26/03/2020 14:34:24
;;;Zoning;6807712;'20200127134349;W03-C-Antwerpen-West-FH08;6807712;'20200127134349;W03-C-Antwerpen-West-FH08;19085;FTTH-Cu;;';';;;;;;;31647938;'20200326153555;4507779;'1630000;'22002;Nationalestraat;'113;';2000;Antwerpen;;'152086;'211560;';Y;NA;2;4;Unknown;Unknown;;None;;;';SSV_IMPORT;'26/03/2020 14:40:20;;Y;;;;'26/03/2020 14:34:24;1;11341335;;LU;1;';';';';';;;;;;;;';SSV_IMPORT;'26/03/2020 14:40:21;;Y;;;;'26/03/2020 14:34:24
;;;Zoning;6807712;'20200127134349;W03-C-Antwerpen-West-FH08;6807712;'20200127134349;W03-C-Antwerpen-West-FH08;19085;FTTH-Cu;;';';;;;;;;706717;'20200326153601;4507781;'1630000;'22002;Nationalestraat;'117;';2000;Antwerpen;;'152060,347;'211537,002;';Y;NA;2;4;Unknown;Unknown;;None;;;';IFH_BATCH;'26/03/2020 14:54:03;;Y;;;;'26/03/2020 14:34:24;1;1636377;;BU;1;';';';';';Y;;OFFICE;KANTOORGEBOUW - BATIMENT DE BUREAU;NA;;;';;';;Y;;;;'26/03/2020 14:34:24
;;;Zoning;6807712;'20200127134349;W03-C-Antwerpen-West-FH08;6807712;'20200127134349;W03-C-Antwerpen-West-FH08;19085;FTTH-Cu;;';';;;;;;;31647943;'20200326153555;5576033;'1630000;'22002;Nationalestraat;'119;';2000;Antwerpen;;'152059;'211535;';Y;NA;2;4;Unknown;Unknown;;None;;;';SSV_IMPORT;'26/03/2020 14:40:26;;Y;;;;'26/03/2020 14:34:24;1;11341336;;LU;1;';';';';';;;;;;;;';SSV_IMPORT;'26/03/2020 14:40:27;;Y;;;;'26/03/2020 14:34:24
;;;Zoning;6807712;'20200127134349;W03-C-Antwerpen-West-FH08;6807712;'20200127134349;W03-C-Antwerpen-West-FH08;19085;FTTH-Cu;;';';;;;;;;31647948;'20200326153555;4507759;'1630000;'22002;Nationalestraat;'121;';2000;Antwerpen;;'152054;'211532;';Y;NA;2;4;Unknown;Unknown;;None;;;';SSV_IMPORT;'26/03/2020 14:40:32;;Y;;;;'26/03/2020 14:34:24;1;11341337;;LU;1;';';';';';;;;;;;;';SSV_IMPORT;'26/03/2020 14:40:33;;Y;;;;'26/03/2020 14:34:24
;;;Zoning;6807712;'20200127134349;W03-C-Antwerpen-West-FH08;6807712;'20200127134349;W03-C-Antwerpen-West-FH08;19085;FTTH-Cu;;';';;;;;;;617843;'20200326153608;1408016;'1630000;'22002;Nationalestraat;'123;';2000;Antwerpen;;'152059,183;'211525,913;';Y;NA;4;4;Unknown;Unknown;;None;;;';IFH_BATCH;'26/03/2020 14:52:26;;Y;;;;'26/03/2020 14:34:24;1;1642680;;LU;1;';';';';';Y;#A1/123-1-1/;APPART;DEEL_APP_GEBOUW - PARTIE_IMMEUBLE_APP;APPART;;;';;';;Y;;;;'26/03/2020 14:34:24
;;;Zoning;6807712;'20200127134349;W03-C-Antwerpen-West-FH08;6807712;'20200127134349;W03-C-Antwerpen-West-FH08;19085;FTTH-Cu;;';';;;;;;;617843;'20200326153608;1408016;'1630000;'22002;Nationalestraat;'123;';2000;Antwerpen;;'152059,183;'211525,913;';Y;NA;4;4;Unknown;Unknown;;None;;;';IFH_BATCH;'26/03/2020 14:52:26;;Y;;;;'26/03/2020 14:34:24;2;1642681;;LU;1;';';';';';Y;#A1/123-1-2/;APPART;DEEL_APP_GEBOUW - PARTIE_IMMEUBLE_APP;APPART;;;';;';;Y;;;;'26/03/2020 14:34:24
;;;Zoning;6807712;'20200127134349;W03-C-Antwerpen-West-FH08;6807712;'20200127134349;W03-C-Antwerpen-West-FH08;19085;FTTH-Cu;;';';;;;;;;617843;'20200326153608;1408016;'1630000;'22002;Nationalestraat;'123;';2000;Antwerpen;;'152059,183;'211525,913;';Y;NA;4;4;Unknown;Unknown;;None;;;';IFH_BATCH;'26/03/2020 14:52:26;;Y;;;;'26/03/2020 14:34:24;3;1642682;;LU;1;';';';';';Y;#A1/123-1-3/;APPART;DEEL_APP_GEBOUW - PARTIE_IMMEUBLE_APP;APPART;;;';;';;Y;;;;'26/03/2020 14:34:24
;;;Zoning;6807712;'20200127134349;W03-C-Antwerpen-West-FH08;6807712;'20200127134349;W03-C-Antwerpen-West-FH08;19085;FTTH-Cu;;';';;;;;;;617843;'20200326153608;1408016;'1630000;'22002;Nationalestraat;'123;';2000;Antwerpen;;'152059,183;'211525,913;';Y;NA;4;4;Unknown;Unknown;;None;;;';IFH_BATCH;'26/03/2020 14:52:26;;Y;;;;'26/03/2020 14:34:24;4;1642683;;LU;1;';';';';';Y;#A1/125/129-1-1/;APPART;DEEL_APP_GEBOUW - PARTIE_IMMEUBLE_APP;APPART;;;';;';;Y;;;;'26/03/2020 14:34:24
;;;Zoning;6807712;'20200127134349;W03-C-Antwerpen-West-FH08;6807712;'20200127134349;W03-C-Antwerpen-West-FH08;19085;FTTH-Cu;;';';;;;;;;617843;'20200326153608;1408016;'1630000;'22002;Nationalestraat;'123;';2000;Antwerpen;;'152059,183;'211525,913;';Y;NA;4;4;Unknown;Unknown;;None;;;';IFH_BATCH;'26/03/2020 14:52:26;;Y;;;;'26/03/2020 14:34:24;5;1642684;;LU;1;';';';';';Y;#A1/125/129-1-2/K.129-1.K-129-2/;APPART;DEEL_APP_GEBOUW - PARTIE_IMMEUBLE_APP;APPART;;;';;';;Y;;;;'26/03/2020 14:34:24
;;;Zoning;6807712;'20200127134349;W03-C-Antwerpen-West-FH08;6807712;'20200127134349;W03-C-Antwerpen-West-FH08;19085;FTTH-Cu;;';';;;;;;;617843;'20200326153608;1408016;'1630000;'22002;Nationalestraat;'123;';2000;Antwerpen;;'152059,183;'211525,913;';Y;NA;4;4;Unknown;Unknown;;None;;;';IFH_BATCH;'26/03/2020 14:52:26;;Y;;;;'26/03/2020 14:34:24;6;1642706;;LU;1;';';';';';Y;#A2/123-2-1/;APPART;DEEL_APP_GEBOUW - PARTIE_IMMEUBLE_APP;APPART;;;';;';;Y;;;;'26/03/2020 14:34:24
;;;Zoning;6807712;'20200127134349;W03-C-Antwerpen-West-FH08;6807712;'20200127134349;W03-C-Antwerpen-West-FH08;19085;FTTH-Cu;;';';;;;;;;617843;'20200326153608;1408016;'1630000;'22002;Nationalestraat;'123;';2000;Antwerpen;;'152059,183;'211525,913;';Y;NA;4;4;Unknown;Unknown;;None;;;';IFH_BATCH;'26/03/2020 14:52:26;;Y;;;;'26/03/2020 14:34:24;7;1642707;;LU;1;';';';';';Y;#A2/123-2-2/;APPART;DEEL_APP_GEBOUW - PARTIE_IMMEUBLE_APP;APPART;;;';;';;Y;;;;'26/03/2020 14:34:24
;;;Zoning;6807712;'20200127134349;W03-C-Antwerpen-West-FH08;6807712;'20200127134349;W03-C-Antwerpen-West-FH08;19085;FTTH-Cu;;';';;;;;;;617843;'20200326153608;1408016;'1630000;'22002;Nationalestraat;'123;';2000;Antwerpen;;'152059,183;'211525,913;';Y;NA;4;4;Unknown;Unknown;;None;;;';IFH_BATCH;'26/03/2020 14:52:26;;Y;;;;'26/03/2020 14:34:24;8;1642708;;LU;1;';';';';';Y;#A2/123-2-3/;APPART;DEEL_APP_GEBOUW - PARTIE_IMMEUBLE_APP;APPART;;;';;';;Y;;;;'26/03/2020 14:34:24
;;;Zoning;6807712;'20200127134349;W03-C-Antwerpen-West-FH08;6807712;'20200127134349;W03-C-Antwerpen-West-FH08;19085;FTTH-Cu;;';';;;;;;;617843;'20200326153608;1408016;'1630000;'22002;Nationalestraat;'123;';2000;Antwerpen;;'152059,183;'211525,913;';Y;NA;4;4;Unknown;Unknown;;None;;;';IFH_BATCH;'26/03/2020 14:52:26;;Y;;;;'26/03/2020 14:34:24;9;1642709;;LU;1;';';';';';Y;#A2/125/129-2-1/;APPART;DEEL_APP_GEBOUW - PARTIE_IMMEUBLE_APP;APPART;;;';;';;Y;;;;'26/03/2020 14:34:24
;;;Zoning;6807712;'20200127134349;W03-C-Antwerpen-West-FH08;6807712;'20200127134349;W03-C-Antwerpen-West-FH08;19085;FTTH-Cu;;';';;;;;;;617843;'20200326153608;1408016;'1630000;'22002;Nationalestraat;'123;';2000;Antwerpen;;'152059,183;'211525,913;';Y;NA;4;4;Unknown;Unknown;;None;;;';IFH_BATCH;'26/03/2020 14:52:26;;Y;;;;'26/03/2020 14:34:24;10;1642710;;LU;1;';';';';';Y;#A2/125/129-2-2/;APPART;DEEL_APP_GEBOUW - PARTIE_IMMEUBLE_APP;APPART;;;';;';;Y;;;;'26/03/2020 14:34:24
;;;Zoning;6807712;'20200127134349;W03-C-Antwerpen-West-FH08;6807712;'20200127134349;W03-C-Antwerpen-West-FH08;19085;FTTH-Cu;;';';;;;;;;617843;'20200326153608;1408016;'1630000;'22002;Nationalestraat;'123;';2000;Antwerpen;;'152059,183;'211525,913;';Y;NA;4;4;Unknown;Unknown;;None;;;';IFH_BATCH;'26/03/2020 14:52:26;;Y;;;;'26/03/2020 14:34:24;11;1642731;;LU;1;';';';';';Y;#A3/123-3-1/;APPART;DEEL_APP_GEBOUW - PARTIE_IMMEUBLE_APP;APPART;;;';;';;Y;;;;'26/03/2020 14:34:24
;;;Zoning;6807712;'20200127134349;W03-C-Antwerpen-West-FH08;6807712;'20200127134349;W03-C-Antwerpen-West-FH08;19085;FTTH-Cu;;';';;;;;;;617843;'20200326153608;1408016;'1630000;'22002;Nationalestraat;'123;';2000;Antwerpen;;'152059,183;'211525,913;';Y;NA;4;4;Unknown;Unknown;;None;;;';IFH_BATCH;'26/03/2020 14:52:26;;Y;;;;'26/03/2020 14:34:24;12;1642732;;LU;1;';';';';';Y;#A3/125/129-3-1/;APPART;DEEL_APP_GEBOUW - PARTIE_IMMEUBLE_APP;APPART;;;';;';;Y;;;;'26/03/2020 14:34:24
;;;Zoning;6807712;'20200127134349;W03-C-Antwerpen-West-FH08;6807712;'20200127134349;W03-C-Antwerpen-West-FH08;19085;FTTH-Cu;;';';;;;;;;617843;'20200326153608;1408016;'1630000;'22002;Nationalestraat;'123;';2000;Antwerpen;;'152059,183;'211525,913;';Y;NA;4;4;Unknown;Unknown;;None;;;';IFH_BATCH;'26/03/2020 14:52:26;;Y;;;;'26/03/2020 14:34:24;13;1642733;;LU;1;';';';';';Y;#A3/125/129-3-2/;APPART;DEEL_APP_GEBOUW - PARTIE_IMMEUBLE_APP;APPART;;;';;';;Y;;;;'26/03/2020 14:34:24
;;;Zoning;6807712;'20200127134349;W03-C-Antwerpen-West-FH08;6807712;'20200127134349;W03-C-Antwerpen-West-FH08;19085;FTTH-Cu;;';';;;;;;;617843;'20200326153608;1408016;'1630000;'22002;Nationalestraat;'123;';2000;Antwerpen;;'152059,183;'211525,913;';Y;NA;4;4;Unknown;Unknown;;None;;;';IFH_BATCH;'26/03/2020 14:52:26;;Y;;;;'26/03/2020 14:34:24;14;1642749;;LU;1;';';';';';Y;#A4/123-4/;APPART;DEEL_APP_GEBOUW - PARTIE_IMMEUBLE_APP;APPART;;;';;';;Y;;;;'26/03/2020 14:34:24
;;;Zoning;6807712;'20200127134349;W03-C-Antwerpen-West-FH08;6807712;'20200127134349;W03-C-Antwerpen-West-FH08;19085;FTTH-Cu;;';';;;;;;;617843;'20200326153608;1408016;'1630000;'22002;Nationalestraat;'123;';2000;Antwerpen;;'152059,183;'211525,913;';Y;NA;4;4;Unknown;Unknown;;None;;;';IFH_BATCH;'26/03/2020 14:52:26;;Y;;;;'26/03/2020 14:34:24;15;1642750;;LU;1;';';';';';Y;#A4/125/129-4-1/;APPART;DEEL_APP_GEBOUW - PARTIE_IMMEUBLE_APP;APPART;;;';;';;Y;;;;'26/03/2020 14:34:24
;;;Zoning;6807712;'20200127134349;W03-C-Antwerpen-West-FH08;6807712;'20200127134349;W03-C-Antwerpen-West-FH08;19085;FTTH-Cu;;';';;;;;;;617843;'20200326153608;1408016;'1630000;'22002;Nationalestraat;'123;';2000;Antwerpen;;'152059,183;'211525,913;';Y;NA;4;4;Unknown;Unknown;;None;;;';IFH_BATCH;'26/03/2020 14:52:26;;Y;;;;'26/03/2020 14:34:24;16;1642751;;LU;1;';';';';';Y;#A4/125/129-4-2/;APPART;DEEL_APP_GEBOUW - PARTIE_IMMEUBLE_APP;APPART;;;';;';;Y;;;;'26/03/2020 14:34:24
;;;Zoning;6807712;'20200127134349;W03-C-Antwerpen-West-FH08;6807712;'20200127134349;W03-C-Antwerpen-West-FH08;19085;FTTH-Cu;;';';;;;;;;617843;'20200326153608;1408016;'1630000;'22002;Nationalestraat;'123;';2000;Antwerpen;;'152059,183;'211525,913;';Y;NA;4;4;Unknown;Unknown;;None;;;';IFH_BATCH;'26/03/2020 14:52:26;;Y;;;;'26/03/2020 14:34:24;17;1642801;;BU;1;';';';';';Y;#HA.GV/123-0/K123-MAG;APPART;DEEL_APP_GEBOUW - PARTIE_IMMEUBLE_APP;COMM;;;';;';;Y;;;;'26/03/2020 14:34:24
;;;Zoning;6807712;'20200127134349;W03-C-Antwerpen-West-FH08;6807712;'20200127134349;W03-C-Antwerpen-West-FH08;19085;FTTH-Cu;;';';;;;;;;31647949;'20200326153555;4165427;'1630000;'22002;Nationalestraat;'127;';2000;Antwerpen;;'152048;'211515;';Y;NA;2;4;Unknown;Unknown;;None;;;';SSV_IMPORT;'26/03/2020 14:40:37;;Y;;;;'26/03/2020 14:34:24;1;11341338;;LU;1;';';';';';;;;;;;;';SSV_IMPORT;'26/03/2020 14:40:38;;Y;;;;'26/03/2020 14:34:24
;;;Zoning;6807712;'20200127134349;W03-C-Antwerpen-West-FH08;6807712;'20200127134349;W03-C-Antwerpen-West-FH08;19085;FTTH-Cu;;';';;;;;;;617163;'20200326153606;1353278;'1630000;'22002;Nationalestraat;'131;';2000;Antwerpen;;'152052,198;'211503,979;';Y;NA;4;4;Unknown;Unknown;;None;;;';IFH_BATCH;'26/03/2020 14:52:24;;Y;;;;'26/03/2020 14:34:24;1;1649619;;BU;1;';';';';';Y;;COMM;HANDELSZAAK - COMMERCE;NA;;;';;';;Y;;;;'26/03/2020 14:34:24
;;;Zoning;6807712;'20200127134349;W03-C-Antwerpen-West-FH08;6807712;'20200127134349;W03-C-Antwerpen-West-FH08;19085;FTTH-Cu;;';';;;;;;;617163;'20200326153606;1353278;'1630000;'22002;Nationalestraat;'131;';2000;Antwerpen;;'152052,198;'211503,979;';Y;NA;4;4;Unknown;Unknown;;None;;;';IFH_BATCH;'26/03/2020 14:52:24;;Y;;;;'26/03/2020 14:34:24;2;1649620;;LU;1;';';';';';Y;;APTBLD;APPARTEMENTSGEBOUW - IMMEUBLE A APPARTEMENTS;NA;;;';;';;Y;;;;'26/03/2020 14:34:24
;;;Zoning;6807712;'20200127134349;W03-C-Antwerpen-West-FH08;6807712;'20200127134349;W03-C-Antwerpen-West-FH08;19085;FTTH-Cu;;';';;;;;;;617163;'20200326153606;1353278;'1630000;'22002;Nationalestraat;'131;';2000;Antwerpen;;'152052,198;'211503,979;';Y;NA;4;4;Unknown;Unknown;;None;;;';IFH_BATCH;'26/03/2020 14:52:24;;Y;;;;'26/03/2020 14:34:24;3;10362293;;LU;1;';';';';';Y;;APTBLD;APPARTEMENTSGEBOUW - IMMEUBLE A APPARTEMENTS;NA;;;';;';;Y;;;;'26/03/2020 14:34:24
;;;Zoning;6807712;'20200127134349;W03-C-Antwerpen-West-FH08;6807712;'20200127134349;W03-C-Antwerpen-West-FH08;19085;FTTH-Cu;;';';;;;;;;617163;'20200326153606;1353278;'1630000;'22002;Nationalestraat;'131;';2000;Antwerpen;;'152052,198;'211503,979;';Y;NA;4;4;Unknown;Unknown;;None;;;';IFH_BATCH;'26/03/2020 14:52:24;;Y;;;;'26/03/2020 14:34:24;4;10362294;;LU;1;';';';';';Y;;APTBLD;APPARTEMENTSGEBOUW - IMMEUBLE A APPARTEMENTS;NA;;;';;';;Y;;;;'26/03/2020 14:34:24
;;;Zoning;6807712;'20200127134349;W03-C-Antwerpen-West-FH08;6807712;'20200127134349;W03-C-Antwerpen-West-FH08;19085;FTTH-Cu;;';';;;;;;;617163;'20200326153606;1353278;'1630000;'22002;Nationalestraat;'131;';2000;Antwerpen;;'152052,198;'211503,979;';Y;NA;4;4;Unknown;Unknown;;None;;;';IFH_BATCH;'26/03/2020 14:52:24;;Y;;;;'26/03/2020 14:34:24;5;10362295;;LU;1;';';';';';Y;;APTBLD;APPARTEMENTSGEBOUW - IMMEUBLE A APPARTEMENTS;NA;;;';;';;Y;;;;'26/03/2020 14:34:24
;;;Zoning;6807712;'20200127134349;W03-C-Antwerpen-West-FH08;6807712;'20200127134349;W03-C-Antwerpen-West-FH08;19085;FTTH-Cu;;';';;;;;;;617163;'20200326153606;1353278;'1630000;'22002;Nationalestraat;'131;';2000;Antwerpen;;'152052,198;'211503,979;';Y;NA;4;4;Unknown;Unknown;;None;;;';IFH_BATCH;'26/03/2020 14:52:24;;Y;;;;'26/03/2020 14:34:24;6;10362296;;LU;1;';';';';';Y;;APTBLD;APPARTEMENTSGEBOUW - IMMEUBLE A APPARTEMENTS;NA;;;';;';;Y;;;;'26/03/2020 14:34:24
;;;Zoning;6807712;'20200127134349;W03-C-Antwerpen-West-FH08;6807712;'20200127134349;W03-C-Antwerpen-West-FH08;19085;FTTH-Cu;;';';;;;;;;617163;'20200326153606;1353278;'1630000;'22002;Nationalestraat;'131;';2000;Antwerpen;;'152052,198;'211503,979;';Y;NA;4;4;Unknown;Unknown;;None;;;';IFH_BATCH;'26/03/2020 14:52:24;;Y;;;;'26/03/2020 14:34:24;7;10362297;;LU;1;';';';';';Y;;APTBLD;APPARTEMENTSGEBOUW - IMMEUBLE A APPARTEMENTS;NA;;;';;';;Y;;;;'26/03/2020 14:34:24
;;;Zoning;6807712;'20200127134349;W03-C-Antwerpen-West-FH08;6807712;'20200127134349;W03-C-Antwerpen-West-FH08;19085;FTTH-Cu;;';';;;;;;;617163;'20200326153606;1353278;'1630000;'22002;Nationalestraat;'131;';2000;Antwerpen;;'152052,198;'211503,979;';Y;NA;4;4;Unknown;Unknown;;None;;;';IFH_BATCH;'26/03/2020 14:52:24;;Y;;;;'26/03/2020 14:34:24;8;10362298;;LU;1;';';';';';Y;;APTBLD;APPARTEMENTSGEBOUW - IMMEUBLE A APPARTEMENTS;NA;;;';;';;Y;;;;'26/03/2020 14:34:24
;;;Zoning;6807712;'20200127134349;W03-C-Antwerpen-West-FH08;6807712;'20200127134349;W03-C-Antwerpen-West-FH08;19085;FTTH-Cu;;';';;;;;;;617163;'20200326153606;1353278;'1630000;'22002;Nationalestraat;'131;';2000;Antwerpen;;'152052,198;'211503,979;';Y;NA;4;4;Unknown;Unknown;;None;;;';IFH_BATCH;'26/03/2020 14:52:24;;Y;;;;'26/03/2020 14:34:24;9;10362299;;LU;1;';';';';';Y;;APTBLD;APPARTEMENTSGEBOUW - IMMEUBLE A APPARTEMENTS;NA;;;';;';;Y;;;;'26/03/2020 14:34:24
;;;Zoning;6807712;'20200127134349;W03-C-Antwerpen-West-FH08;6807712;'20200127134349;W03-C-Antwerpen-West-FH08;19085;FTTH-Cu;;';';;;;;;;617163;'20200326153606;1353278;'1630000;'22002;Nationalestraat;'131;';2000;Antwerpen;;'152052,198;'211503,979;';Y;NA;4;4;Unknown;Unknown;;None;;;';IFH_BATCH;'26/03/2020 14:52:24;;Y;;;;'26/03/2020 14:34:24;10;10362300;;LU;1;';';';';';Y;;APTBLD;APPARTEMENTSGEBOUW - IMMEUBLE A APPARTEMENTS;NA;;;';;';;Y;;;;'26/03/2020 14:34:24
;;;Zoning;6807712;'20200127134349;W03-C-Antwerpen-West-FH08;6807712;'20200127134349;W03-C-Antwerpen-West-FH08;19085;FTTH-Cu;;';';;;;;;;617163;'20200326153606;1353278;'1630000;'22002;Nationalestraat;'131;';2000;Antwerpen;;'152052,198;'211503,979;';Y;NA;4;4;Unknown;Unknown;;None;;;';IFH_BATCH;'26/03/2020 14:52:24;;Y;;;;'26/03/2020 14:34:24;11;10362301;;LU;1;';';';';';Y;;APTBLD;APPARTEMENTSGEBOUW - IMMEUBLE A APPARTEMENTS;NA;;;';;';;Y;;;;'26/03/2020 14:34:24
;;;Zoning;6807712;'20200127134349;W03-C-Antwerpen-West-FH08;6807712;'20200127134349;W03-C-Antwerpen-West-FH08;19085;FTTH-Cu;;';';;;;;;;664361;'20200326153545;2025445;'1630000;'22002;Nationalestraat;'133;';2000;Antwerpen;;'152049,809;'211497,362;';Y;NA;4;4;Unknown;Unknown;;None;;;';IFH_BATCH;'26/03/2020 14:53:41;;Y;;;;'26/03/2020 14:34:24;1;1650355;;BU;1;';';';';';Y;;COMM;HANDELSZAAK - COMMERCE;NA;;;';;';;Y;;;;'26/03/2020 14:34:24
;;;Zoning;6807712;'20200127134349;W03-C-Antwerpen-West-FH08;6807712;'20200127134349;W03-C-Antwerpen-West-FH08;19085;FTTH-Cu;;';';;;;;;;664361;'20200326153545;2025445;'1630000;'22002;Nationalestraat;'133;';2000;Antwerpen;;'152049,809;'211497,362;';Y;NA;4;4;Unknown;Unknown;;None;;;';IFH_BATCH;'26/03/2020 14:53:41;;Y;;;;'26/03/2020 14:34:24;2;1650356;;BU;1;';';';';';Y;;COMM;HANDELSZAAK - COMMERCE;NA;;;';;';;Y;;;;'26/03/2020 14:34:24
;;;Zoning;6807712;'20200127134349;W03-C-Antwerpen-West-FH08;6807712;'20200127134349;W03-C-Antwerpen-West-FH08;19085;FTTH-Cu;;';';;;;;;;664361;'20200326153545;2025445;'1630000;'22002;Nationalestraat;'133;';2000;Antwerpen;;'152049,809;'211497,362;';Y;NA;4;4;Unknown;Unknown;;None;;;';IFH_BATCH;'26/03/2020 14:53:41;;Y;;;;'26/03/2020 14:34:24;3;1650357;;BU;1;';';';';';Y;;COMM;HANDELSZAAK - COMMERCE;NA;;;';;';;Y;;;;'26/03/2020 14:34:24
;;;Zoning;6807712;'20200127134349;W03-C-Antwerpen-West-FH08;6807712;'20200127134349;W03-C-Antwerpen-West-FH08;19085;FTTH-Cu;;';';;;;;;;664361;'20200326153545;2025445;'1630000;'22002;Nationalestraat;'133;';2000;Antwerpen;;'152049,809;'211497,362;';Y;NA;4;4;Unknown;Unknown;;None;;;';IFH_BATCH;'26/03/2020 14:53:41;;Y;;;;'26/03/2020 14:34:24;4;1650358;;BU;1;';';';';';Y;;COMM;HANDELSZAAK - COMMERCE;NA;;;';;';;Y;;;;'26/03/2020 14:34:24
;;;Zoning;6807712;'20200127134349;W03-C-Antwerpen-West-FH08;6807712;'20200127134349;W03-C-Antwerpen-West-FH08;19085;FTTH-Cu;;';';;;;;;;31647951;'20200326153555;6347506;'1630000;'22002;Nationalestraat;'133;'A;2000;Antwerpen;;'152056;'211494;';Y;NA;2;4;Unknown;Unknown;;None;;;';SSV_IMPORT;'26/03/2020 14:40:42;;Y;;;;'26/03/2020 14:34:24;1;11341339;;LU;1;';';';';';;;;;;;;';SSV_IMPORT;'26/03/2020 14:40:43;;Y;;;;'26/03/2020 14:34:24
;;;Zoning;6807712;'20200127134349;W03-C-Antwerpen-West-FH08;6807712;'20200127134349;W03-C-Antwerpen-West-FH08;19085;FTTH-Cu;;';';;;;;;;664363;'20200326153545;2025464;'1630000;'22002;Nationalestraat;'135;';2000;Antwerpen;;'152047,91;'211491,235;';Y;NA;4;4;Unknown;Unknown;;None;;;';IFH_BATCH;'26/03/2020 14:53:43;;Y;;;;'26/03/2020 14:34:24;1;1651089;;BU;1;';';';';';Y;;COMM;HANDELSZAAK - COMMERCE;NA;;;';;';;Y;;;;'26/03/2020 14:34:24
;;;Zoning;6807712;'20200127134349;W03-C-Antwerpen-West-FH08;6807712;'20200127134349;W03-C-Antwerpen-West-FH08;19085;FTTH-Cu;;';';;;;;;;664363;'20200326153545;2025464;'1630000;'22002;Nationalestraat;'135;';2000;Antwerpen;;'152047,91;'211491,235;';Y;NA;4;4;Unknown;Unknown;;None;;;';IFH_BATCH;'26/03/2020 14:53:43;;Y;;;;'26/03/2020 14:34:24;2;1651090;;BU;1;';';';';';Y;;COMM;HANDELSZAAK - COMMERCE;NA;;;';;';;Y;;;;'26/03/2020 14:34:24
;;;Zoning;6807712;'20200127134349;W03-C-Antwerpen-West-FH08;6807712;'20200127134349;W03-C-Antwerpen-West-FH08;19085;FTTH-Cu;;';';;;;;;;664363;'20200326153545;2025464;'1630000;'22002;Nationalestraat;'135;';2000;Antwerpen;;'152047,91;'211491,235;';Y;NA;4;4;Unknown;Unknown;;None;;;';IFH_BATCH;'26/03/2020 14:53:43;;Y;;;;'26/03/2020 14:34:24;3;1651091;;BU;1;';';';';';Y;;COMM;HANDELSZAAK - COMMERCE;NA;;;';;';;Y;;;;'26/03/2020 14:34:24
;;;Zoning;6807712;'20200127134349;W03-C-Antwerpen-West-FH08;6807712;'20200127134349;W03-C-Antwerpen-West-FH08;19085;FTTH-Cu;;';';;;;;;;664363;'20200326153545;2025464;'1630000;'22002;Nationalestraat;'135;';2000;Antwerpen;;'152047,91;'211491,235;';Y;NA;4;4;Unknown;Unknown;;None;;;';IFH_BATCH;'26/03/2020 14:53:43;;Y;;;;'26/03/2020 14:34:24;4;1651092;;BU;1;';';';';';Y;;COMM;HANDELSZAAK - COMMERCE;NA;;;';;';;Y;;;;'26/03/2020 14:34:24
;;;Zoning;6807712;'20200127134349;W03-C-Antwerpen-West-FH08;6807712;'20200127134349;W03-C-Antwerpen-West-FH08;19085;FTTH-Cu;;';';;;;;;;664363;'20200326153545;2025464;'1630000;'22002;Nationalestraat;'135;';2000;Antwerpen;;'152047,91;'211491,235;';Y;NA;4;4;Unknown;Unknown;;None;;;';IFH_BATCH;'26/03/2020 14:53:43;;Y;;;;'26/03/2020 14:34:24;5;1651093;;BU;1;';';';';';Y;;COMM;HANDELSZAAK - COMMERCE;NA;;;';;';;Y;;;;'26/03/2020 14:34:24
;;;Zoning;6807712;'20200127134349;W03-C-Antwerpen-West-FH08;6807712;'20200127134349;W03-C-Antwerpen-West-FH08;19085;FTTH-Cu;;';';;;;;;;664363;'20200326153545;2025464;'1630000;'22002;Nationalestraat;'135;';2000;Antwerpen;;'152047,91;'211491,235;';Y;NA;4;4;Unknown;Unknown;;None;;;';IFH_BATCH;'26/03/2020 14:53:43;;Y;;;;'26/03/2020 14:34:24;6;1651094;;BU;1;';';';';';Y;;COMM;HANDELSZAAK - COMMERCE;NA;;;';;';;Y;;;;'26/03/2020 14:34:24
;;;Zoning;6807712;'20200127134349;W03-C-Antwerpen-West-FH08;6807712;'20200127134349;W03-C-Antwerpen-West-FH08;19085;FTTH-Cu;;';';;;;;;;664365;'20200326153545;2025467;'1630000;'22002;Nationalestraat;'137;';2000;Antwerpen;;'152045,949;'211485,599;';Y;NA;4;4;Unknown;Unknown;;None;;;';IFH_BATCH;'26/03/2020 14:53:45;;Y;;;;'26/03/2020 14:34:24;1;1651863;;BU;1;';';';';';Y;;COMM;HANDELSZAAK - COMMERCE;NA;;;';;';;Y;;;;'26/03/2020 14:34:24
;;;Zoning;6807712;'20200127134349;W03-C-Antwerpen-West-FH08;6807712;'20200127134349;W03-C-Antwerpen-West-FH08;19085;FTTH-Cu;;';';;;;;;;664365;'20200326153545;2025467;'1630000;'22002;Nationalestraat;'137;';2000;Antwerpen;;'152045,949;'211485,599;';Y;NA;4;4;Unknown;Unknown;;None;;;';IFH_BATCH;'26/03/2020 14:53:45;;Y;;;;'26/03/2020 14:34:24;2;1651864;;BU;1;';';';';';Y;;COMM;HANDELSZAAK - COMMERCE;NA;;;';;';;Y;;;;'26/03/2020 14:34:24
;;;Zoning;6807712;'20200127134349;W03-C-Antwerpen-West-FH08;6807712;'20200127134349;W03-C-Antwerpen-West-FH08;19085;FTTH-Cu;;';';;;;;;;664365;'20200326153545;2025467;'1630000;'22002;Nationalestraat;'137;';2000;Antwerpen;;'152045,949;'211485,599;';Y;NA;4;4;Unknown;Unknown;;None;;;';IFH_BATCH;'26/03/2020 14:53:45;;Y;;;;'26/03/2020 14:34:24;3;1651865;;BU;1;';';';';';Y;;COMM;HANDELSZAAK - COMMERCE;NA;;;';;';;Y;;;;'26/03/2020 14:34:24
;;;Zoning;6807712;'20200127134349;W03-C-Antwerpen-West-FH08;6807712;'20200127134349;W03-C-Antwerpen-West-FH08;19085;FTTH-Cu;;';';;;;;;;664365;'20200326153545;2025467;'1630000;'22002;Nationalestraat;'137;';2000;Antwerpen;;'152045,949;'211485,599;';Y;NA;4;4;Unknown;Unknown;;None;;;';IFH_BATCH;'26/03/2020 14:53:45;;Y;;;;'26/03/2020 14:34:24;4;1651866;;BU;1;';';';';';Y;;COMM;HANDELSZAAK - COMMERCE;NA;;;';;';;Y;;;;'26/03/2020 14:34:24
;;;Zoning;6807712;'20200127134349;W03-C-Antwerpen-West-FH08;6807712;'20200127134349;W03-C-Antwerpen-West-FH08;19085;FTTH-Cu;;';';;;;;;;664365;'20200326153545;2025467;'1630000;'22002;Nationalestraat;'137;';2000;Antwerpen;;'152045,949;'211485,599;';Y;NA;4;4;Unknown;Unknown;;None;;;';IFH_BATCH;'26/03/2020 14:53:45;;Y;;;;'26/03/2020 14:34:24;5;1651867;;BU;1;';';';';';Y;;COMM;HANDELSZAAK - COMMERCE;NA;;;';;';;Y;;;;'26/03/2020 14:34:24
;;;Zoning;6807712;'20200127134349;W03-C-Antwerpen-West-FH08;6807712;'20200127134349;W03-C-Antwerpen-West-FH08;19085;FTTH-Cu;;';';;;;;;;664366;'20200326153545;2025471;'1630000;'22002;Nationalestraat;'139;';2000;Antwerpen;;'152043,927;'211480,146;';Y;NA;4;4;Unknown;Unknown;;None;;;';IFH_BATCH;'26/03/2020 14:53:47;;Y;;;;'26/03/2020 14:34:24;1;1652496;;BU;1;';';';';';Y;;COMM;HANDELSZAAK - COMMERCE;NA;;;';;';;Y;;;;'26/03/2020 14:34:24
;;;Zoning;6807712;'20200127134349;W03-C-Antwerpen-West-FH08;6807712;'20200127134349;W03-C-Antwerpen-West-FH08;19085;FTTH-Cu;;';';;;;;;;664366;'20200326153545;2025471;'1630000;'22002;Nationalestraat;'139;';2000;Antwerpen;;'152043,927;'211480,146;';Y;NA;4;4;Unknown;Unknown;;None;;;';IFH_BATCH;'26/03/2020 14:53:47;;Y;;;;'26/03/2020 14:34:24;2;1652497;;BU;1;';';';';';Y;;COMM;HANDELSZAAK - COMMERCE;NA;;;';;';;Y;;;;'26/03/2020 14:34:24
;;;Zoning;6807712;'20200127134349;W03-C-Antwerpen-West-FH08;6807712;'20200127134349;W03-C-Antwerpen-West-FH08;19085;FTTH-Cu;;';';;;;;;;664366;'20200326153545;2025471;'1630000;'22002;Nationalestraat;'139;';2000;Antwerpen;;'152043,927;'211480,146;';Y;NA;4;4;Unknown;Unknown;;None;;;';IFH_BATCH;'26/03/2020 14:53:47;;Y;;;;'26/03/2020 14:34:24;3;1652498;;BU;1;';';';';';Y;;COMM;HANDELSZAAK - COMMERCE;NA;;;';;';;Y;;;;'26/03/2020 14:34:24
;;;Zoning;6807712;'20200127134349;W03-C-Antwerpen-West-FH08;6807712;'20200127134349;W03-C-Antwerpen-West-FH08;19085;FTTH-Cu;;';';;;;;;;664367;'20200326153545;2025480;'1630000;'22002;Nationalestraat;'141;';2000;Antwerpen;;'152042,151;'211474,509;';Y;NA;2;4;Unknown;Unknown;;None;;;';IFH_BATCH;'26/03/2020 14:53:49;;Y;;;;'26/03/2020 14:34:24;1;1656609;;BU;1;';';';';';Y;;COMM;HANDELSZAAK - COMMERCE;NA;;;';;';;Y;;;;'26/03/2020 14:34:24
;;;Zoning;6807712;'20200127134349;W03-C-Antwerpen-West-FH08;6807712;'20200127134349;W03-C-Antwerpen-West-FH08;19085;FTTH-Cu;;';';;;;;;;706716;'20200326153601;4507772;'1630000;'22002;Nationalestraat;'143;';2000;Antwerpen;;'152039,822;'211468,015;';Y;NA;4;4;Unknown;Unknown;;None;;;';IFH_BATCH;'26/03/2020 14:54:01;;Y;;;;'26/03/2020 14:34:24;1;1657318;;LU;1;';';';';';Y;;APTBLD;APPARTEMENTSGEBOUW - IMMEUBLE A APPARTEMENTS;NA;;;';;';;Y;;;;'26/03/2020 14:34:24
;;;Zoning;6807712;'20200127134349;W03-C-Antwerpen-West-FH08;6807712;'20200127134349;W03-C-Antwerpen-West-FH08;19085;FTTH-Cu;;';';;;;;;;706716;'20200326153601;4507772;'1630000;'22002;Nationalestraat;'143;';2000;Antwerpen;;'152039,822;'211468,015;';Y;NA;4;4;Unknown;Unknown;;None;;;';IFH_BATCH;'26/03/2020 14:54:01;;Y;;;;'26/03/2020 14:34:24;2;1657319;;LU;1;';';';';';Y;;APTBLD;APPARTEMENTSGEBOUW - IMMEUBLE A APPARTEMENTS;NA;;;';;';;Y;;;;'26/03/2020 14:34:24
;;;Zoning;6807712;'20200127134349;W03-C-Antwerpen-West-FH08;6807712;'20200127134349;W03-C-Antwerpen-West-FH08;19085;FTTH-Cu;;';';;;;;;;706716;'20200326153601;4507772;'1630000;'22002;Nationalestraat;'143;';2000;Antwerpen;;'152039,822;'211468,015;';Y;NA;4;4;Unknown;Unknown;;None;;;';IFH_BATCH;'26/03/2020 14:54:01;;Y;;;;'26/03/2020 14:34:24;3;1657320;;LU;1;';';';';';Y;;APTBLD;APPARTEMENTSGEBOUW - IMMEUBLE A APPARTEMENTS;NA;;;';;';;Y;;;;'26/03/2020 14:34:24
;;;Zoning;6807712;'20200127134349;W03-C-Antwerpen-West-FH08;6807712;'20200127134349;W03-C-Antwerpen-West-FH08;19085;FTTH-Cu;;';';;;;;;;706716;'20200326153601;4507772;'1630000;'22002;Nationalestraat;'143;';2000;Antwerpen;;'152039,822;'211468,015;';Y;NA;4;4;Unknown;Unknown;;None;;;';IFH_BATCH;'26/03/2020 14:54:01;;Y;;;;'26/03/2020 14:34:24;4;1657321;;LU;1;';';';';';Y;;APTBLD;APPARTEMENTSGEBOUW - IMMEUBLE A APPARTEMENTS;NA;;;';;';;Y;;;;'26/03/2020 14:34:24
;;;Zoning;6807712;'20200127134349;W03-C-Antwerpen-West-FH08;6807712;'20200127134349;W03-C-Antwerpen-West-FH08;19085;FTTH-Cu;;';';;;;;;;31647953;'20200326153555;6347505;'1630000;'22002;Nationalestraat;'143;'A;2000;Antwerpen;;'152034;'211471;';Y;NA;2;4;Unknown;Unknown;;None;;;';SSV_IMPORT;'26/03/2020 14:40:47;;Y;;;;'26/03/2020 14:34:24;1;11341340;;LU;1;';';';';';;;;;;;;';SSV_IMPORT;'26/03/2020 14:40:48;;Y;;;;'26/03/2020 14:34:24
;;;Zoning;6807712;'20200127134349;W03-C-Antwerpen-West-FH08;6807712;'20200127134349;W03-C-Antwerpen-West-FH08;19085;FTTH-Cu;;';';;;;;;;664369;'20200326153545;2025498;'1630000;'22002;Nationalestraat;'145;';2000;Antwerpen;;'152037,739;'211461,092;';Y;NA;4;4;Unknown;Unknown;;None;;;';IFH_BATCH;'26/03/2020 14:53:51;;Y;;;;'26/03/2020 14:34:24;1;1658137;;BU;1;';';';';';Y;;COMM;HANDELSZAAK - COMMERCE;NA;;;';;';;Y;;;;'26/03/2020 14:34:24
;;;Zoning;6807712;'20200127134349;W03-C-Antwerpen-West-FH08;6807712;'20200127134349;W03-C-Antwerpen-West-FH08;19085;FTTH-Cu;;';';;;;;;;664369;'20200326153545;2025498;'1630000;'22002;Nationalestraat;'145;';2000;Antwerpen;;'152037,739;'211461,092;';Y;NA;4;4;Unknown;Unknown;;None;;;';IFH_BATCH;'26/03/2020 14:53:51;;Y;;;;'26/03/2020 14:34:24;2;1658138;;BU;1;';';';';';Y;;COMM;HANDELSZAAK - COMMERCE;NA;;;';;';;Y;;;;'26/03/2020 14:34:24
;;;Zoning;6807712;'20200127134349;W03-C-Antwerpen-West-FH08;6807712;'20200127134349;W03-C-Antwerpen-West-FH08;19085;FTTH-Cu;;';';;;;;;;664369;'20200326153545;2025498;'1630000;'22002;Nationalestraat;'145;';2000;Antwerpen;;'152037,739;'211461,092;';Y;NA;4;4;Unknown;Unknown;;None;;;';IFH_BATCH;'26/03/2020 14:53:51;;Y;;;;'26/03/2020 14:34:24;3;1658139;;BU;1;';';';';';Y;;COMM;HANDELSZAAK - COMMERCE;NA;;;';;';;Y;;;;'26/03/2020 14:34:24
;;;Zoning;6807712;'20200127134349;W03-C-Antwerpen-West-FH08;6807712;'20200127134349;W03-C-Antwerpen-West-FH08;19085;FTTH-Cu;;';';;;;;;;664369;'20200326153545;2025498;'1630000;'22002;Nationalestraat;'145;';2000;Antwerpen;;'152037,739;'211461,092;';Y;NA;4;4;Unknown;Unknown;;None;;;';IFH_BATCH;'26/03/2020 14:53:51;;Y;;;;'26/03/2020 14:34:24;4;10366178;;BU;1;';';';';';Y;;COMM;HANDELSZAAK - COMMERCE;NA;;;';;';;Y;;;;'26/03/2020 14:34:24
;;;Zoning;6807712;'20200127134349;W03-C-Antwerpen-West-FH08;6807712;'20200127134349;W03-C-Antwerpen-West-FH08;19085;FTTH-Cu;;';';;;;;;;664369;'20200326153545;2025498;'1630000;'22002;Nationalestraat;'145;';2000;Antwerpen;;'152037,739;'211461,092;';Y;NA;4;4;Unknown;Unknown;;None;;;';IFH_BATCH;'26/03/2020 14:53:51;;Y;;;;'26/03/2020 14:34:24;5;10366179;;BU;1;';';';';';Y;;COMM;HANDELSZAAK - COMMERCE;NA;;;';;';;Y;;;;'26/03/2020 14:34:24
;;;Zoning;6807712;'20200127134349;W03-C-Antwerpen-West-FH08;6807712;'20200127134349;W03-C-Antwerpen-West-FH08;19085;FTTH-Cu;;';';;;;;;;664371;'20200326153545;2025506;'1630000;'22002;Nationalestraat;'147;';2000;Antwerpen;;'152035,534;'211454,72;';Y;NA;4;4;Unknown;Unknown;;None;;;';IFH_BATCH;'26/03/2020 14:53:53;;Y;;;;'26/03/2020 14:34:24;1;1658972;;BU;1;';';';';';Y;;COMM;HANDELSZAAK - COMMERCE;NA;;;';;';;Y;;;;'26/03/2020 14:34:24
;;;Zoning;6807712;'20200127134349;W03-C-Antwerpen-West-FH08;6807712;'20200127134349;W03-C-Antwerpen-West-FH08;19085;FTTH-Cu;;';';;;;;;;664371;'20200326153545;2025506;'1630000;'22002;Nationalestraat;'147;';2000;Antwerpen;;'152035,534;'211454,72;';Y;NA;4;4;Unknown;Unknown;;None;;;';IFH_BATCH;'26/03/2020 14:53:53;;Y;;;;'26/03/2020 14:34:24;2;1658973;;BU;1;';';';';';Y;;COMM;HANDELSZAAK - COMMERCE;NA;;;';;';;Y;;;;'26/03/2020 14:34:24
;;;Zoning;6807712;'20200127134349;W03-C-Antwerpen-West-FH08;6807712;'20200127134349;W03-C-Antwerpen-West-FH08;19085;FTTH-Cu;;';';;;;;;;664371;'20200326153545;2025506;'1630000;'22002;Nationalestraat;'147;';2000;Antwerpen;;'152035,534;'211454,72;';Y;NA;4;4;Unknown;Unknown;;None;;;';IFH_BATCH;'26/03/2020 14:53:53;;Y;;;;'26/03/2020 14:34:24;3;1658974;;BU;1;';';';';';Y;;COMM;HANDELSZAAK - COMMERCE;NA;;;';;';;Y;;;;'26/03/2020 14:34:24
;;;Zoning;6807712;'20200127134349;W03-C-Antwerpen-West-FH08;6807712;'20200127134349;W03-C-Antwerpen-West-FH08;19085;FTTH-Cu;;';';;;;;;;664371;'20200326153545;2025506;'1630000;'22002;Nationalestraat;'147;';2000;Antwerpen;;'152035,534;'211454,72;';Y;NA;4;4;Unknown;Unknown;;None;;;';IFH_BATCH;'26/03/2020 14:53:53;;Y;;;;'26/03/2020 14:34:24;4;1658975;;BU;1;';';';';';Y;;COMM;HANDELSZAAK - COMMERCE;NA;;;';;';;Y;;;;'26/03/2020 14:34:24
;;;Zoning;6807712;'20200127134349;W03-C-Antwerpen-West-FH08;6807712;'20200127134349;W03-C-Antwerpen-West-FH08;19085;FTTH-Cu;;';';;;;;;;31647960;'20200326153555;6620774;'1630000;'22002;Nationalestraat;'147;'A;2000;Antwerpen;;'152040;'211452;';Y;NA;2;4;Unknown;Unknown;;None;;;';SSV_IMPORT;'26/03/2020 14:40:52;;Y;;;;'26/03/2020 14:34:24;1;11341341;;LU;1;';';';';';;;;;;;;';SSV_IMPORT;'26/03/2020 14:40:53;;Y;;;;'26/03/2020 14:34:24
;;;Zoning;6807712;'20200127134349;W03-C-Antwerpen-West-FH08;6807712;'20200127134349;W03-C-Antwerpen-West-FH08;19085;FTTH-Cu;;';';;;;;;;664372;'20200326153545;2025513;'1630000;'22002;Nationalestraat;'149;';2000;Antwerpen;;'152033,512;'211447,735;';Y;NA;4;4;Unknown;Unknown;;None;;;';IFH_BATCH;'26/03/2020 14:53:55;;Y;;;;'26/03/2020 14:34:24;1;1659305;;LU;1;';';';';';Y;#A1/K6;APPART;DEEL_APP_GEBOUW - PARTIE_IMMEUBLE_APP;APPART;;;';;';;Y;;;;'26/03/2020 14:34:24
;;;Zoning;6807712;'20200127134349;W03-C-Antwerpen-West-FH08;6807712;'20200127134349;W03-C-Antwerpen-West-FH08;19085;FTTH-Cu;;';';;;;;;;664372;'20200326153545;2025513;'1630000;'22002;Nationalestraat;'149;';2000;Antwerpen;;'152033,512;'211447,735;';Y;NA;4;4;Unknown;Unknown;;None;;;';IFH_BATCH;'26/03/2020 14:53:55;;Y;;;;'26/03/2020 14:34:24;2;1659321;;LU;1;';';';';';Y;#A2/K4;APPART;DEEL_APP_GEBOUW - PARTIE_IMMEUBLE_APP;APPART;;;';;';;Y;;;;'26/03/2020 14:34:24
;;;Zoning;6807712;'20200127134349;W03-C-Antwerpen-West-FH08;6807712;'20200127134349;W03-C-Antwerpen-West-FH08;19085;FTTH-Cu;;';';;;;;;;664372;'20200326153545;2025513;'1630000;'22002;Nationalestraat;'149;';2000;Antwerpen;;'152033,512;'211447,735;';Y;NA;4;4;Unknown;Unknown;;None;;;';IFH_BATCH;'26/03/2020 14:53:55;;Y;;;;'26/03/2020 14:34:24;3;1659329;;LU;1;';';';';';Y;#A3/B5;APPART;DEEL_APP_GEBOUW - PARTIE_IMMEUBLE_APP;APPART;;;';;';;Y;;;;'26/03/2020 14:34:24
;;;Zoning;6807712;'20200127134349;W03-C-Antwerpen-West-FH08;6807712;'20200127134349;W03-C-Antwerpen-West-FH08;19085;FTTH-Cu;;';';;;;;;;664372;'20200326153545;2025513;'1630000;'22002;Nationalestraat;'149;';2000;Antwerpen;;'152033,512;'211447,735;';Y;NA;4;4;Unknown;Unknown;;None;;;';IFH_BATCH;'26/03/2020 14:53:55;;Y;;;;'26/03/2020 14:34:24;4;1659333;;LU;1;';';';';';Y;#A4/K5;APPART;DEEL_APP_GEBOUW - PARTIE_IMMEUBLE_APP;APPART;;;';;';;Y;;;;'26/03/2020 14:34:24
;;;Zoning;6807712;'20200127134349;W03-C-Antwerpen-West-FH08;6807712;'20200127134349;W03-C-Antwerpen-West-FH08;19085;FTTH-Cu;;';';;;;;;;664372;'20200326153545;2025513;'1630000;'22002;Nationalestraat;'149;';2000;Antwerpen;;'152033,512;'211447,735;';Y;NA;4;4;Unknown;Unknown;;None;;;';IFH_BATCH;'26/03/2020 14:53:55;;Y;;;;'26/03/2020 14:34:24;5;1659349;;BU;1;';';';';';Y;#HA.GV.1AK.2AK/K1.2.3;APPART;DEEL_APP_GEBOUW - PARTIE_IMMEUBLE_APP;COMM;;;';;';;Y;;;;'26/03/2020 14:34:24
;;;Zoning;6807712;'20200127134349;W03-C-Antwerpen-West-FH08;6807712;'20200127134349;W03-C-Antwerpen-West-FH08;19085;FTTH-Cu;;';';;;;;;;710608;'20200326153603;49175;'1630000;'22002;Nationalestraat;'151;';2000;Antwerpen;;'152031,49;'211441,547;';Y;NA;4;4;Unknown;Unknown;;None;;;';IFH_BATCH;'26/03/2020 14:54:15;;Y;;;;'26/03/2020 14:34:24;1;1663641;;BU;1;';';';';';Y;;COMM;HANDELSZAAK - COMMERCE;NA;;;';;';;Y;;;;'26/03/2020 14:34:24
;;;Zoning;6807712;'20200127134349;W03-C-Antwerpen-West-FH08;6807712;'20200127134349;W03-C-Antwerpen-West-FH08;19085;FTTH-Cu;;';';;;;;;;710608;'20200326153603;49175;'1630000;'22002;Nationalestraat;'151;';2000;Antwerpen;;'152031,49;'211441,547;';Y;NA;4;4;Unknown;Unknown;;None;;;';IFH_BATCH;'26/03/2020 14:54:15;;Y;;;;'26/03/2020 14:34:24;2;1663642;;BU;1;';';';';';Y;;COMM;HANDELSZAAK - COMMERCE;NA;;;';;';;Y;;;;'26/03/2020 14:34:24
;;;Zoning;6807712;'20200127134349;W03-C-Antwerpen-West-FH08;6807712;'20200127134349;W03-C-Antwerpen-West-FH08;19085;FTTH-Cu;;';';;;;;;;710608;'20200326153603;49175;'1630000;'22002;Nationalestraat;'151;';2000;Antwerpen;;'152031,49;'211441,547;';Y;NA;4;4;Unknown;Unknown;;None;;;';IFH_BATCH;'26/03/2020 14:54:15;;Y;;;;'26/03/2020 14:34:24;3;1663643;;BU;1;';';';';';Y;;COMM;HANDELSZAAK - COMMERCE;NA;;;';;';;Y;;;;'26/03/2020 14:34:24
;;;Zoning;6807712;'20200127134349;W03-C-Antwerpen-West-FH08;6807712;'20200127134349;W03-C-Antwerpen-West-FH08;19085;FTTH-Cu;;';';;;;;;;710608;'20200326153603;49175;'1630000;'22002;Nationalestraat;'151;';2000;Antwerpen;;'152031,49;'211441,547;';Y;NA;4;4;Unknown;Unknown;;None;;;';IFH_BATCH;'26/03/2020 14:54:15;;Y;;;;'26/03/2020 14:34:24;4;1663644;;BU;1;';';';';';Y;;COMM;HANDELSZAAK - COMMERCE;NA;;;';;';;Y;;;;'26/03/2020 14:34:24
;;;Zoning;6807712;'20200127134349;W03-C-Antwerpen-West-FH08;6807712;'20200127134349;W03-C-Antwerpen-West-FH08;19085;FTTH-Cu;;';';;;;;;;31647963;'20200326153555;49174;'1630000;'22002;Nationalestraat;'153;';2000;Antwerpen;;'152025;'211434;';Y;NA;2;4;Unknown;Unknown;;None;;;';SSV_IMPORT;'26/03/2020 14:40:57;;Y;;;;'26/03/2020 14:34:24;1;11341342;;LU;1;';';';';';;;;;;;;';SSV_IMPORT;'26/03/2020 14:40:58;;Y;;;;'26/03/2020 14:34:24
;;;Zoning;6807712;'20200127134349;W03-C-Antwerpen-West-FH08;6807712;'20200127134349;W03-C-Antwerpen-West-FH08;19085;FTTH-Cu;;';';;;;;;;664374;'20200326153545;2025530;'1630000;'22002;Nationalestraat;'155;';2000;Antwerpen;;'152055,063;'211376,288;';N;MON;4;0;Unknown;Unknown;;None;;;';IFH_BATCH;'26/03/2020 14:53:57;;Y;;;;'26/03/2020 14:34:24;1;1664815;;LU;1;';';';';';Y;#ELEK.CABIN;APPART;DEEL_APP_GEBOUW - PARTIE_IMMEUBLE_APP;NA;;;';;';;Y;;;;'26/03/2020 14:34:24
;;;Zoning;6807712;'20200127134349;W03-C-Antwerpen-West-FH08;6807712;'20200127134349;W03-C-Antwerpen-West-FH08;19085;FTTH-Cu;;';';;;;;;;664374;'20200326153545;2025530;'1630000;'22002;Nationalestraat;'155;';2000;Antwerpen;;'152055,063;'211376,288;';N;MON;4;0;Unknown;Unknown;;None;;;';IFH_BATCH;'26/03/2020 14:53:57;;Y;;;;'26/03/2020 14:34:24;2;1664928;;LU;1;';';';';';Y;;APPART;DEEL_APP_GEBOUW - PARTIE_IMMEUBLE_APP;NA;;;';;';;Y;;;;'26/03/2020 14:34:24
;;;Zoning;6807712;'20200127134349;W03-C-Antwerpen-West-FH08;6807712;'20200127134349;W03-C-Antwerpen-West-FH08;19085;FTTH-Cu;;';';;;;;;;714764;'20200326153600;60915;'1630000;'27791;Schoytestraat;'1;';2000;Antwerpen;;'152115,395;'211700,695;';Y;NA;4;4;Unknown;Unknown;;None;;;';IFH_BATCH;'26/03/2020 14:59:42;;Y;;;;'26/03/2020 14:34:24;1;10366171;;BU;1;';';';';';Y;;COMM;HANDELSZAAK - COMMERCE;NA;;;';;';;Y;;;;'26/03/2020 14:34:24
;;;Zoning;6807712;'20200127134349;W03-C-Antwerpen-West-FH08;6807712;'20200127134349;W03-C-Antwerpen-West-FH08;19085;FTTH-Cu;;';';;;;;;;714764;'20200326153600;60915;'1630000;'27791;Schoytestraat;'1;';2000;Antwerpen;;'152115,395;'211700,695;';Y;NA;4;4;Unknown;Unknown;;None;;;';IFH_BATCH;'26/03/2020 14:59:42;;Y;;;;'26/03/2020 14:34:24;2;10366172;;BU;1;';';';';';Y;;COMM;HANDELSZAAK - COMMERCE;NA;;;';;';;Y;;;;'26/03/2020 14:34:24
;;;Zoning;6807712;'20200127134349;W03-C-Antwerpen-West-FH08;6807712;'20200127134349;W03-C-Antwerpen-West-FH08;19085;FTTH-Cu;;';';;;;;;;714748;'20200326153600;60908;'1630000;'27791;Schoytestraat;'2;';2000;Antwerpen;;'152110,865;'211681,343;';Y;NA;4;4;Unknown;Unknown;;None;;;';IFH_BATCH;'26/03/2020 14:59:26;;Y;;;;'26/03/2020 14:34:24;1;1693633;;LU;1;';';';';';Y;;HOUSE;WONING - MAISON;NA;;;';;';;Y;;;;'26/03/2020 14:34:24
;;;Zoning;6807712;'20200127134349;W03-C-Antwerpen-West-FH08;6807712;'20200127134349;W03-C-Antwerpen-West-FH08;19085;FTTH-Cu;;';';;;;;;;714748;'20200326153600;60908;'1630000;'27791;Schoytestraat;'2;';2000;Antwerpen;;'152110,865;'211681,343;';Y;NA;4;4;Unknown;Unknown;;None;;;';IFH_BATCH;'26/03/2020 14:59:26;;Y;;;;'26/03/2020 14:34:24;2;1693634;;LU;1;';';';';';Y;;HOUSE;WONING - MAISON;NA;;;';;';;Y;;;;'26/03/2020 14:34:24
;;;Zoning;6807712;'20200127134349;W03-C-Antwerpen-West-FH08;6807712;'20200127134349;W03-C-Antwerpen-West-FH08;19085;FTTH-Cu;;';';;;;;;;714748;'20200326153600;60908;'1630000;'27791;Schoytestraat;'2;';2000;Antwerpen;;'152110,865;'211681,343;';Y;NA;4;4;Unknown;Unknown;;None;;;';IFH_BATCH;'26/03/2020 14:59:26;;Y;;;;'26/03/2020 14:34:24;3;1693635;;LU;1;';';';';';Y;;HOUSE;WONING - MAISON;NA;;;';;';;Y;;;;'26/03/2020 14:34:24
;;;Zoning;6807712;'20200127134349;W03-C-Antwerpen-West-FH08;6807712;'20200127134349;W03-C-Antwerpen-West-FH08;19085;FTTH-Cu;;';';;;;;;;714748;'20200326153600;60908;'1630000;'27791;Schoytestraat;'2;';2000;Antwerpen;;'152110,865;'211681,343;';Y;NA;4;4;Unknown;Unknown;;None;;;';IFH_BATCH;'26/03/2020 14:59:26;;Y;;;;'26/03/2020 14:34:24;4;1693636;;LU;1;';';';';';Y;;HOUSE;WONING - MAISON;NA;;;';;';;Y;;;;'26/03/2020 14:34:24
;;;Zoning;6807712;'20200127134349;W03-C-Antwerpen-West-FH08;6807712;'20200127134349;W03-C-Antwerpen-West-FH08;19085;FTTH-Cu;;';';;;;;;;675114;'20200326153551;2051943;'1630000;'27791;Schoytestraat;'3;';2000;Antwerpen;;'152120,278;'211702,711;';Y;NA;4;4;Unknown;Unknown;;None;;;';IFH_BATCH;'26/03/2020 14:57:54;;Y;;;;'26/03/2020 14:34:24;1;1741720;;LU;1;';';';';';Y;;HOUSE;WONING - MAISON;NA;;;';;';;Y;;;;'26/03/2020 14:34:24
;;;Zoning;6807712;'20200127134349;W03-C-Antwerpen-West-FH08;6807712;'20200127134349;W03-C-Antwerpen-West-FH08;19085;FTTH-Cu;;';';;;;;;;675114;'20200326153551;2051943;'1630000;'27791;Schoytestraat;'3;';2000;Antwerpen;;'152120,278;'211702,711;';Y;NA;4;4;Unknown;Unknown;;None;;;';IFH_BATCH;'26/03/2020 14:57:54;;Y;;;;'26/03/2020 14:34:24;2;1741721;;LU;1;';';';';';Y;;HOUSE;WONING - MAISON;NA;;;';;';;Y;;;;'26/03/2020 14:34:24
;;;Zoning;6807712;'20200127134349;W03-C-Antwerpen-West-FH08;6807712;'20200127134349;W03-C-Antwerpen-West-FH08;19085;FTTH-Cu;;';';;;;;;;675114;'20200326153551;2051943;'1630000;'27791;Schoytestraat;'3;';2000;Antwerpen;;'152120,278;'211702,711;';Y;NA;4;4;Unknown;Unknown;;None;;;';IFH_BATCH;'26/03/2020 14:57:54;;Y;;;;'26/03/2020 14:34:24;3;1741722;;LU;1;';';';';';Y;;HOUSE;WONING - MAISON;NA;;;';;';;Y;;;;'26/03/2020 14:34:24
;;;Zoning;6807712;'20200127134349;W03-C-Antwerpen-West-FH08;6807712;'20200127134349;W03-C-Antwerpen-West-FH08;19085;FTTH-Cu;;';';;;;;;;675114;'20200326153551;2051943;'1630000;'27791;Schoytestraat;'3;';2000;Antwerpen;;'152120,278;'211702,711;';Y;NA;4;4;Unknown;Unknown;;None;;;';IFH_BATCH;'26/03/2020 14:57:54;;Y;;;;'26/03/2020 14:34:24;4;1741723;;LU;1;';';';';';Y;;HOUSE;WONING - MAISON;NA;;;';;';;Y;;;;'26/03/2020 14:34:24
;;;Zoning;6807712;'20200127134349;W03-C-Antwerpen-West-FH08;6807712;'20200127134349;W03-C-Antwerpen-West-FH08;19085;FTTH-Cu;;';';;;;;;;31647967;'20200326153556;3928394;'1630000;'27791;Schoytestraat;'4;';2000;Antwerpen;;'152113;'211679;';Y;NA;4;4;Unknown;Unknown;;None;;;';SSV_IMPORT;'26/03/2020 14:41:03;;Y;;;;'26/03/2020 14:34:24;1;11341343;;LU;1;';';';';';;;;;;;;';SSV_IMPORT;'26/03/2020 14:41:04;;Y;;;;'26/03/2020 14:34:24
;;;Zoning;6807712;'20200127134349;W03-C-Antwerpen-West-FH08;6807712;'20200127134349;W03-C-Antwerpen-West-FH08;19085;FTTH-Cu;;';';;;;;;;31647967;'20200326153556;3928394;'1630000;'27791;Schoytestraat;'4;';2000;Antwerpen;;'152113;'211679;';Y;NA;4;4;Unknown;Unknown;;None;;;';SSV_IMPORT;'26/03/2020 14:41:03;;Y;;;;'26/03/2020 14:34:24;2;11341344;;LU;1;';';';';';;;;;;;;';SSV_IMPORT;'26/03/2020 14:41:05;;Y;;;;'26/03/2020 14:34:24
;;;Zoning;6807712;'20200127134349;W03-C-Antwerpen-West-FH08;6807712;'20200127134349;W03-C-Antwerpen-West-FH08;19085;FTTH-Cu;;';';;;;;;;31647967;'20200326153556;3928394;'1630000;'27791;Schoytestraat;'4;';2000;Antwerpen;;'152113;'211679;';Y;NA;4;4;Unknown;Unknown;;None;;;';SSV_IMPORT;'26/03/2020 14:41:03;;Y;;;;'26/03/2020 14:34:24;3;11341345;;LU;1;';';';';';;;;;;;;';SSV_IMPORT;'26/03/2020 14:41:11;;Y;;;;'26/03/2020 14:34:24
;;;Zoning;6807712;'20200127134349;W03-C-Antwerpen-West-FH08;6807712;'20200127134349;W03-C-Antwerpen-West-FH08;19085;FTTH-Cu;;';';;;;;;;31647967;'20200326153556;3928394;'1630000;'27791;Schoytestraat;'4;';2000;Antwerpen;;'152113;'211679;';Y;NA;4;4;Unknown;Unknown;;None;;;';SSV_IMPORT;'26/03/2020 14:41:03;;Y;;;;'26/03/2020 14:34:24;4;11341346;;LU;1;';';';';';;;;;;;;';SSV_IMPORT;'26/03/2020 14:41:11;;Y;;;;'26/03/2020 14:34:24
;;;Zoning;6807712;'20200127134349;W03-C-Antwerpen-West-FH08;6807712;'20200127134349;W03-C-Antwerpen-West-FH08;19085;FTTH-Cu;;';';;;;;;;31647967;'20200326153556;3928394;'1630000;'27791;Schoytestraat;'4;';2000;Antwerpen;;'152113;'211679;';Y;NA;4;4;Unknown;Unknown;;None;;;';SSV_IMPORT;'26/03/2020 14:41:03;;Y;;;;'26/03/2020 14:34:24;5;11341347;;LU;1;';';';';';;;;;;;;';SSV_IMPORT;'26/03/2020 14:41:12;;Y;;;;'26/03/2020 14:34:24
;;;Zoning;6807712;'20200127134349;W03-C-Antwerpen-West-FH08;6807712;'20200127134349;W03-C-Antwerpen-West-FH08;19085;FTTH-Cu;;';';;;;;;;31647967;'20200326153556;3928394;'1630000;'27791;Schoytestraat;'4;';2000;Antwerpen;;'152113;'211679;';Y;NA;4;4;Unknown;Unknown;;None;;;';SSV_IMPORT;'26/03/2020 14:41:03;;Y;;;;'26/03/2020 14:34:24;6;11341348;;LU;1;';';';';';;;;;;;;';SSV_IMPORT;'26/03/2020 14:41:13;;Y;;;;'26/03/2020 14:34:24
;;;Zoning;6807712;'20200127134349;W03-C-Antwerpen-West-FH08;6807712;'20200127134349;W03-C-Antwerpen-West-FH08;19085;FTTH-Cu;;';';;;;;;;31647967;'20200326153556;3928394;'1630000;'27791;Schoytestraat;'4;';2000;Antwerpen;;'152113;'211679;';Y;NA;4;4;Unknown;Unknown;;None;;;';SSV_IMPORT;'26/03/2020 14:41:03;;Y;;;;'26/03/2020 14:34:24;7;11341349;;LU;1;';';';';';;;;;;;;';SSV_IMPORT;'26/03/2020 14:41:14;;Y;;;;'26/03/2020 14:34:24
;;;Zoning;6807712;'20200127134349;W03-C-Antwerpen-West-FH08;6807712;'20200127134349;W03-C-Antwerpen-West-FH08;19085;FTTH-Cu;;';';;;;;;;31647967;'20200326153556;3928394;'1630000;'27791;Schoytestraat;'4;';2000;Antwerpen;;'152113;'211679;';Y;NA;4;4;Unknown;Unknown;;None;;;';SSV_IMPORT;'26/03/2020 14:41:03;;Y;;;;'26/03/2020 14:34:24;8;11341350;;LU;1;';';';';';;;;;;;;';SSV_IMPORT;'26/03/2020 14:41:15;;Y;;;;'26/03/2020 14:34:24
;;;Zoning;6807712;'20200127134349;W03-C-Antwerpen-West-FH08;6807712;'20200127134349;W03-C-Antwerpen-West-FH08;19085;FTTH-Cu;;';';;;;;;;31647976;'20200326153556;2051944;'1630000;'27791;Schoytestraat;'5;';2000;Antwerpen;;'152128;'211707;';Y;NA;2;4;Unknown;Unknown;;None;;;';SSV_IMPORT;'26/03/2020 14:41:24;;Y;;;;'26/03/2020 14:34:24;1;11341351;;LU;1;';';';';';;;;;;;;';SSV_IMPORT;'26/03/2020 14:41:29;;Y;;;;'26/03/2020 14:34:24
;;;Zoning;6807712;'20200127134349;W03-C-Antwerpen-West-FH08;6807712;'20200127134349;W03-C-Antwerpen-West-FH08;19085;FTTH-Cu;;';';;;;;;;675115;'20200326153551;2051945;'1630000;'27791;Schoytestraat;'6;';2000;Antwerpen;;'152119,47;'211678,353;';Y;NA;2;4;Unknown;Unknown;;None;;;';IFH_BATCH;'26/03/2020 14:57:56;;Y;;;;'26/03/2020 14:34:24;1;1824181;;BU;1;';';';';';Y;;COMM;HANDELSZAAK - COMMERCE;NA;;;';;';;Y;;;;'26/03/2020 14:34:24
;;;Zoning;6807712;'20200127134349;W03-C-Antwerpen-West-FH08;6807712;'20200127134349;W03-C-Antwerpen-West-FH08;19085;FTTH-Cu;;';';;;;;;;692782;'20200326153547;4051135;'1630000;'27791;Schoytestraat;'7;';2000;Antwerpen;;'152125,924;'211699,946;';Y;NA;4;4;Unknown;Unknown;;None;;;';IFH_BATCH;'26/03/2020 14:59:09;;Y;;;;'26/03/2020 14:34:24;1;1841824;;LU;1;';';';';';Y;;HOUSE;WONING - MAISON;NA;;;';;';;Y;;;;'26/03/2020 14:34:24
;;;Zoning;6807712;'20200127134349;W03-C-Antwerpen-West-FH08;6807712;'20200127134349;W03-C-Antwerpen-West-FH08;19085;FTTH-Cu;;';';;;;;;;692782;'20200326153547;4051135;'1630000;'27791;Schoytestraat;'7;';2000;Antwerpen;;'152125,924;'211699,946;';Y;NA;4;4;Unknown;Unknown;;None;;;';IFH_BATCH;'26/03/2020 14:59:09;;Y;;;;'26/03/2020 14:34:24;2;1841825;;LU;1;';';';';';Y;;HOUSE;WONING - MAISON;NA;;;';;';;Y;;;;'26/03/2020 14:34:24
;;;Zoning;6807712;'20200127134349;W03-C-Antwerpen-West-FH08;6807712;'20200127134349;W03-C-Antwerpen-West-FH08;19085;FTTH-Cu;;';';;;;;;;692782;'20200326153547;4051135;'1630000;'27791;Schoytestraat;'7;';2000;Antwerpen;;'152125,924;'211699,946;';Y;NA;4;4;Unknown;Unknown;;None;;;';IFH_BATCH;'26/03/2020 14:59:09;;Y;;;;'26/03/2020 14:34:24;3;1841826;;LU;1;';';';';';Y;;HOUSE;WONING - MAISON;NA;;;';;';;Y;;;;'26/03/2020 14:34:24
;;;Zoning;6807712;'20200127134349;W03-C-Antwerpen-West-FH08;6807712;'20200127134349;W03-C-Antwerpen-West-FH08;19085;FTTH-Cu;;';';;;;;;;707174;'20200326153605;4511145;'1630000;'27791;Schoytestraat;'8;';2000;Antwerpen;;'152124,541;'211674,943;';Y;NA;2;4;Unknown;Unknown;;None;;;';IFH_BATCH;'26/03/2020 14:59:15;;Y;;;;'26/03/2020 14:34:24;1;1855797;;LU;1;';';';';';Y;;HOUSE;WONING - MAISON;NA;;;';;';;Y;;;;'26/03/2020 14:34:24
;;;Zoning;6807712;'20200127134349;W03-C-Antwerpen-West-FH08;6807712;'20200127134349;W03-C-Antwerpen-West-FH08;19085;FTTH-Cu;;';';;;;;;;675116;'20200326153551;2051946;'1630000;'27791;Schoytestraat;'9;';2000;Antwerpen;;'152130,126;'211697,894;';Y;NA;4;4;Unknown;Unknown;;None;;;';IFH_BATCH;'26/03/2020 14:57:58;;Y;;;;'26/03/2020 14:34:24;1;1867617;;LU;1;';';';';';Y;;HOUSE;WONING - MAISON;NA;;;';;';;Y;;;;'26/03/2020 14:34:24
;;;Zoning;6807712;'20200127134349;W03-C-Antwerpen-West-FH08;6807712;'20200127134349;W03-C-Antwerpen-West-FH08;19085;FTTH-Cu;;';';;;;;;;675116;'20200326153551;2051946;'1630000;'27791;Schoytestraat;'9;';2000;Antwerpen;;'152130,126;'211697,894;';Y;NA;4;4;Unknown;Unknown;;None;;;';IFH_BATCH;'26/03/2020 14:57:58;;Y;;;;'26/03/2020 14:34:24;2;1867618;;LU;1;';';';';';Y;;HOUSE;WONING - MAISON;NA;;;';;';;Y;;;;'26/03/2020 14:34:24
;;;Zoning;6807712;'20200127134349;W03-C-Antwerpen-West-FH08;6807712;'20200127134349;W03-C-Antwerpen-West-FH08;19085;FTTH-Cu;;';';;;;;;;675116;'20200326153551;2051946;'1630000;'27791;Schoytestraat;'9;';2000;Antwerpen;;'152130,126;'211697,894;';Y;NA;4;4;Unknown;Unknown;;None;;;';IFH_BATCH;'26/03/2020 14:57:58;;Y;;;;'26/03/2020 14:34:24;3;1867619;;LU;1;';';';';';Y;;HOUSE;WONING - MAISON;NA;;;';;';;Y;;;;'26/03/2020 14:34:24
;;;Zoning;6807712;'20200127134349;W03-C-Antwerpen-West-FH08;6807712;'20200127134349;W03-C-Antwerpen-West-FH08;19085;FTTH-Cu;;';';;;;;;;675116;'20200326153551;2051946;'1630000;'27791;Schoytestraat;'9;';2000;Antwerpen;;'152130,126;'211697,894;';Y;NA;4;4;Unknown;Unknown;;None;;;';IFH_BATCH;'26/03/2020 14:57:58;;Y;;;;'26/03/2020 14:34:24;4;1867620;;LU;1;';';';';';Y;;HOUSE;WONING - MAISON;NA;;;';;';;Y;;;;'26/03/2020 14:34:24
;;;Zoning;6807712;'20200127134349;W03-C-Antwerpen-West-FH08;6807712;'20200127134349;W03-C-Antwerpen-West-FH08;19085;FTTH-Cu;;';';;;;;;;31647978;'20200326153556;4511148;'1630000;'27791;Schoytestraat;'10;';2000;Antwerpen;;'152127;'211664;';Y;NA;2;4;Unknown;Unknown;;None;;;';SSV_IMPORT;'26/03/2020 14:41:34;;Y;;;;'26/03/2020 14:34:24;1;11341352;;LU;1;';';';';';;;;;;;;';SSV_IMPORT;'26/03/2020 14:41:35;;Y;;;;'26/03/2020 14:34:24
;;;Zoning;6807712;'20200127134349;W03-C-Antwerpen-West-FH08;6807712;'20200127134349;W03-C-Antwerpen-West-FH08;19085;FTTH-Cu;;';';;;;;;;675117;'20200326153551;2051947;'1630000;'27791;Schoytestraat;'12;';2000;Antwerpen;;'152130,479;'211671,811;';Y;NA;2;4;Unknown;Unknown;;None;;;';IFH_BATCH;'26/03/2020 14:58:00;;Y;;;;'26/03/2020 14:34:24;1;1640067;;BU;1;';';';';';Y;;COMM;HANDELSZAAK - COMMERCE;NA;;;';;';;Y;;;;'26/03/2020 14:34:24
;;;Zoning;6807712;'20200127134349;W03-C-Antwerpen-West-FH08;6807712;'20200127134349;W03-C-Antwerpen-West-FH08;19085;FTTH-Cu;;';';;;;;;;675118;'20200326153551;2051948;'1630000;'27791;Schoytestraat;'13;';2000;Antwerpen;;'152135,718;'211696,029;';Y;NA;4;4;Unknown;Unknown;;None;;;';IFH_BATCH;'26/03/2020 14:58:03;;Y;;;;'26/03/2020 14:34:24;1;1647948;;LU;1;';';';';';Y;;HOUSE;WONING - MAISON;NA;;;';;';;Y;;;;'26/03/2020 14:34:24
;;;Zoning;6807712;'20200127134349;W03-C-Antwerpen-West-FH08;6807712;'20200127134349;W03-C-Antwerpen-West-FH08;19085;FTTH-Cu;;';';;;;;;;675118;'20200326153551;2051948;'1630000;'27791;Schoytestraat;'13;';2000;Antwerpen;;'152135,718;'211696,029;';Y;NA;4;4;Unknown;Unknown;;None;;;';IFH_BATCH;'26/03/2020 14:58:03;;Y;;;;'26/03/2020 14:34:24;2;1647949;;LU;1;';';';';';Y;;HOUSE;WONING - MAISON;NA;;;';;';;Y;;;;'26/03/2020 14:34:24
;;;Zoning;6807712;'20200127134349;W03-C-Antwerpen-West-FH08;6807712;'20200127134349;W03-C-Antwerpen-West-FH08;19085;FTTH-Cu;;';';;;;;;;675118;'20200326153551;2051948;'1630000;'27791;Schoytestraat;'13;';2000;Antwerpen;;'152135,718;'211696,029;';Y;NA;4;4;Unknown;Unknown;;None;;;';IFH_BATCH;'26/03/2020 14:58:03;;Y;;;;'26/03/2020 14:34:24;3;1647950;;LU;1;';';';';';Y;;HOUSE;WONING - MAISON;NA;;;';;';;Y;;;;'26/03/2020 14:34:24
;;;Zoning;6807712;'20200127134349;W03-C-Antwerpen-West-FH08;6807712;'20200127134349;W03-C-Antwerpen-West-FH08;19085;FTTH-Cu;;';';;;;;;;714753;'20200326153600;60910;'1630000;'27791;Schoytestraat;'14;';2000;Antwerpen;;'152136,064;'211669,067;';N;MON;2;0;Unknown;Unknown;;None;;;';IFH_BATCH;'26/03/2020 14:59:28;;Y;;;;'26/03/2020 14:34:24;1;1655069;;LU;1;';';';';';Y;;HOUSE;WONING - MAISON;NA;;;';;';;Y;;;;'26/03/2020 14:34:24
;;;Zoning;6807712;'20200127134349;W03-C-Antwerpen-West-FH08;6807712;'20200127134349;W03-C-Antwerpen-West-FH08;19085;FTTH-Cu;;';';;;;;;;714770;'20200326153600;60918;'1630000;'27791;Schoytestraat;'15;';2000;Antwerpen;;'152142,64;'211692,638;';Y;NA;2;4;Unknown;Unknown;;None;;;';IFH_BATCH;'26/03/2020 14:59:44;;Y;;;;'26/03/2020 14:34:24;1;1661984;;LU;1;';';';';';Y;;HOUSE;WONING - MAISON;NA;;;';;';;Y;;;;'26/03/2020 14:34:24
;;;Zoning;6807712;'20200127134349;W03-C-Antwerpen-West-FH08;6807712;'20200127134349;W03-C-Antwerpen-West-FH08;19085;FTTH-Cu;;';';;;;;;;675119;'20200326153551;2051949;'1630000;'27791;Schoytestraat;'19;';2000;Antwerpen;;'152188,489;'211675,058;';Y;NA;4;4;Unknown;Unknown;;None;;;';IFH_BATCH;'26/03/2020 14:58:05;;Y;;;;'26/03/2020 14:34:24;1;1684220;;BU;1;';';';';';Y;#DEEL 1179A;COMMUNAL;GEMEENSCHAPSVERBLIJF - ??;NA;;;';;';;Y;;;;'26/03/2020 14:34:24
;;;Zoning;6807712;'20200127134349;W03-C-Antwerpen-West-FH08;6807712;'20200127134349;W03-C-Antwerpen-West-FH08;19085;FTTH-Cu;;';';;;;;;;675119;'20200326153551;2051949;'1630000;'27791;Schoytestraat;'19;';2000;Antwerpen;;'152188,489;'211675,058;';Y;NA;4;4;Unknown;Unknown;;None;;;';IFH_BATCH;'26/03/2020 14:58:05;;Y;;;;'26/03/2020 14:34:24;2;1685743;;BU;1;';';';';';Y;;COMMUNAL;GEMEENSCHAPSVERBLIJF - ??;NA;;;';;';;Y;;;;'26/03/2020 14:34:24
;;;Zoning;6807712;'20200127134349;W03-C-Antwerpen-West-FH08;6807712;'20200127134349;W03-C-Antwerpen-West-FH08;19085;FTTH-Cu;;';';;;;;;;675120;'20200326153551;2051950;'1630000;'27791;Schoytestraat;'20;';2000;Antwerpen;;'152149,335;'211666,977;';Y;NA;4;4;Unknown;Unknown;;None;;;';IFH_BATCH;'26/03/2020 14:58:07;;Y;;;;'26/03/2020 14:34:24;1;1698367;;LU;1;';';';';';Y;;APTBLD;APPARTEMENTSGEBOUW - IMMEUBLE A APPARTEMENTS;NA;;;';;';;Y;;;;'26/03/2020 14:34:24
;;;Zoning;6807712;'20200127134349;W03-C-Antwerpen-West-FH08;6807712;'20200127134349;W03-C-Antwerpen-West-FH08;19085;FTTH-Cu;;';';;;;;;;675120;'20200326153551;2051950;'1630000;'27791;Schoytestraat;'20;';2000;Antwerpen;;'152149,335;'211666,977;';Y;NA;4;4;Unknown;Unknown;;None;;;';IFH_BATCH;'26/03/2020 14:58:07;;Y;;;;'26/03/2020 14:34:24;2;1698368;;LU;1;';';';';';Y;;APTBLD;APPARTEMENTSGEBOUW - IMMEUBLE A APPARTEMENTS;NA;;;';;';;Y;;;;'26/03/2020 14:34:24
;;;Zoning;6807712;'20200127134349;W03-C-Antwerpen-West-FH08;6807712;'20200127134349;W03-C-Antwerpen-West-FH08;19085;FTTH-Cu;;';';;;;;;;675120;'20200326153551;2051950;'1630000;'27791;Schoytestraat;'20;';2000;Antwerpen;;'152149,335;'211666,977;';Y;NA;4;4;Unknown;Unknown;;None;;;';IFH_BATCH;'26/03/2020 14:58:07;;Y;;;;'26/03/2020 14:34:24;3;1698369;;LU;1;';';';';';Y;;APTBLD;APPARTEMENTSGEBOUW - IMMEUBLE A APPARTEMENTS;NA;;;';;';;Y;;;;'26/03/2020 14:34:24
;;;Zoning;6807712;'20200127134349;W03-C-Antwerpen-West-FH08;6807712;'20200127134349;W03-C-Antwerpen-West-FH08;19085;FTTH-Cu;;';';;;;;;;675120;'20200326153551;2051950;'1630000;'27791;Schoytestraat;'20;';2000;Antwerpen;;'152149,335;'211666,977;';Y;NA;4;4;Unknown;Unknown;;None;;;';IFH_BATCH;'26/03/2020 14:58:07;;Y;;;;'26/03/2020 14:34:24;4;1698370;;LU;1;';';';';';Y;;APTBLD;APPARTEMENTSGEBOUW - IMMEUBLE A APPARTEMENTS;NA;;;';;';;Y;;;;'26/03/2020 14:34:24
;;;Zoning;6807712;'20200127134349;W03-C-Antwerpen-West-FH08;6807712;'20200127134349;W03-C-Antwerpen-West-FH08;19085;FTTH-Cu;;';';;;;;;;675120;'20200326153551;2051950;'1630000;'27791;Schoytestraat;'20;';2000;Antwerpen;;'152149,335;'211666,977;';Y;NA;4;4;Unknown;Unknown;;None;;;';IFH_BATCH;'26/03/2020 14:58:07;;Y;;;;'26/03/2020 14:34:24;5;1698371;;LU;1;';';';';';Y;;APTBLD;APPARTEMENTSGEBOUW - IMMEUBLE A APPARTEMENTS;NA;;;';;';;Y;;;;'26/03/2020 14:34:24
;;;Zoning;6807712;'20200127134349;W03-C-Antwerpen-West-FH08;6807712;'20200127134349;W03-C-Antwerpen-West-FH08;19085;FTTH-Cu;;';';;;;;;;675120;'20200326153551;2051950;'1630000;'27791;Schoytestraat;'20;';2000;Antwerpen;;'152149,335;'211666,977;';Y;NA;4;4;Unknown;Unknown;;None;;;';IFH_BATCH;'26/03/2020 14:58:07;;Y;;;;'26/03/2020 14:34:24;6;1698372;;LU;1;';';';';';Y;;APTBLD;APPARTEMENTSGEBOUW - IMMEUBLE A APPARTEMENTS;NA;;;';;';;Y;;;;'26/03/2020 14:34:24
;;;Zoning;6807712;'20200127134349;W03-C-Antwerpen-West-FH08;6807712;'20200127134349;W03-C-Antwerpen-West-FH08;19085;FTTH-Cu;;';';;;;;;;675120;'20200326153551;2051950;'1630000;'27791;Schoytestraat;'20;';2000;Antwerpen;;'152149,335;'211666,977;';Y;NA;4;4;Unknown;Unknown;;None;;;';IFH_BATCH;'26/03/2020 14:58:07;;Y;;;;'26/03/2020 14:34:24;7;1698373;;LU;1;';';';';';Y;;APTBLD;APPARTEMENTSGEBOUW - IMMEUBLE A APPARTEMENTS;NA;;;';;';;Y;;;;'26/03/2020 14:34:24
;;;Zoning;6807712;'20200127134349;W03-C-Antwerpen-West-FH08;6807712;'20200127134349;W03-C-Antwerpen-West-FH08;19085;FTTH-Cu;;';';;;;;;;675120;'20200326153551;2051950;'1630000;'27791;Schoytestraat;'20;';2000;Antwerpen;;'152149,335;'211666,977;';Y;NA;4;4;Unknown;Unknown;;None;;;';IFH_BATCH;'26/03/2020 14:58:07;;Y;;;;'26/03/2020 14:34:24;8;1698374;;LU;1;';';';';';Y;;APTBLD;APPARTEMENTSGEBOUW - IMMEUBLE A APPARTEMENTS;NA;;;';;';;Y;;;;'26/03/2020 14:34:24
;;;Zoning;6807712;'20200127134349;W03-C-Antwerpen-West-FH08;6807712;'20200127134349;W03-C-Antwerpen-West-FH08;19085;FTTH-Cu;;';';;;;;;;675120;'20200326153551;2051950;'1630000;'27791;Schoytestraat;'20;';2000;Antwerpen;;'152149,335;'211666,977;';Y;NA;4;4;Unknown;Unknown;;None;;;';IFH_BATCH;'26/03/2020 14:58:07;;Y;;;;'26/03/2020 14:34:24;9;1698375;;LU;1;';';';';';Y;;APTBLD;APPARTEMENTSGEBOUW - IMMEUBLE A APPARTEMENTS;NA;;;';;';;Y;;;;'26/03/2020 14:34:24
;;;Zoning;6807712;'20200127134349;W03-C-Antwerpen-West-FH08;6807712;'20200127134349;W03-C-Antwerpen-West-FH08;19085;FTTH-Cu;;';';;;;;;;675120;'20200326153551;2051950;'1630000;'27791;Schoytestraat;'20;';2000;Antwerpen;;'152149,335;'211666,977;';Y;NA;4;4;Unknown;Unknown;;None;;;';IFH_BATCH;'26/03/2020 14:58:07;;Y;;;;'26/03/2020 14:34:24;10;1698376;;LU;1;';';';';';Y;;APTBLD;APPARTEMENTSGEBOUW - IMMEUBLE A APPARTEMENTS;NA;;;';;';;Y;;;;'26/03/2020 14:34:24
;;;Zoning;6807712;'20200127134349;W03-C-Antwerpen-West-FH08;6807712;'20200127134349;W03-C-Antwerpen-West-FH08;19085;FTTH-Cu;;';';;;;;;;675120;'20200326153551;2051950;'1630000;'27791;Schoytestraat;'20;';2000;Antwerpen;;'152149,335;'211666,977;';Y;NA;4;4;Unknown;Unknown;;None;;;';IFH_BATCH;'26/03/2020 14:58:07;;Y;;;;'26/03/2020 14:34:24;11;1698377;;LU;1;';';';';';Y;;APTBLD;APPARTEMENTSGEBOUW - IMMEUBLE A APPARTEMENTS;NA;;;';;';;Y;;;;'26/03/2020 14:34:24
;;;Zoning;6807712;'20200127134349;W03-C-Antwerpen-West-FH08;6807712;'20200127134349;W03-C-Antwerpen-West-FH08;19085;FTTH-Cu;;';';;;;;;;675120;'20200326153551;2051950;'1630000;'27791;Schoytestraat;'20;';2000;Antwerpen;;'152149,335;'211666,977;';Y;NA;4;4;Unknown;Unknown;;None;;;';IFH_BATCH;'26/03/2020 14:58:07;;Y;;;;'26/03/2020 14:34:24;12;1698378;;LU;1;';';';';';Y;;APTBLD;APPARTEMENTSGEBOUW - IMMEUBLE A APPARTEMENTS;NA;;;';;';;Y;;;;'26/03/2020 14:34:24
;;;Zoning;6807712;'20200127134349;W03-C-Antwerpen-West-FH08;6807712;'20200127134349;W03-C-Antwerpen-West-FH08;19085;FTTH-Cu;;';';;;;;;;675120;'20200326153551;2051950;'1630000;'27791;Schoytestraat;'20;';2000;Antwerpen;;'152149,335;'211666,977;';Y;NA;4;4;Unknown;Unknown;;None;;;';IFH_BATCH;'26/03/2020 14:58:07;;Y;;;;'26/03/2020 14:34:24;13;1698379;;LU;1;';';';';';Y;;APTBLD;APPARTEMENTSGEBOUW - IMMEUBLE A APPARTEMENTS;NA;;;';;';;Y;;;;'26/03/2020 14:34:24
;;;Zoning;6807712;'20200127134349;W03-C-Antwerpen-West-FH08;6807712;'20200127134349;W03-C-Antwerpen-West-FH08;19085;FTTH-Cu;;';';;;;;;;675120;'20200326153551;2051950;'1630000;'27791;Schoytestraat;'20;';2000;Antwerpen;;'152149,335;'211666,977;';Y;NA;4;4;Unknown;Unknown;;None;;;';IFH_BATCH;'26/03/2020 14:58:07;;Y;;;;'26/03/2020 14:34:24;14;1698380;;LU;1;';';';';';Y;;APTBLD;APPARTEMENTSGEBOUW - IMMEUBLE A APPARTEMENTS;NA;;;';;';;Y;;;;'26/03/2020 14:34:24
;;;Zoning;6807712;'20200127134349;W03-C-Antwerpen-West-FH08;6807712;'20200127134349;W03-C-Antwerpen-West-FH08;19085;FTTH-Cu;;';';;;;;;;714754;'20200326153600;60911;'1630000;'27791;Schoytestraat;'26;';2000;Antwerpen;;'152158,933;'211661,208;';Y;NA;4;4;Unknown;Unknown;;None;;;';IFH_BATCH;'26/03/2020 14:59:33;;Y;;;;'26/03/2020 14:34:24;1;1725191;;LU;1;';';';';';Y;;APTBLD;APPARTEMENTSGEBOUW - IMMEUBLE A APPARTEMENTS;NA;;;';;';;Y;;;;'26/03/2020 14:34:24
;;;Zoning;6807712;'20200127134349;W03-C-Antwerpen-West-FH08;6807712;'20200127134349;W03-C-Antwerpen-West-FH08;19085;FTTH-Cu;;';';;;;;;;714754;'20200326153600;60911;'1630000;'27791;Schoytestraat;'26;';2000;Antwerpen;;'152158,933;'211661,208;';Y;NA;4;4;Unknown;Unknown;;None;;;';IFH_BATCH;'26/03/2020 14:59:33;;Y;;;;'26/03/2020 14:34:24;2;1725192;;LU;1;';';';';';Y;;APTBLD;APPARTEMENTSGEBOUW - IMMEUBLE A APPARTEMENTS;NA;;;';;';;Y;;;;'26/03/2020 14:34:24
;;;Zoning;6807712;'20200127134349;W03-C-Antwerpen-West-FH08;6807712;'20200127134349;W03-C-Antwerpen-West-FH08;19085;FTTH-Cu;;';';;;;;;;714754;'20200326153600;60911;'1630000;'27791;Schoytestraat;'26;';2000;Antwerpen;;'152158,933;'211661,208;';Y;NA;4;4;Unknown;Unknown;;None;;;';IFH_BATCH;'26/03/2020 14:59:33;;Y;;;;'26/03/2020 14:34:24;3;1725193;;LU;1;';';';';';Y;;APTBLD;APPARTEMENTSGEBOUW - IMMEUBLE A APPARTEMENTS;NA;;;';;';;Y;;;;'26/03/2020 14:34:24
;;;Zoning;6807712;'20200127134349;W03-C-Antwerpen-West-FH08;6807712;'20200127134349;W03-C-Antwerpen-West-FH08;19085;FTTH-Cu;;';';;;;;;;714754;'20200326153600;60911;'1630000;'27791;Schoytestraat;'26;';2000;Antwerpen;;'152158,933;'211661,208;';Y;NA;4;4;Unknown;Unknown;;None;;;';IFH_BATCH;'26/03/2020 14:59:33;;Y;;;;'26/03/2020 14:34:24;4;1725194;;LU;1;';';';';';Y;;APTBLD;APPARTEMENTSGEBOUW - IMMEUBLE A APPARTEMENTS;NA;;;';;';;Y;;;;'26/03/2020 14:34:24
;;;Zoning;6807712;'20200127134349;W03-C-Antwerpen-West-FH08;6807712;'20200127134349;W03-C-Antwerpen-West-FH08;19085;FTTH-Cu;;';';;;;;;;707175;'20200326153605;4511149;'1630000;'27791;Schoytestraat;'28;';2000;Antwerpen;;'152167,75;'211658,351;';Y;NA;4;4;Unknown;Unknown;;None;;;';IFH_BATCH;'26/03/2020 14:59:17;;Y;;;;'26/03/2020 14:34:24;1;1732617;;LU;1;';';';';';Y;;APTBLD;APPARTEMENTSGEBOUW - IMMEUBLE A APPARTEMENTS;NA;;;';;';;Y;;;;'26/03/2020 14:34:24
;;;Zoning;6807712;'20200127134349;W03-C-Antwerpen-West-FH08;6807712;'20200127134349;W03-C-Antwerpen-West-FH08;19085;FTTH-Cu;;';';;;;;;;707175;'20200326153605;4511149;'1630000;'27791;Schoytestraat;'28;';2000;Antwerpen;;'152167,75;'211658,351;';Y;NA;4;4;Unknown;Unknown;;None;;;';IFH_BATCH;'26/03/2020 14:59:17;;Y;;;;'26/03/2020 14:34:24;2;1732618;;LU;1;';';';';';Y;;APTBLD;APPARTEMENTSGEBOUW - IMMEUBLE A APPARTEMENTS;NA;;;';;';;Y;;;;'26/03/2020 14:34:24
;;;Zoning;6807712;'20200127134349;W03-C-Antwerpen-West-FH08;6807712;'20200127134349;W03-C-Antwerpen-West-FH08;19085;FTTH-Cu;;';';;;;;;;707175;'20200326153605;4511149;'1630000;'27791;Schoytestraat;'28;';2000;Antwerpen;;'152167,75;'211658,351;';Y;NA;4;4;Unknown;Unknown;;None;;;';IFH_BATCH;'26/03/2020 14:59:17;;Y;;;;'26/03/2020 14:34:24;3;1732619;;LU;1;';';';';';Y;;APTBLD;APPARTEMENTSGEBOUW - IMMEUBLE A APPARTEMENTS;NA;;;';;';;Y;;;;'26/03/2020 14:34:24
;;;Zoning;6807712;'20200127134349;W03-C-Antwerpen-West-FH08;6807712;'20200127134349;W03-C-Antwerpen-West-FH08;19085;FTTH-Cu;;';';;;;;;;707175;'20200326153605;4511149;'1630000;'27791;Schoytestraat;'28;';2000;Antwerpen;;'152167,75;'211658,351;';Y;NA;4;4;Unknown;Unknown;;None;;;';IFH_BATCH;'26/03/2020 14:59:17;;Y;;;;'26/03/2020 14:34:24;4;1732620;;LU;1;';';';';';Y;;APTBLD;APPARTEMENTSGEBOUW - IMMEUBLE A APPARTEMENTS;NA;;;';;';;Y;;;;'26/03/2020 14:34:24
;;;Zoning;6807712;'20200127134349;W03-C-Antwerpen-West-FH08;6807712;'20200127134349;W03-C-Antwerpen-West-FH08;19085;FTTH-Cu;;';';;;;;;;707175;'20200326153605;4511149;'1630000;'27791;Schoytestraat;'28;';2000;Antwerpen;;'152167,75;'211658,351;';Y;NA;4;4;Unknown;Unknown;;None;;;';IFH_BATCH;'26/03/2020 14:59:17;;Y;;;;'26/03/2020 14:34:24;5;1732621;;LU;1;';';';';';Y;;APTBLD;APPARTEMENTSGEBOUW - IMMEUBLE A APPARTEMENTS;NA;;;';;';;Y;;;;'26/03/2020 14:34:24
;;;Zoning;6807712;'20200127134349;W03-C-Antwerpen-West-FH08;6807712;'20200127134349;W03-C-Antwerpen-West-FH08;19085;FTTH-Cu;;';';;;;;;;707175;'20200326153605;4511149;'1630000;'27791;Schoytestraat;'28;';2000;Antwerpen;;'152167,75;'211658,351;';Y;NA;4;4;Unknown;Unknown;;None;;;';IFH_BATCH;'26/03/2020 14:59:17;;Y;;;;'26/03/2020 14:34:24;6;1732622;;LU;1;';';';';';Y;;APTBLD;APPARTEMENTSGEBOUW - IMMEUBLE A APPARTEMENTS;NA;;;';;';;Y;;;;'26/03/2020 14:34:24
;;;Zoning;6807712;'20200127134349;W03-C-Antwerpen-West-FH08;6807712;'20200127134349;W03-C-Antwerpen-West-FH08;19085;FTTH-Cu;;';';;;;;;;31647979;'20200326153556;49202;'1630000;'27791;Schoytestraat;'30;';2000;Antwerpen;;'152168;'211657;';Y;NA;4;4;Unknown;Unknown;;None;;;';SSV_IMPORT;'26/03/2020 14:41:42;;Y;;;;'26/03/2020 14:34:24;1;11341353;;LU;1;';';';';';;;;;;;;';SSV_IMPORT;'26/03/2020 14:41:43;;Y;;;;'26/03/2020 14:34:24
;;;Zoning;6807712;'20200127134349;W03-C-Antwerpen-West-FH08;6807712;'20200127134349;W03-C-Antwerpen-West-FH08;19085;FTTH-Cu;;';';;;;;;;31647979;'20200326153556;49202;'1630000;'27791;Schoytestraat;'30;';2000;Antwerpen;;'152168;'211657;';Y;NA;4;4;Unknown;Unknown;;None;;;';SSV_IMPORT;'26/03/2020 14:41:42;;Y;;;;'26/03/2020 14:34:24;2;11341354;;LU;1;';';';';';;;;;;;;';SSV_IMPORT;'26/03/2020 14:41:44;;Y;;;;'26/03/2020 14:34:24
;;;Zoning;6807712;'20200127134349;W03-C-Antwerpen-West-FH08;6807712;'20200127134349;W03-C-Antwerpen-West-FH08;19085;FTTH-Cu;;';';;;;;;;31647979;'20200326153556;49202;'1630000;'27791;Schoytestraat;'30;';2000;Antwerpen;;'152168;'211657;';Y;NA;4;4;Unknown;Unknown;;None;;;';SSV_IMPORT;'26/03/2020 14:41:42;;Y;;;;'26/03/2020 14:34:24;3;11341355;;LU;1;';';';';';;;;;;;;';SSV_IMPORT;'26/03/2020 14:41:44;;Y;;;;'26/03/2020 14:34:24
;;;Zoning;6807712;'20200127134349;W03-C-Antwerpen-West-FH08;6807712;'20200127134349;W03-C-Antwerpen-West-FH08;19085;FTTH-Cu;;';';;;;;;;31647979;'20200326153556;49202;'1630000;'27791;Schoytestraat;'30;';2000;Antwerpen;;'152168;'211657;';Y;NA;4;4;Unknown;Unknown;;None;;;';SSV_IMPORT;'26/03/2020 14:41:42;;Y;;;;'26/03/2020 14:34:24;4;11341356;;LU;1;';';';';';;;;;;;;';SSV_IMPORT;'26/03/2020 14:41:46;;Y;;;;'26/03/2020 14:34:24
;;;Zoning;6807712;'20200127134349;W03-C-Antwerpen-West-FH08;6807712;'20200127134349;W03-C-Antwerpen-West-FH08;19085;FTTH-Cu;;';';;;;;;;31647979;'20200326153556;49202;'1630000;'27791;Schoytestraat;'30;';2000;Antwerpen;;'152168;'211657;';Y;NA;4;4;Unknown;Unknown;;None;;;';SSV_IMPORT;'26/03/2020 14:41:42;;Y;;;;'26/03/2020 14:34:24;5;11341357;;LU;1;';';';';';;;;;;;;';SSV_IMPORT;'26/03/2020 14:41:47;;Y;;;;'26/03/2020 14:34:24
;;;Zoning;6807712;'20200127134349;W03-C-Antwerpen-West-FH08;6807712;'20200127134349;W03-C-Antwerpen-West-FH08;19085;FTTH-Cu;;';';;;;;;;31647979;'20200326153556;49202;'1630000;'27791;Schoytestraat;'30;';2000;Antwerpen;;'152168;'211657;';Y;NA;4;4;Unknown;Unknown;;None;;;';SSV_IMPORT;'26/03/2020 14:41:42;;Y;;;;'26/03/2020 14:34:24;6;11341358;;LU;1;';';';';';;;;;;;;';SSV_IMPORT;'26/03/2020 14:41:48;;Y;;;;'26/03/2020 14:34:24
;;;Zoning;6807712;'20200127134349;W03-C-Antwerpen-West-FH08;6807712;'20200127134349;W03-C-Antwerpen-West-FH08;19085;FTTH-Cu;;';';;;;;;;31647982;'20200326153556;4511151;'1630000;'27791;Schoytestraat;'32;';2000;Antwerpen;;'152173;'211657;';Y;NA;2;4;Unknown;Unknown;;None;;;';SSV_IMPORT;'26/03/2020 14:41:53;;Y;;;;'26/03/2020 14:34:24;1;11341359;;LU;1;';';';';';;;;;;;;';SSV_IMPORT;'26/03/2020 14:41:54;;Y;;;;'26/03/2020 14:34:24
;;;Zoning;6807712;'20200127134349;W03-C-Antwerpen-West-FH08;6807712;'20200127134349;W03-C-Antwerpen-West-FH08;19085;FTTH-Cu;;';';;;;;;;31647983;'20200326153556;2051951;'1630000;'27791;Schoytestraat;'34;';2000;Antwerpen;;'152180;'211656;';Y;NA;4;4;Unknown;Unknown;;None;;;';SSV_IMPORT;'26/03/2020 14:41:59;;Y;;;;'26/03/2020 14:34:24;1;11341360;;LU;1;';';';';';;;;;;;;';SSV_IMPORT;'26/03/2020 14:42:00;;Y;;;;'26/03/2020 14:34:24
;;;Zoning;6807712;'20200127134349;W03-C-Antwerpen-West-FH08;6807712;'20200127134349;W03-C-Antwerpen-West-FH08;19085;FTTH-Cu;;';';;;;;;;31647983;'20200326153556;2051951;'1630000;'27791;Schoytestraat;'34;';2000;Antwerpen;;'152180;'211656;';Y;NA;4;4;Unknown;Unknown;;None;;;';SSV_IMPORT;'26/03/2020 14:41:59;;Y;;;;'26/03/2020 14:34:24;2;11341361;;LU;1;';';';';';;;;;;;;';SSV_IMPORT;'26/03/2020 14:42:02;;Y;;;;'26/03/2020 14:34:24
;;;Zoning;6807712;'20200127134349;W03-C-Antwerpen-West-FH08;6807712;'20200127134349;W03-C-Antwerpen-West-FH08;19085;FTTH-Cu;;';';;;;;;;31647983;'20200326153556;2051951;'1630000;'27791;Schoytestraat;'34;';2000;Antwerpen;;'152180;'211656;';Y;NA;4;4;Unknown;Unknown;;None;;;';SSV_IMPORT;'26/03/2020 14:41:59;;Y;;;;'26/03/2020 14:34:24;3;11341362;;LU;1;';';';';';;;;;;;;';SSV_IMPORT;'26/03/2020 14:42:03;;Y;;;;'26/03/2020 14:34:24
;;;Zoning;6807712;'20200127134349;W03-C-Antwerpen-West-FH08;6807712;'20200127134349;W03-C-Antwerpen-West-FH08;19085;FTTH-Cu;;';';;;;;;;31647983;'20200326153556;2051951;'1630000;'27791;Schoytestraat;'34;';2000;Antwerpen;;'152180;'211656;';Y;NA;4;4;Unknown;Unknown;;None;;;';SSV_IMPORT;'26/03/2020 14:41:59;;Y;;;;'26/03/2020 14:34:24;4;11341363;;LU;1;';';';';';;;;;;;;';SSV_IMPORT;'26/03/2020 14:42:05;;Y;;;;'26/03/2020 14:34:24
;;;Zoning;6807712;'20200127134349;W03-C-Antwerpen-West-FH08;6807712;'20200127134349;W03-C-Antwerpen-West-FH08;19085;FTTH-Cu;;';';;;;;;;714763;'20200326153600;60913;'1630000;'27791;Schoytestraat;'37;';2000;Antwerpen;;'152219,194;'211662,419;';Y;NA;4;4;Unknown;Unknown;;None;;;';IFH_BATCH;'26/03/2020 14:59:37;;Y;;;;'26/03/2020 14:34:24;1;1766324;;LU;1;';';';';';Y;;APTBLD;APPARTEMENTSGEBOUW - IMMEUBLE A APPARTEMENTS;NA;;;';;';;Y;;;;'26/03/2020 14:34:24
;;;Zoning;6807712;'20200127134349;W03-C-Antwerpen-West-FH08;6807712;'20200127134349;W03-C-Antwerpen-West-FH08;19085;FTTH-Cu;;';';;;;;;;714763;'20200326153600;60913;'1630000;'27791;Schoytestraat;'37;';2000;Antwerpen;;'152219,194;'211662,419;';Y;NA;4;4;Unknown;Unknown;;None;;;';IFH_BATCH;'26/03/2020 14:59:37;;Y;;;;'26/03/2020 14:34:24;2;1766325;;LU;1;';';';';';Y;;APTBLD;APPARTEMENTSGEBOUW - IMMEUBLE A APPARTEMENTS;NA;;;';;';;Y;;;;'26/03/2020 14:34:24
;;;Zoning;6807712;'20200127134349;W03-C-Antwerpen-West-FH08;6807712;'20200127134349;W03-C-Antwerpen-West-FH08;19085;FTTH-Cu;;';';;;;;;;714763;'20200326153600;60913;'1630000;'27791;Schoytestraat;'37;';2000;Antwerpen;;'152219,194;'211662,419;';Y;NA;4;4;Unknown;Unknown;;None;;;';IFH_BATCH;'26/03/2020 14:59:37;;Y;;;;'26/03/2020 14:34:24;3;1766326;;LU;1;';';';';';Y;;APTBLD;APPARTEMENTSGEBOUW - IMMEUBLE A APPARTEMENTS;NA;;;';;';;Y;;;;'26/03/2020 14:34:24
;;;Zoning;6807712;'20200127134349;W03-C-Antwerpen-West-FH08;6807712;'20200127134349;W03-C-Antwerpen-West-FH08;19085;FTTH-Cu;;';';;;;;;;714763;'20200326153600;60913;'1630000;'27791;Schoytestraat;'37;';2000;Antwerpen;;'152219,194;'211662,419;';Y;NA;4;4;Unknown;Unknown;;None;;;';IFH_BATCH;'26/03/2020 14:59:37;;Y;;;;'26/03/2020 14:34:24;4;1766327;;LU;1;';';';';';Y;;APTBLD;APPARTEMENTSGEBOUW - IMMEUBLE A APPARTEMENTS;NA;;;';;';;Y;;;;'26/03/2020 14:34:24
;;;Zoning;6807712;'20200127134349;W03-C-Antwerpen-West-FH08;6807712;'20200127134349;W03-C-Antwerpen-West-FH08;19085;FTTH-Cu;;';';;;;;;;710623;'20200326153604;49193;'1630000;'27791;Schoytestraat;'38;';2000;Antwerpen;;'152186,761;'211653,396;';Y;NA;4;4;Unknown;Unknown;;None;;;';IFH_BATCH;'26/03/2020 14:59:21;;Y;;;;'26/03/2020 14:34:24;1;1767307;;LU;1;';';';';';Y;#A.GV/L/K;APPART;DEEL_APP_GEBOUW - PARTIE_IMMEUBLE_APP;APPART;;;';;';;Y;;;;'26/03/2020 14:34:24
;;;Zoning;6807712;'20200127134349;W03-C-Antwerpen-West-FH08;6807712;'20200127134349;W03-C-Antwerpen-West-FH08;19085;FTTH-Cu;;';';;;;;;;710623;'20200326153604;49193;'1630000;'27791;Schoytestraat;'38;';2000;Antwerpen;;'152186,761;'211653,396;';Y;NA;4;4;Unknown;Unknown;;None;;;';IFH_BATCH;'26/03/2020 14:59:21;;Y;;;;'26/03/2020 14:34:24;2;1767409;;LU;1;';';';';';Y;#A1/L/K;APPART;DEEL_APP_GEBOUW - PARTIE_IMMEUBLE_APP;APPART;;;';;';;Y;;;;'26/03/2020 14:34:24
;;;Zoning;6807712;'20200127134349;W03-C-Antwerpen-West-FH08;6807712;'20200127134349;W03-C-Antwerpen-West-FH08;19085;FTTH-Cu;;';';;;;;;;710623;'20200326153604;49193;'1630000;'27791;Schoytestraat;'38;';2000;Antwerpen;;'152186,761;'211653,396;';Y;NA;4;4;Unknown;Unknown;;None;;;';IFH_BATCH;'26/03/2020 14:59:21;;Y;;;;'26/03/2020 14:34:24;3;1767423;;LU;1;';';';';';Y;#A1/R/K;APPART;DEEL_APP_GEBOUW - PARTIE_IMMEUBLE_APP;APPART;;;';;';;Y;;;;'26/03/2020 14:34:24
;;;Zoning;6807712;'20200127134349;W03-C-Antwerpen-West-FH08;6807712;'20200127134349;W03-C-Antwerpen-West-FH08;19085;FTTH-Cu;;';';;;;;;;710623;'20200326153604;49193;'1630000;'27791;Schoytestraat;'38;';2000;Antwerpen;;'152186,761;'211653,396;';Y;NA;4;4;Unknown;Unknown;;None;;;';IFH_BATCH;'26/03/2020 14:59:21;;Y;;;;'26/03/2020 14:34:24;4;1767519;;LU;1;';';';';';Y;#A2/L/K;APPART;DEEL_APP_GEBOUW - PARTIE_IMMEUBLE_APP;APPART;;;';;';;Y;;;;'26/03/2020 14:34:24
;;;Zoning;6807712;'20200127134349;W03-C-Antwerpen-West-FH08;6807712;'20200127134349;W03-C-Antwerpen-West-FH08;19085;FTTH-Cu;;';';;;;;;;710623;'20200326153604;49193;'1630000;'27791;Schoytestraat;'38;';2000;Antwerpen;;'152186,761;'211653,396;';Y;NA;4;4;Unknown;Unknown;;None;;;';IFH_BATCH;'26/03/2020 14:59:21;;Y;;;;'26/03/2020 14:34:24;5;1767533;;LU;1;';';';';';Y;#A2/R/K;APPART;DEEL_APP_GEBOUW - PARTIE_IMMEUBLE_APP;APPART;;;';;';;Y;;;;'26/03/2020 14:34:24
;;;Zoning;6807712;'20200127134349;W03-C-Antwerpen-West-FH08;6807712;'20200127134349;W03-C-Antwerpen-West-FH08;19085;FTTH-Cu;;';';;;;;;;710623;'20200326153604;49193;'1630000;'27791;Schoytestraat;'38;';2000;Antwerpen;;'152186,761;'211653,396;';Y;NA;4;4;Unknown;Unknown;;None;;;';IFH_BATCH;'26/03/2020 14:59:21;;Y;;;;'26/03/2020 14:34:24;6;1767700;;LU;1;';';';';';Y;#AGV/R/K;APPART;DEEL_APP_GEBOUW - PARTIE_IMMEUBLE_APP;APPART;;;';;';;Y;;;;'26/03/2020 14:34:24
;;;Zoning;6807712;'20200127134349;W03-C-Antwerpen-West-FH08;6807712;'20200127134349;W03-C-Antwerpen-West-FH08;19085;FTTH-Cu;;';';;;;;;;675121;'20200326153551;2051952;'1630000;'27791;Schoytestraat;'39;';2000;Antwerpen;;'152225,569;'211663,384;';Y;NA;4;4;Unknown;Unknown;;None;;;';IFH_BATCH;'26/03/2020 14:58:10;;Y;;;;'26/03/2020 14:34:24;1;1771411;;LU;1;';';';';';Y;;APTBLD;APPARTEMENTSGEBOUW - IMMEUBLE A APPARTEMENTS;NA;;;';;';;Y;;;;'26/03/2020 14:34:24
;;;Zoning;6807712;'20200127134349;W03-C-Antwerpen-West-FH08;6807712;'20200127134349;W03-C-Antwerpen-West-FH08;19085;FTTH-Cu;;';';;;;;;;675121;'20200326153551;2051952;'1630000;'27791;Schoytestraat;'39;';2000;Antwerpen;;'152225,569;'211663,384;';Y;NA;4;4;Unknown;Unknown;;None;;;';IFH_BATCH;'26/03/2020 14:58:10;;Y;;;;'26/03/2020 14:34:24;2;1771412;;LU;1;';';';';';Y;;APTBLD;APPARTEMENTSGEBOUW - IMMEUBLE A APPARTEMENTS;NA;;;';;';;Y;;;;'26/03/2020 14:34:24
;;;Zoning;6807712;'20200127134349;W03-C-Antwerpen-West-FH08;6807712;'20200127134349;W03-C-Antwerpen-West-FH08;19085;FTTH-Cu;;';';;;;;;;675121;'20200326153551;2051952;'1630000;'27791;Schoytestraat;'39;';2000;Antwerpen;;'152225,569;'211663,384;';Y;NA;4;4;Unknown;Unknown;;None;;;';IFH_BATCH;'26/03/2020 14:58:10;;Y;;;;'26/03/2020 14:34:24;3;1771413;;LU;1;';';';';';Y;;APTBLD;APPARTEMENTSGEBOUW - IMMEUBLE A APPARTEMENTS;NA;;;';;';;Y;;;;'26/03/2020 14:34:24
;;;Zoning;6807712;'20200127134349;W03-C-Antwerpen-West-FH08;6807712;'20200127134349;W03-C-Antwerpen-West-FH08;19085;FTTH-Cu;;';';;;;;;;31647985;'20200326153556;49194;'1630000;'27791;Schoytestraat;'40;';2000;Antwerpen;;'152191;'211653;';Y;NA;2;4;Unknown;Unknown;;None;;;';SSV_IMPORT;'26/03/2020 14:42:14;;Y;;;;'26/03/2020 14:34:24;1;11341364;;LU;1;';';';';';;;;;;;;';SSV_IMPORT;'26/03/2020 14:42:15;;Y;;;;'26/03/2020 14:34:24
;;;Zoning;6807712;'20200127134349;W03-C-Antwerpen-West-FH08;6807712;'20200127134349;W03-C-Antwerpen-West-FH08;19085;FTTH-Cu;;';';;;;;;;675122;'20200326153551;2051953;'1630000;'27791;Schoytestraat;'42;';2000;Antwerpen;;'152215,717;'211644,677;';Y;NA;2;4;Unknown;Unknown;;None;;;';IFH_BATCH;'26/03/2020 14:58:12;;Y;;;;'26/03/2020 14:34:24;1;1783344;;LU;1;';';';';';Y;;HOUSE;WONING - MAISON;NA;;;';;';;Y;;;;'26/03/2020 14:34:24
;;;Zoning;6807712;'20200127134349;W03-C-Antwerpen-West-FH08;6807712;'20200127134349;W03-C-Antwerpen-West-FH08;19085;FTTH-Cu;;';';;;;;;;675123;'20200326153551;2051954;'1630000;'27791;Schoytestraat;'47;';2000;Antwerpen;;'152245,623;'211652,078;';Y;NA;4;4;Unknown;Unknown;;None;;;';IFH_BATCH;'26/03/2020 14:58:14;;Y;;;;'26/03/2020 14:34:24;1;1794542;;LU;1;';';';';';Y;;APTBLD;APPARTEMENTSGEBOUW - IMMEUBLE A APPARTEMENTS;NA;;;';;';;Y;;;;'26/03/2020 14:34:24
;;;Zoning;6807712;'20200127134349;W03-C-Antwerpen-West-FH08;6807712;'20200127134349;W03-C-Antwerpen-West-FH08;19085;FTTH-Cu;;';';;;;;;;675123;'20200326153551;2051954;'1630000;'27791;Schoytestraat;'47;';2000;Antwerpen;;'152245,623;'211652,078;';Y;NA;4;4;Unknown;Unknown;;None;;;';IFH_BATCH;'26/03/2020 14:58:14;;Y;;;;'26/03/2020 14:34:24;2;1794543;;LU;1;';';';';';Y;;APTBLD;APPARTEMENTSGEBOUW - IMMEUBLE A APPARTEMENTS;NA;;;';;';;Y;;;;'26/03/2020 14:34:24
;;;Zoning;6807712;'20200127134349;W03-C-Antwerpen-West-FH08;6807712;'20200127134349;W03-C-Antwerpen-West-FH08;19085;FTTH-Cu;;';';;;;;;;675123;'20200326153551;2051954;'1630000;'27791;Schoytestraat;'47;';2000;Antwerpen;;'152245,623;'211652,078;';Y;NA;4;4;Unknown;Unknown;;None;;;';IFH_BATCH;'26/03/2020 14:58:14;;Y;;;;'26/03/2020 14:34:24;3;1794544;;LU;1;';';';';';Y;;APTBLD;APPARTEMENTSGEBOUW - IMMEUBLE A APPARTEMENTS;NA;;;';;';;Y;;;;'26/03/2020 14:34:24
;;;Zoning;6807712;'20200127134349;W03-C-Antwerpen-West-FH08;6807712;'20200127134349;W03-C-Antwerpen-West-FH08;19085;FTTH-Cu;;';';;;;;;;675124;'20200326153551;2051955;'1630000;'27791;Schoytestraat;'49;';2000;Antwerpen;;'152250,627;'211650,068;';Y;NA;4;4;Unknown;Unknown;;None;;;';IFH_BATCH;'26/03/2020 14:58:16;;Y;;;;'26/03/2020 14:34:24;1;1798217;;LU;1;';';';';';Y;;HOUSE;WONING - MAISON;NA;;;';;';;Y;;;;'26/03/2020 14:34:24
;;;Zoning;6807712;'20200127134349;W03-C-Antwerpen-West-FH08;6807712;'20200127134349;W03-C-Antwerpen-West-FH08;19085;FTTH-Cu;;';';;;;;;;675124;'20200326153551;2051955;'1630000;'27791;Schoytestraat;'49;';2000;Antwerpen;;'152250,627;'211650,068;';Y;NA;4;4;Unknown;Unknown;;None;;;';IFH_BATCH;'26/03/2020 14:58:16;;Y;;;;'26/03/2020 14:34:24;2;1798218;;LU;1;';';';';';Y;;HOUSE;WONING - MAISON;NA;;;';;';;Y;;;;'26/03/2020 14:34:24
;;;Zoning;6807712;'20200127134349;W03-C-Antwerpen-West-FH08;6807712;'20200127134349;W03-C-Antwerpen-West-FH08;19085;FTTH-Cu;;';';;;;;;;675124;'20200326153551;2051955;'1630000;'27791;Schoytestraat;'49;';2000;Antwerpen;;'152250,627;'211650,068;';Y;NA;4;4;Unknown;Unknown;;None;;;';IFH_BATCH;'26/03/2020 14:58:16;;Y;;;;'26/03/2020 14:34:24;3;1798219;;LU;1;';';';';';Y;;HOUSE;WONING - MAISON;NA;;;';;';;Y;;;;'26/03/2020 14:34:24
;;;Zoning;6807712;'20200127134349;W03-C-Antwerpen-West-FH08;6807712;'20200127134349;W03-C-Antwerpen-West-FH08;19085;FTTH-Cu;;';';;;;;;;675125;'20200326153551;2051956;'1630000;'27791;Schoytestraat;'51;';2000;Antwerpen;;'152255,567;'211648,751;';Y;NA;4;4;Unknown;Unknown;;None;;;';IFH_BATCH;'26/03/2020 14:58:18;;Y;;;;'26/03/2020 14:34:24;1;1807442;;LU;1;';';';';';Y;;HOUSE;WONING - MAISON;NA;;;';;';;Y;;;;'26/03/2020 14:34:24
;;;Zoning;6807712;'20200127134349;W03-C-Antwerpen-West-FH08;6807712;'20200127134349;W03-C-Antwerpen-West-FH08;19085;FTTH-Cu;;';';;;;;;;675125;'20200326153551;2051956;'1630000;'27791;Schoytestraat;'51;';2000;Antwerpen;;'152255,567;'211648,751;';Y;NA;4;4;Unknown;Unknown;;None;;;';IFH_BATCH;'26/03/2020 14:58:18;;Y;;;;'26/03/2020 14:34:24;2;1807443;;LU;1;';';';';';Y;;HOUSE;WONING - MAISON;NA;;;';;';;Y;;;;'26/03/2020 14:34:24
;;;Zoning;6807712;'20200127134349;W03-C-Antwerpen-West-FH08;6807712;'20200127134349;W03-C-Antwerpen-West-FH08;19085;FTTH-Cu;;';';;;;;;;675125;'20200326153551;2051956;'1630000;'27791;Schoytestraat;'51;';2000;Antwerpen;;'152255,567;'211648,751;';Y;NA;4;4;Unknown;Unknown;;None;;;';IFH_BATCH;'26/03/2020 14:58:18;;Y;;;;'26/03/2020 14:34:24;3;1807444;;LU;1;';';';';';Y;;HOUSE;WONING - MAISON;NA;;;';;';;Y;;;;'26/03/2020 14:34:24
;;;Zoning;6807712;'20200127134349;W03-C-Antwerpen-West-FH08;6807712;'20200127134349;W03-C-Antwerpen-West-FH08;19085;FTTH-Cu;;';';;;;;;;675125;'20200326153551;2051956;'1630000;'27791;Schoytestraat;'51;';2000;Antwerpen;;'152255,567;'211648,751;';Y;NA;4;4;Unknown;Unknown;;None;;;';IFH_BATCH;'26/03/2020 14:58:18;;Y;;;;'26/03/2020 14:34:24;4;1807445;;LU;1;';';';';';Y;;HOUSE;WONING - MAISON;NA;;;';;';;Y;;;;'26/03/2020 14:34:24
;;;Zoning;6807712;'20200127134349;W03-C-Antwerpen-West-FH08;6807712;'20200127134349;W03-C-Antwerpen-West-FH08;19085;FTTH-Cu;;';';;;;;;;707172;'20200326153605;4511094;'1630000;'27791;Schoytestraat;'52;';2000;Antwerpen;;'152221,718;'211630,376;';Y;NA;2;4;Unknown;Unknown;;None;;;';IFH_BATCH;'26/03/2020 14:59:11;;Y;;;;'26/03/2020 14:34:24;1;1809184;;BU;1;';';';';';Y;;PARKBLD;PARKEERGEBOUW - BATIMENT PARKING;NA;;;';;';;Y;;;;'26/03/2020 14:34:24
;;;Zoning;6807712;'20200127134349;W03-C-Antwerpen-West-FH08;6807712;'20200127134349;W03-C-Antwerpen-West-FH08;19085;FTTH-Cu;;';';;;;;;;675126;'20200326153551;2051957;'1630000;'27791;Schoytestraat;'53;';2000;Antwerpen;;'152259,952;'211646,107;';Y;NA;2;4;Unknown;Unknown;;None;;;';IFH_BATCH;'26/03/2020 14:58:20;;Y;;;;'26/03/2020 14:34:24;1;1811023;;LU;1;';';';';';Y;;HOUSE;WONING - MAISON;NA;;;';;';;Y;;;;'26/03/2020 14:34:24
;;;Zoning;6807712;'20200127134349;W03-C-Antwerpen-West-FH08;6807712;'20200127134349;W03-C-Antwerpen-West-FH08;19085;FTTH-Cu;;';';;;;;;;675127;'20200326153551;2051958;'1630000;'27791;Schoytestraat;'55;';2000;Antwerpen;;'152264,59;'211644,599;';Y;NA;2;4;Unknown;Unknown;;None;;;';IFH_BATCH;'26/03/2020 14:58:22;;Y;;;;'26/03/2020 14:34:24;1;1814474;;LU;1;';';';';';Y;;HOUSE;WONING - MAISON;NA;;;';;';;Y;;;;'26/03/2020 14:34:24
;;;Zoning;6807712;'20200127134349;W03-C-Antwerpen-West-FH08;6807712;'20200127134349;W03-C-Antwerpen-West-FH08;19085;FTTH-Cu;;';';;;;;;;675128;'20200326153551;2051960;'1630000;'27791;Schoytestraat;'57;';2000;Antwerpen;;'152267,92;'211642,356;';Y;NA;2;4;Unknown;Unknown;;None;;;';IFH_BATCH;'26/03/2020 14:58:25;;Y;;;;'26/03/2020 14:34:24;1;1817277;;LU;1;';';';';';Y;;HOUSE;WONING - MAISON;NA;;;';;';;Y;;;;'26/03/2020 14:34:24
;;;Zoning;6807712;'20200127134349;W03-C-Antwerpen-West-FH08;6807712;'20200127134349;W03-C-Antwerpen-West-FH08;19085;FTTH-Cu;;';';;;;;;;675129;'20200326153551;2051961;'1630000;'27791;Schoytestraat;'58;';2000;Antwerpen;;'152237,165;'211633,453;';Y;NA;2;4;Unknown;Unknown;;None;;;';IFH_BATCH;'26/03/2020 14:58:27;;Y;;;;'26/03/2020 14:34:24;1;1818726;;LU;1;';';';';';Y;;HOUSE;WONING - MAISON;NA;;;';;';;Y;;;;'26/03/2020 14:34:24
;;;Zoning;6807712;'20200127134349;W03-C-Antwerpen-West-FH08;6807712;'20200127134349;W03-C-Antwerpen-West-FH08;19085;FTTH-Cu;;';';;;;;;;675130;'20200326153551;2051962;'1630000;'27791;Schoytestraat;'59;';2000;Antwerpen;;'152271,697;'211642,198;';N;MON;4;0;Unknown;Unknown;;None;;;';IFH_BATCH;'26/03/2020 14:58:31;;Y;;;;'26/03/2020 14:34:24;1;1820279;;LU;1;';';';';';Y;;APTBLD;APPARTEMENTSGEBOUW - IMMEUBLE A APPARTEMENTS;NA;;;';;';;Y;;;;'26/03/2020 14:34:24
;;;Zoning;6807712;'20200127134349;W03-C-Antwerpen-West-FH08;6807712;'20200127134349;W03-C-Antwerpen-West-FH08;19085;FTTH-Cu;;';';;;;;;;675130;'20200326153551;2051962;'1630000;'27791;Schoytestraat;'59;';2000;Antwerpen;;'152271,697;'211642,198;';N;MON;4;0;Unknown;Unknown;;None;;;';IFH_BATCH;'26/03/2020 14:58:31;;Y;;;;'26/03/2020 14:34:24;2;1820280;;LU;1;';';';';';Y;;APTBLD;APPARTEMENTSGEBOUW - IMMEUBLE A APPARTEMENTS;NA;;;';;';;Y;;;;'26/03/2020 14:34:24
;;;Zoning;6807712;'20200127134349;W03-C-Antwerpen-West-FH08;6807712;'20200127134349;W03-C-Antwerpen-West-FH08;19085;FTTH-Cu;;';';;;;;;;675130;'20200326153551;2051962;'1630000;'27791;Schoytestraat;'59;';2000;Antwerpen;;'152271,697;'211642,198;';N;MON;4;0;Unknown;Unknown;;None;;;';IFH_BATCH;'26/03/2020 14:58:31;;Y;;;;'26/03/2020 14:34:24;3;1820281;;LU;1;';';';';';Y;;APTBLD;APPARTEMENTSGEBOUW - IMMEUBLE A APPARTEMENTS;NA;;;';;';;Y;;;;'26/03/2020 14:34:24
;;;Zoning;6807712;'20200127134349;W03-C-Antwerpen-West-FH08;6807712;'20200127134349;W03-C-Antwerpen-West-FH08;19085;FTTH-Cu;;';';;;;;;;675130;'20200326153551;2051962;'1630000;'27791;Schoytestraat;'59;';2000;Antwerpen;;'152271,697;'211642,198;';N;MON;4;0;Unknown;Unknown;;None;;;';IFH_BATCH;'26/03/2020 14:58:31;;Y;;;;'26/03/2020 14:34:24;4;1820282;;LU;1;';';';';';Y;;APTBLD;APPARTEMENTSGEBOUW - IMMEUBLE A APPARTEMENTS;NA;;;';;';;Y;;;;'26/03/2020 14:34:24
;;;Zoning;6807712;'20200127134349;W03-C-Antwerpen-West-FH08;6807712;'20200127134349;W03-C-Antwerpen-West-FH08;19085;FTTH-Cu;;';';;;;;;;675130;'20200326153551;2051962;'1630000;'27791;Schoytestraat;'59;';2000;Antwerpen;;'152271,697;'211642,198;';N;MON;4;0;Unknown;Unknown;;None;;;';IFH_BATCH;'26/03/2020 14:58:31;;Y;;;;'26/03/2020 14:34:24;5;1820283;;LU;1;';';';';';Y;;APTBLD;APPARTEMENTSGEBOUW - IMMEUBLE A APPARTEMENTS;NA;;;';;';;Y;;;;'26/03/2020 14:34:24
;;;Zoning;6807712;'20200127134349;W03-C-Antwerpen-West-FH08;6807712;'20200127134349;W03-C-Antwerpen-West-FH08;19085;FTTH-Cu;;';';;;;;;;675130;'20200326153551;2051962;'1630000;'27791;Schoytestraat;'59;';2000;Antwerpen;;'152271,697;'211642,198;';N;MON;4;0;Unknown;Unknown;;None;;;';IFH_BATCH;'26/03/2020 14:58:31;;Y;;;;'26/03/2020 14:34:24;6;1820284;;LU;1;';';';';';Y;;APTBLD;APPARTEMENTSGEBOUW - IMMEUBLE A APPARTEMENTS;NA;;;';;';;Y;;;;'26/03/2020 14:34:24
;;;Zoning;6807712;'20200127134349;W03-C-Antwerpen-West-FH08;6807712;'20200127134349;W03-C-Antwerpen-West-FH08;19085;FTTH-Cu;;';';;;;;;;675131;'20200326153552;2051963;'1630000;'27791;Schoytestraat;'60;';2000;Antwerpen;;'152243,864;'211630,908;';Y;NA;4;4;Unknown;Unknown;;None;;;';IFH_BATCH;'26/03/2020 14:58:34;;Y;;;;'26/03/2020 14:34:24;1;1826584;;LU;1;';';';';';Y;;HOUSE;WONING - MAISON;NA;;;';;';;Y;;;;'26/03/2020 14:34:24
;;;Zoning;6807712;'20200127134349;W03-C-Antwerpen-West-FH08;6807712;'20200127134349;W03-C-Antwerpen-West-FH08;19085;FTTH-Cu;;';';;;;;;;675131;'20200326153552;2051963;'1630000;'27791;Schoytestraat;'60;';2000;Antwerpen;;'152243,864;'211630,908;';Y;NA;4;4;Unknown;Unknown;;None;;;';IFH_BATCH;'26/03/2020 14:58:34;;Y;;;;'26/03/2020 14:34:24;2;1826585;;LU;1;';';';';';Y;;HOUSE;WONING - MAISON;NA;;;';;';;Y;;;;'26/03/2020 14:34:24
;;;Zoning;6807712;'20200127134349;W03-C-Antwerpen-West-FH08;6807712;'20200127134349;W03-C-Antwerpen-West-FH08;19085;FTTH-Cu;;';';;;;;;;707176;'20200326153605;4511157;'1630000;'27791;Schoytestraat;'61;';2000;Antwerpen;;'152276,34;'211639,838;';N;MON;2;0;Unknown;Unknown;;None;;;';IFH_BATCH;'26/03/2020 14:59:19;;Y;;;;'26/03/2020 14:34:24;1;1828351;;LU;1;';';';';';Y;;HOUSE;WONING - MAISON;NA;;;';;';;Y;;;;'26/03/2020 14:34:24
;;;Zoning;6807712;'20200127134349;W03-C-Antwerpen-West-FH08;6807712;'20200127134349;W03-C-Antwerpen-West-FH08;19085;FTTH-Cu;;';';;;;;;;675132;'20200326153552;2051964;'1630000;'27791;Schoytestraat;'62;';2000;Antwerpen;;'152250,716;'211630,408;';Y;NA;4;4;Unknown;Unknown;;None;;;';IFH_BATCH;'26/03/2020 14:58:36;;Y;;;;'26/03/2020 14:34:24;1;1829653;;LU;1;';';';';';Y;;HOUSE;WONING - MAISON;NA;;;';;';;Y;;;;'26/03/2020 14:34:24
;;;Zoning;6807712;'20200127134349;W03-C-Antwerpen-West-FH08;6807712;'20200127134349;W03-C-Antwerpen-West-FH08;19085;FTTH-Cu;;';';;;;;;;675132;'20200326153552;2051964;'1630000;'27791;Schoytestraat;'62;';2000;Antwerpen;;'152250,716;'211630,408;';Y;NA;4;4;Unknown;Unknown;;None;;;';IFH_BATCH;'26/03/2020 14:58:36;;Y;;;;'26/03/2020 14:34:24;2;1829654;;LU;1;';';';';';Y;;HOUSE;WONING - MAISON;NA;;;';;';;Y;;;;'26/03/2020 14:34:24
;;;Zoning;6807712;'20200127134349;W03-C-Antwerpen-West-FH08;6807712;'20200127134349;W03-C-Antwerpen-West-FH08;19085;FTTH-Cu;;';';;;;;;;675132;'20200326153552;2051964;'1630000;'27791;Schoytestraat;'62;';2000;Antwerpen;;'152250,716;'211630,408;';Y;NA;4;4;Unknown;Unknown;;None;;;';IFH_BATCH;'26/03/2020 14:58:36;;Y;;;;'26/03/2020 14:34:24;3;1829655;;LU;1;';';';';';Y;;HOUSE;WONING - MAISON;NA;;;';;';;Y;;;;'26/03/2020 14:34:24
;;;Zoning;6807712;'20200127134349;W03-C-Antwerpen-West-FH08;6807712;'20200127134349;W03-C-Antwerpen-West-FH08;19085;FTTH-Cu;;';';;;;;;;675133;'20200326153552;2051965;'1630000;'27791;Schoytestraat;'63;';2000;Antwerpen;;'152279,566;'211639,287;';Y;NA;4;4;Unknown;Unknown;;None;;;';IFH_BATCH;'26/03/2020 14:58:39;;Y;;;;'26/03/2020 14:34:24;1;1831050;;LU;1;';';';';';Y;;HOUSE;WONING - MAISON;NA;;;';;';;Y;;;;'26/03/2020 14:34:24
;;;Zoning;6807712;'20200127134349;W03-C-Antwerpen-West-FH08;6807712;'20200127134349;W03-C-Antwerpen-West-FH08;19085;FTTH-Cu;;';';;;;;;;675133;'20200326153552;2051965;'1630000;'27791;Schoytestraat;'63;';2000;Antwerpen;;'152279,566;'211639,287;';Y;NA;4;4;Unknown;Unknown;;None;;;';IFH_BATCH;'26/03/2020 14:58:39;;Y;;;;'26/03/2020 14:34:24;2;1831051;;LU;1;';';';';';Y;;HOUSE;WONING - MAISON;NA;;;';;';;Y;;;;'26/03/2020 14:34:24
;;;Zoning;6807712;'20200127134349;W03-C-Antwerpen-West-FH08;6807712;'20200127134349;W03-C-Antwerpen-West-FH08;19085;FTTH-Cu;;';';;;;;;;707173;'20200326153605;4511097;'1630000;'27791;Schoytestraat;'64;';2000;Antwerpen;;'152254,608;'211624,97;';Y;NA;2;4;Unknown;Unknown;;None;;;';IFH_BATCH;'26/03/2020 14:59:13;;Y;;;;'26/03/2020 14:34:24;1;1832213;;LU;1;';';';';';Y;;HOUSE;WONING - MAISON;NA;;;';;';;Y;;;;'26/03/2020 14:34:24
;;;Zoning;6807712;'20200127134349;W03-C-Antwerpen-West-FH08;6807712;'20200127134349;W03-C-Antwerpen-West-FH08;19085;FTTH-Cu;;';';;;;;;;675134;'20200326153552;2051966;'1630000;'27791;Schoytestraat;'65;';2000;Antwerpen;;'152284,838;'211637,634;';Y;NA;4;4;Unknown;Unknown;;None;;;';IFH_BATCH;'26/03/2020 14:58:43;;Y;;;;'26/03/2020 14:34:24;1;1833694;;LU;1;';';';';';Y;;HOUSE;WONING - MAISON;NA;;;';;';;Y;;;;'26/03/2020 14:34:24
;;;Zoning;6807712;'20200127134349;W03-C-Antwerpen-West-FH08;6807712;'20200127134349;W03-C-Antwerpen-West-FH08;19085;FTTH-Cu;;';';;;;;;;675134;'20200326153552;2051966;'1630000;'27791;Schoytestraat;'65;';2000;Antwerpen;;'152284,838;'211637,634;';Y;NA;4;4;Unknown;Unknown;;None;;;';IFH_BATCH;'26/03/2020 14:58:43;;Y;;;;'26/03/2020 14:34:24;2;1833695;;LU;1;';';';';';Y;;HOUSE;WONING - MAISON;NA;;;';;';;Y;;;;'26/03/2020 14:34:24
;;;Zoning;6807712;'20200127134349;W03-C-Antwerpen-West-FH08;6807712;'20200127134349;W03-C-Antwerpen-West-FH08;19085;FTTH-Cu;;';';;;;;;;675134;'20200326153552;2051966;'1630000;'27791;Schoytestraat;'65;';2000;Antwerpen;;'152284,838;'211637,634;';Y;NA;4;4;Unknown;Unknown;;None;;;';IFH_BATCH;'26/03/2020 14:58:43;;Y;;;;'26/03/2020 14:34:24;3;1833696;;LU;1;';';';';';Y;;HOUSE;WONING - MAISON;NA;;;';;';;Y;;;;'26/03/2020 14:34:24
;;;Zoning;6807712;'20200127134349;W03-C-Antwerpen-West-FH08;6807712;'20200127134349;W03-C-Antwerpen-West-FH08;19085;FTTH-Cu;;';';;;;;;;675134;'20200326153552;2051966;'1630000;'27791;Schoytestraat;'65;';2000;Antwerpen;;'152284,838;'211637,634;';Y;NA;4;4;Unknown;Unknown;;None;;;';IFH_BATCH;'26/03/2020 14:58:43;;Y;;;;'26/03/2020 14:34:24;4;1833697;;LU;1;';';';';';Y;;HOUSE;WONING - MAISON;NA;;;';;';;Y;;;;'26/03/2020 14:34:24
;;;Zoning;6807712;'20200127134349;W03-C-Antwerpen-West-FH08;6807712;'20200127134349;W03-C-Antwerpen-West-FH08;19085;FTTH-Cu;;';';;;;;;;31647988;'20200326153556;4511099;'1630000;'27791;Schoytestraat;'66;';2000;Antwerpen;;'152257;'211618;';Y;NA;2;4;Unknown;Unknown;;None;;;';SSV_IMPORT;'26/03/2020 14:42:25;;Y;;;;'26/03/2020 14:34:24;1;11341365;;LU;1;';';';';';;;;;;;;';SSV_IMPORT;'26/03/2020 14:42:26;;Y;;;;'26/03/2020 14:34:24
;;;Zoning;6807712;'20200127134349;W03-C-Antwerpen-West-FH08;6807712;'20200127134349;W03-C-Antwerpen-West-FH08;19085;FTTH-Cu;;';';;;;;;;675135;'20200326153552;2051967;'1630000;'27791;Schoytestraat;'67;';2000;Antwerpen;;'152289,245;'211638,736;';Y;NA;4;4;Unknown;Unknown;;None;;;';IFH_BATCH;'26/03/2020 14:58:46;;Y;;;;'26/03/2020 14:34:24;1;1836194;;LU;1;';';';';';Y;;HOUSE;WONING - MAISON;NA;;;';;';;Y;;;;'26/03/2020 14:34:24
;;;Zoning;6807712;'20200127134349;W03-C-Antwerpen-West-FH08;6807712;'20200127134349;W03-C-Antwerpen-West-FH08;19085;FTTH-Cu;;';';;;;;;;675135;'20200326153552;2051967;'1630000;'27791;Schoytestraat;'67;';2000;Antwerpen;;'152289,245;'211638,736;';Y;NA;4;4;Unknown;Unknown;;None;;;';IFH_BATCH;'26/03/2020 14:58:46;;Y;;;;'26/03/2020 14:34:24;2;1836195;;LU;1;';';';';';Y;;HOUSE;WONING - MAISON;NA;;;';;';;Y;;;;'26/03/2020 14:34:24
;;;Zoning;6807712;'20200127134349;W03-C-Antwerpen-West-FH08;6807712;'20200127134349;W03-C-Antwerpen-West-FH08;19085;FTTH-Cu;;';';;;;;;;675135;'20200326153552;2051967;'1630000;'27791;Schoytestraat;'67;';2000;Antwerpen;;'152289,245;'211638,736;';Y;NA;4;4;Unknown;Unknown;;None;;;';IFH_BATCH;'26/03/2020 14:58:46;;Y;;;;'26/03/2020 14:34:24;3;1836196;;LU;1;';';';';';Y;;HOUSE;WONING - MAISON;NA;;;';;';;Y;;;;'26/03/2020 14:34:24
;;;Zoning;6807712;'20200127134349;W03-C-Antwerpen-West-FH08;6807712;'20200127134349;W03-C-Antwerpen-West-FH08;19085;FTTH-Cu;;';';;;;;;;675135;'20200326153552;2051967;'1630000;'27791;Schoytestraat;'67;';2000;Antwerpen;;'152289,245;'211638,736;';Y;NA;4;4;Unknown;Unknown;;None;;;';IFH_BATCH;'26/03/2020 14:58:46;;Y;;;;'26/03/2020 14:34:24;4;1836197;;LU;1;';';';';';Y;;HOUSE;WONING - MAISON;NA;;;';;';;Y;;;;'26/03/2020 14:34:24
;;;Zoning;6807712;'20200127134349;W03-C-Antwerpen-West-FH08;6807712;'20200127134349;W03-C-Antwerpen-West-FH08;19085;FTTH-Cu;;';';;;;;;;675135;'20200326153552;2051967;'1630000;'27791;Schoytestraat;'67;';2000;Antwerpen;;'152289,245;'211638,736;';Y;NA;4;4;Unknown;Unknown;;None;;;';IFH_BATCH;'26/03/2020 14:58:46;;Y;;;;'26/03/2020 14:34:24;5;1836198;;LU;1;';';';';';Y;;HOUSE;WONING - MAISON;NA;;;';;';;Y;;;;'26/03/2020 14:34:24
;;;Zoning;6807712;'20200127134349;W03-C-Antwerpen-West-FH08;6807712;'20200127134349;W03-C-Antwerpen-West-FH08;19085;FTTH-Cu;;';';;;;;;;675135;'20200326153552;2051967;'1630000;'27791;Schoytestraat;'67;';2000;Antwerpen;;'152289,245;'211638,736;';Y;NA;4;4;Unknown;Unknown;;None;;;';IFH_BATCH;'26/03/2020 14:58:46;;Y;;;;'26/03/2020 14:34:24;6;1836199;;LU;1;';';';';';Y;;HOUSE;WONING - MAISON;NA;;;';;';;Y;;;;'26/03/2020 14:34:24
;;;Zoning;6807712;'20200127134349;W03-C-Antwerpen-West-FH08;6807712;'20200127134349;W03-C-Antwerpen-West-FH08;19085;FTTH-Cu;;';';;;;;;;675135;'20200326153552;2051967;'1630000;'27791;Schoytestraat;'67;';2000;Antwerpen;;'152289,245;'211638,736;';Y;NA;4;4;Unknown;Unknown;;None;;;';IFH_BATCH;'26/03/2020 14:58:46;;Y;;;;'26/03/2020 14:34:24;7;1836200;;LU;1;';';';';';Y;;HOUSE;WONING - MAISON;NA;;;';;';;Y;;;;'26/03/2020 14:34:24
;;;Zoning;6807712;'20200127134349;W03-C-Antwerpen-West-FH08;6807712;'20200127134349;W03-C-Antwerpen-West-FH08;19085;FTTH-Cu;;';';;;;;;;675135;'20200326153552;2051967;'1630000;'27791;Schoytestraat;'67;';2000;Antwerpen;;'152289,245;'211638,736;';Y;NA;4;4;Unknown;Unknown;;None;;;';IFH_BATCH;'26/03/2020 14:58:46;;Y;;;;'26/03/2020 14:34:24;8;1836201;;LU;1;';';';';';Y;;HOUSE;WONING - MAISON;NA;;;';;';;Y;;;;'26/03/2020 14:34:24
;;;Zoning;6807712;'20200127134349;W03-C-Antwerpen-West-FH08;6807712;'20200127134349;W03-C-Antwerpen-West-FH08;19085;FTTH-Cu;;';';;;;;;;675135;'20200326153552;2051967;'1630000;'27791;Schoytestraat;'67;';2000;Antwerpen;;'152289,245;'211638,736;';Y;NA;4;4;Unknown;Unknown;;None;;;';IFH_BATCH;'26/03/2020 14:58:46;;Y;;;;'26/03/2020 14:34:24;9;1836202;;LU;1;';';';';';Y;;HOUSE;WONING - MAISON;NA;;;';;';;Y;;;;'26/03/2020 14:34:24
;;;Zoning;6807712;'20200127134349;W03-C-Antwerpen-West-FH08;6807712;'20200127134349;W03-C-Antwerpen-West-FH08;19085;FTTH-Cu;;';';;;;;;;675135;'20200326153552;2051967;'1630000;'27791;Schoytestraat;'67;';2000;Antwerpen;;'152289,245;'211638,736;';Y;NA;4;4;Unknown;Unknown;;None;;;';IFH_BATCH;'26/03/2020 14:58:46;;Y;;;;'26/03/2020 14:34:24;10;1836203;;LU;1;';';';';';Y;;HOUSE;WONING - MAISON;NA;;;';;';;Y;;;;'26/03/2020 14:34:24
;;;Zoning;6807712;'20200127134349;W03-C-Antwerpen-West-FH08;6807712;'20200127134349;W03-C-Antwerpen-West-FH08;19085;FTTH-Cu;;';';;;;;;;675135;'20200326153552;2051967;'1630000;'27791;Schoytestraat;'67;';2000;Antwerpen;;'152289,245;'211638,736;';Y;NA;4;4;Unknown;Unknown;;None;;;';IFH_BATCH;'26/03/2020 14:58:46;;Y;;;;'26/03/2020 14:34:24;11;1836204;;LU;1;';';';';';Y;;HOUSE;WONING - MAISON;NA;;;';;';;Y;;;;'26/03/2020 14:34:24
;;;Zoning;6807712;'20200127134349;W03-C-Antwerpen-West-FH08;6807712;'20200127134349;W03-C-Antwerpen-West-FH08;19085;FTTH-Cu;;';';;;;;;;675135;'20200326153552;2051967;'1630000;'27791;Schoytestraat;'67;';2000;Antwerpen;;'152289,245;'211638,736;';Y;NA;4;4;Unknown;Unknown;;None;;;';IFH_BATCH;'26/03/2020 14:58:46;;Y;;;;'26/03/2020 14:34:24;12;1836205;;LU;1;';';';';';Y;;HOUSE;WONING - MAISON;NA;;;';;';;Y;;;;'26/03/2020 14:34:24
;;;Zoning;6807712;'20200127134349;W03-C-Antwerpen-West-FH08;6807712;'20200127134349;W03-C-Antwerpen-West-FH08;19085;FTTH-Cu;;';';;;;;;;675135;'20200326153552;2051967;'1630000;'27791;Schoytestraat;'67;';2000;Antwerpen;;'152289,245;'211638,736;';Y;NA;4;4;Unknown;Unknown;;None;;;';IFH_BATCH;'26/03/2020 14:58:46;;Y;;;;'26/03/2020 14:34:24;13;10357890;;LU;1;';';';';';Y;;HOUSE;WONING - MAISON;NA;;;';;';;Y;;;;'26/03/2020 14:34:24
;;;Zoning;6807712;'20200127134349;W03-C-Antwerpen-West-FH08;6807712;'20200127134349;W03-C-Antwerpen-West-FH08;19085;FTTH-Cu;;';';;;;;;;675135;'20200326153552;2051967;'1630000;'27791;Schoytestraat;'67;';2000;Antwerpen;;'152289,245;'211638,736;';Y;NA;4;4;Unknown;Unknown;;None;;;';IFH_BATCH;'26/03/2020 14:58:46;;Y;;;;'26/03/2020 14:34:24;14;10357891;;LU;1;';';';';';Y;;HOUSE;WONING - MAISON;NA;;;';;';;Y;;;;'26/03/2020 14:34:24
;;;Zoning;6807712;'20200127134349;W03-C-Antwerpen-West-FH08;6807712;'20200127134349;W03-C-Antwerpen-West-FH08;19085;FTTH-Cu;;';';;;;;;;675135;'20200326153552;2051967;'1630000;'27791;Schoytestraat;'67;';2000;Antwerpen;;'152289,245;'211638,736;';Y;NA;4;4;Unknown;Unknown;;None;;;';IFH_BATCH;'26/03/2020 14:58:46;;Y;;;;'26/03/2020 14:34:24;15;10357892;;LU;1;';';';';';Y;;HOUSE;WONING - MAISON;NA;;;';;';;Y;;;;'26/03/2020 14:34:24
;;;Zoning;6807712;'20200127134349;W03-C-Antwerpen-West-FH08;6807712;'20200127134349;W03-C-Antwerpen-West-FH08;19085;FTTH-Cu;;';';;;;;;;675135;'20200326153552;2051967;'1630000;'27791;Schoytestraat;'67;';2000;Antwerpen;;'152289,245;'211638,736;';Y;NA;4;4;Unknown;Unknown;;None;;;';IFH_BATCH;'26/03/2020 14:58:46;;Y;;;;'26/03/2020 14:34:24;16;10357897;;LU;1;';';';';';Y;;HOUSE;WONING - MAISON;NA;;;';;';;Y;;;;'26/03/2020 14:34:24
;;;Zoning;6807712;'20200127134349;W03-C-Antwerpen-West-FH08;6807712;'20200127134349;W03-C-Antwerpen-West-FH08;19085;FTTH-Cu;;';';;;;;;;675135;'20200326153552;2051967;'1630000;'27791;Schoytestraat;'67;';2000;Antwerpen;;'152289,245;'211638,736;';Y;NA;4;4;Unknown;Unknown;;None;;;';IFH_BATCH;'26/03/2020 14:58:46;;Y;;;;'26/03/2020 14:34:24;17;10357898;;LU;1;';';';';';Y;;HOUSE;WONING - MAISON;NA;;;';;';;Y;;;;'26/03/2020 14:34:24
;;;Zoning;6807712;'20200127134349;W03-C-Antwerpen-West-FH08;6807712;'20200127134349;W03-C-Antwerpen-West-FH08;19085;FTTH-Cu;;';';;;;;;;31647989;'20200326153556;4096954;'1630000;'27791;Schoytestraat;'68;';2000;Antwerpen;;'152262;'211625;';Y;NA;2;4;Unknown;Unknown;;None;;;';SSV_IMPORT;'26/03/2020 14:42:31;;Y;;;;'26/03/2020 14:34:24;1;11341366;;LU;1;';';';';';;;;;;;;';SSV_IMPORT;'26/03/2020 14:42:32;;Y;;;;'26/03/2020 14:34:24
;;;Zoning;6807712;'20200127134349;W03-C-Antwerpen-West-FH08;6807712;'20200127134349;W03-C-Antwerpen-West-FH08;19085;FTTH-Cu;;';';;;;;;;675136;'20200326153552;2051968;'1630000;'27791;Schoytestraat;'69;';2000;Antwerpen;;'152291,763;'211634,251;';Y;NA;2;4;Unknown;Unknown;;None;;;';IFH_BATCH;'26/03/2020 14:58:48;;Y;;;;'26/03/2020 14:34:24;1;1838327;;LU;1;';';';';';Y;;HOUSE;WONING - MAISON;NA;;;';;';;Y;;;;'26/03/2020 14:34:24
;;;Zoning;6807712;'20200127134349;W03-C-Antwerpen-West-FH08;6807712;'20200127134349;W03-C-Antwerpen-West-FH08;19085;FTTH-Cu;;';';;;;;;;31647990;'20200326153556;4511100;'1630000;'27791;Schoytestraat;'70;';2000;Antwerpen;;'152267;'211625;';Y;NA;2;4;Unknown;Unknown;;None;;;';SSV_IMPORT;'26/03/2020 14:42:38;;Y;;;;'26/03/2020 14:34:24;1;11341367;;LU;1;';';';';';;;;;;;;';SSV_IMPORT;'26/03/2020 14:42:39;;Y;;;;'26/03/2020 14:34:24
;;;Zoning;6807712;'20200127134349;W03-C-Antwerpen-West-FH08;6807712;'20200127134349;W03-C-Antwerpen-West-FH08;19085;FTTH-Cu;;';';;;;;;;675137;'20200326153552;2051969;'1630000;'27791;Schoytestraat;'71;';2000;Antwerpen;;'152297,192;'211631,969;';Y;NA;2;4;Unknown;Unknown;;None;;;';IFH_BATCH;'26/03/2020 14:58:50;;Y;;;;'26/03/2020 14:34:24;1;1844534;;LU;1;';';';';';Y;;HOUSE;WONING - MAISON;NA;;;';;';;Y;;;;'26/03/2020 14:34:24
;;;Zoning;6807712;'20200127134349;W03-C-Antwerpen-West-FH08;6807712;'20200127134349;W03-C-Antwerpen-West-FH08;19085;FTTH-Cu;;';';;;;;;;675138;'20200326153552;2051970;'1630000;'27791;Schoytestraat;'72;';2000;Antwerpen;;'152270,389;'211623,46;';Y;NA;2;4;Unknown;Unknown;;None;;;';IFH_BATCH;'26/03/2020 14:58:54;;Y;;;;'26/03/2020 14:34:24;1;1845601;;LU;1;';';';';';Y;;HOUSE;WONING - MAISON;NA;;;';;';;Y;;;;'26/03/2020 14:34:24
;;;Zoning;6807712;'20200127134349;W03-C-Antwerpen-West-FH08;6807712;'20200127134349;W03-C-Antwerpen-West-FH08;19085;FTTH-Cu;;';';;;;;;;675139;'20200326153552;2051971;'1630000;'27791;Schoytestraat;'73;';2000;Antwerpen;;'152302,071;'211629,608;';Y;NA;2;4;Unknown;Unknown;;None;;;';IFH_BATCH;'26/03/2020 14:58:57;;Y;;;;'26/03/2020 14:34:24;1;1846567;;LU;1;';';';';';Y;;HOUSE;WONING - MAISON;NA;;;';;';;Y;;;;'26/03/2020 14:34:24
;;;Zoning;6807712;'20200127134349;W03-C-Antwerpen-West-FH08;6807712;'20200127134349;W03-C-Antwerpen-West-FH08;19085;FTTH-Cu;;';';;;;;;;675140;'20200326153552;2051972;'1630000;'27791;Schoytestraat;'74;';2000;Antwerpen;;'152275,252;'211621,611;';Y;NA;2;4;Unknown;Unknown;;None;;;';IFH_BATCH;'26/03/2020 14:58:59;;Y;;;;'26/03/2020 14:34:24;1;1847597;;LU;1;';';';';';Y;;HOUSE;WONING - MAISON;NA;;;';;';;Y;;;;'26/03/2020 14:34:24
;;;Zoning;6807712;'20200127134349;W03-C-Antwerpen-West-FH08;6807712;'20200127134349;W03-C-Antwerpen-West-FH08;19085;FTTH-Cu;;';';;;;;;;714756;'20200326153600;60912;'1630000;'27791;Schoytestraat;'75;';2000;Antwerpen;;'152306,95;'211626,933;';Y;NA;2;4;Unknown;Unknown;;None;;;';IFH_BATCH;'26/03/2020 14:59:35;;Y;;;;'26/03/2020 14:34:24;1;1848554;;LU;1;';';';';';Y;;HOUSE;WONING - MAISON;NA;;;';;';;Y;;;;'26/03/2020 14:34:24
;;;Zoning;6807712;'20200127134349;W03-C-Antwerpen-West-FH08;6807712;'20200127134349;W03-C-Antwerpen-West-FH08;19085;FTTH-Cu;;';';;;;;;;675141;'20200326153552;2051973;'1630000;'27791;Schoytestraat;'76;';2000;Antwerpen;;'152278,882;'211619,898;';Y;NA;4;4;Unknown;Unknown;;None;;;';IFH_BATCH;'26/03/2020 14:59:01;;Y;;;;'26/03/2020 14:34:24;1;10366874;;LU;1;';';';';';Y;#A1/;APPART;DEEL_APP_GEBOUW - PARTIE_IMMEUBLE_APP;APPART;;;';;';;Y;;;;'26/03/2020 14:34:24
;;;Zoning;6807712;'20200127134349;W03-C-Antwerpen-West-FH08;6807712;'20200127134349;W03-C-Antwerpen-West-FH08;19085;FTTH-Cu;;';';;;;;;;675141;'20200326153552;2051973;'1630000;'27791;Schoytestraat;'76;';2000;Antwerpen;;'152278,882;'211619,898;';Y;NA;4;4;Unknown;Unknown;;None;;;';IFH_BATCH;'26/03/2020 14:59:01;;Y;;;;'26/03/2020 14:34:24;2;10367173;;LU;1;';';';';';Y;#A.GV/;APPART;DEEL_APP_GEBOUW - PARTIE_IMMEUBLE_APP;APPART;;;';;';;Y;;;;'26/03/2020 14:34:24
;;;Zoning;6807712;'20200127134349;W03-C-Antwerpen-West-FH08;6807712;'20200127134349;W03-C-Antwerpen-West-FH08;19085;FTTH-Cu;;';';;;;;;;675141;'20200326153552;2051973;'1630000;'27791;Schoytestraat;'76;';2000;Antwerpen;;'152278,882;'211619,898;';Y;NA;4;4;Unknown;Unknown;;None;;;';IFH_BATCH;'26/03/2020 14:59:01;;Y;;;;'26/03/2020 14:34:24;3;10367393;;LU;1;';';';';';Y;#A2.3/;APPART;DEEL_APP_GEBOUW - PARTIE_IMMEUBLE_APP;APPART;;;';;';;Y;;;;'26/03/2020 14:34:24
;;;Zoning;6807712;'20200127134349;W03-C-Antwerpen-West-FH08;6807712;'20200127134349;W03-C-Antwerpen-West-FH08;19085;FTTH-Cu;;';';;;;;;;675142;'20200326153552;2051974;'1630000;'27791;Schoytestraat;'78;';2000;Antwerpen;;'152283,951;'211618,118;';Y;NA;4;4;Unknown;Unknown;;None;;;';IFH_BATCH;'26/03/2020 14:59:03;;Y;;;;'26/03/2020 14:34:24;1;1851612;;LU;1;';';';';';Y;;HOUSE;WONING - MAISON;NA;;;';;';;Y;;;;'26/03/2020 14:34:24
;;;Zoning;6807712;'20200127134349;W03-C-Antwerpen-West-FH08;6807712;'20200127134349;W03-C-Antwerpen-West-FH08;19085;FTTH-Cu;;';';;;;;;;675142;'20200326153552;2051974;'1630000;'27791;Schoytestraat;'78;';2000;Antwerpen;;'152283,951;'211618,118;';Y;NA;4;4;Unknown;Unknown;;None;;;';IFH_BATCH;'26/03/2020 14:59:03;;Y;;;;'26/03/2020 14:34:24;2;1851613;;LU;1;';';';';';Y;;HOUSE;WONING - MAISON;NA;;;';;';;Y;;;;'26/03/2020 14:34:24
;;;Zoning;6807712;'20200127134349;W03-C-Antwerpen-West-FH08;6807712;'20200127134349;W03-C-Antwerpen-West-FH08;19085;FTTH-Cu;;';';;;;;;;675142;'20200326153552;2051974;'1630000;'27791;Schoytestraat;'78;';2000;Antwerpen;;'152283,951;'211618,118;';Y;NA;4;4;Unknown;Unknown;;None;;;';IFH_BATCH;'26/03/2020 14:59:03;;Y;;;;'26/03/2020 14:34:24;3;1851614;;LU;1;';';';';';Y;;HOUSE;WONING - MAISON;NA;;;';;';;Y;;;;'26/03/2020 14:34:24
;;;Zoning;6807712;'20200127134349;W03-C-Antwerpen-West-FH08;6807712;'20200127134349;W03-C-Antwerpen-West-FH08;19085;FTTH-Cu;;';';;;;;;;675142;'20200326153552;2051974;'1630000;'27791;Schoytestraat;'78;';2000;Antwerpen;;'152283,951;'211618,118;';Y;NA;4;4;Unknown;Unknown;;None;;;';IFH_BATCH;'26/03/2020 14:59:03;;Y;;;;'26/03/2020 14:34:24;4;1851615;;LU;1;';';';';';Y;;HOUSE;WONING - MAISON;NA;;;';;';;Y;;;;'26/03/2020 14:34:24
;;;Zoning;6807712;'20200127134349;W03-C-Antwerpen-West-FH08;6807712;'20200127134349;W03-C-Antwerpen-West-FH08;19085;FTTH-Cu;;';';;;;;;;675143;'20200326153552;2051976;'1630000;'27791;Schoytestraat;'80;';2000;Antwerpen;;'152288,54;'211616,542;';Y;NA;4;4;Unknown;Unknown;;None;;;';IFH_BATCH;'26/03/2020 14:59:05;;Y;;;;'26/03/2020 14:34:24;1;1857456;;LU;1;';';';';';Y;;HOUSE;WONING - MAISON;NA;;;';;';;Y;;;;'26/03/2020 14:34:24
;;;Zoning;6807712;'20200127134349;W03-C-Antwerpen-West-FH08;6807712;'20200127134349;W03-C-Antwerpen-West-FH08;19085;FTTH-Cu;;';';;;;;;;675143;'20200326153552;2051976;'1630000;'27791;Schoytestraat;'80;';2000;Antwerpen;;'152288,54;'211616,542;';Y;NA;4;4;Unknown;Unknown;;None;;;';IFH_BATCH;'26/03/2020 14:59:05;;Y;;;;'26/03/2020 14:34:24;2;1857457;;LU;1;';';';';';Y;;HOUSE;WONING - MAISON;NA;;;';;';;Y;;;;'26/03/2020 14:34:24
;;;Zoning;6807712;'20200127134349;W03-C-Antwerpen-West-FH08;6807712;'20200127134349;W03-C-Antwerpen-West-FH08;19085;FTTH-Cu;;';';;;;;;;675143;'20200326153552;2051976;'1630000;'27791;Schoytestraat;'80;';2000;Antwerpen;;'152288,54;'211616,542;';Y;NA;4;4;Unknown;Unknown;;None;;;';IFH_BATCH;'26/03/2020 14:59:05;;Y;;;;'26/03/2020 14:34:24;3;1857458;;LU;1;';';';';';Y;;HOUSE;WONING - MAISON;NA;;;';;';;Y;;;;'26/03/2020 14:34:24
;;;Zoning;6807712;'20200127134349;W03-C-Antwerpen-West-FH08;6807712;'20200127134349;W03-C-Antwerpen-West-FH08;19085;FTTH-Cu;;';';;;;;;;675144;'20200326153552;2051977;'1630000;'27791;Schoytestraat;'82;';2000;Antwerpen;;'152293,266;'211615,378;';Y;NA;4;4;Unknown;Unknown;;None;;;';IFH_BATCH;'26/03/2020 14:59:07;;Y;;;;'26/03/2020 14:34:24;1;1859230;;LU;1;';';';';';Y;;HOUSE;WONING - MAISON;NA;;;';;';;Y;;;;'26/03/2020 14:34:24
;;;Zoning;6807712;'20200127134349;W03-C-Antwerpen-West-FH08;6807712;'20200127134349;W03-C-Antwerpen-West-FH08;19085;FTTH-Cu;;';';;;;;;;675144;'20200326153552;2051977;'1630000;'27791;Schoytestraat;'82;';2000;Antwerpen;;'152293,266;'211615,378;';Y;NA;4;4;Unknown;Unknown;;None;;;';IFH_BATCH;'26/03/2020 14:59:07;;Y;;;;'26/03/2020 14:34:24;2;1859231;;LU;1;';';';';';Y;;HOUSE;WONING - MAISON;NA;;;';;';;Y;;;;'26/03/2020 14:34:24
;;;Zoning;6807712;'20200127134349;W03-C-Antwerpen-West-FH08;6807712;'20200127134349;W03-C-Antwerpen-West-FH08;19085;FTTH-Cu;;';';;;;;;;31647992;'20200326153556;4511103;'1630000;'27791;Schoytestraat;'84;';2000;Antwerpen;;'152302;'211608;';Y;NA;2;4;Unknown;Unknown;;None;;;';SSV_IMPORT;'26/03/2020 14:42:44;;Y;;;;'26/03/2020 14:34:24;1;11341368;;LU;1;';';';';';;;;;;;;';SSV_IMPORT;'26/03/2020 14:42:46;;Y;;;;'26/03/2020 14:34:24
;;;Zoning;6807712;'20200127134349;W03-C-Antwerpen-West-FH08;6807712;'20200127134349;W03-C-Antwerpen-West-FH08;19085;FTTH-Cu;;';';;;;;;;710624;'20200326153604;49195;'1630000;'27791;Schoytestraat;'86;';2000;Antwerpen;;'152310,047;'211612,159;';Y;NA;4;4;Unknown;Unknown;;None;;;';IFH_BATCH;'26/03/2020 14:59:23;;Y;;;;'26/03/2020 14:34:24;1;1862451;;BU;1;';';';';';Y;;COMM;HANDELSZAAK - COMMERCE;NA;;;';;';;Y;;;;'26/03/2020 14:34:24
;;;Zoning;6807712;'20200127134349;W03-C-Antwerpen-West-FH08;6807712;'20200127134349;W03-C-Antwerpen-West-FH08;19085;FTTH-Cu;;';';;;;;;;710624;'20200326153604;49195;'1630000;'27791;Schoytestraat;'86;';2000;Antwerpen;;'152310,047;'211612,159;';Y;NA;4;4;Unknown;Unknown;;None;;;';IFH_BATCH;'26/03/2020 14:59:23;;Y;;;;'26/03/2020 14:34:24;2;1862452;;BU;1;';';';';';Y;;COMM;HANDELSZAAK - COMMERCE;NA;;;';;';;Y;;;;'26/03/2020 14:34:24
;;;Zoning;6807712;'20200127134349;W03-C-Antwerpen-West-FH08;6807712;'20200127134349;W03-C-Antwerpen-West-FH08;19085;FTTH-Cu;;';';;;;;;;710624;'20200326153604;49195;'1630000;'27791;Schoytestraat;'86;';2000;Antwerpen;;'152310,047;'211612,159;';Y;NA;4;4;Unknown;Unknown;;None;;;';IFH_BATCH;'26/03/2020 14:59:23;;Y;;;;'26/03/2020 14:34:24;3;1862453;;BU;1;';';';';';Y;;COMM;HANDELSZAAK - COMMERCE;NA;;;';;';;Y;;;;'26/03/2020 14:34:24
;;;Zoning;6807712;'20200127134349;W03-C-Antwerpen-West-FH08;6807712;'20200127134349;W03-C-Antwerpen-West-FH08;19085;FTTH-Cu;;';';;;;;;;710542;'20200326153603;49012;'1630000;'686;Sint-Antoniusstraat;'1;';2000;Antwerpen;;'152129,119;'211768,109;';Y;NA;2;4;Unknown;Unknown;;None;;;';IFH_BATCH;'26/03/2020 15:02:53;;Y;;;;'26/03/2020 14:34:24;1;1615191;;BU;1;';';';';';Y;;COMM;HANDELSZAAK - COMMERCE;NA;;;';;';;Y;;;;'26/03/2020 14:34:24
;;;Zoning;6807712;'20200127134349;W03-C-Antwerpen-West-FH08;6807712;'20200127134349;W03-C-Antwerpen-West-FH08;19085;FTTH-Cu;;';';;;;;;;714741;'20200326153559;60898;'1630000;'686;Sint-Antoniusstraat;'2;';2000;Antwerpen;;'152125,089;'211753,217;';Y;NA;2;4;Unknown;Unknown;;None;;;';IFH_BATCH;'26/03/2020 15:03:01;;Y;;;;'26/03/2020 14:34:24;1;1693628;;BU;1;';';';';';Y;;COMM;HANDELSZAAK - COMMERCE;NA;;;';;';;Y;;;;'26/03/2020 14:34:24
;;;Zoning;6807712;'20200127134349;W03-C-Antwerpen-West-FH08;6807712;'20200127134349;W03-C-Antwerpen-West-FH08;19085;FTTH-Cu;;';';;;;;;;31647993;'20200326153556;6326607;'1630000;'686;Sint-Antoniusstraat;'2;'A;2000;Antwerpen;;'152124;'211751;';Y;NA;2;4;Unknown;Unknown;;None;;;';SSV_IMPORT;'26/03/2020 14:42:52;;Y;;;;'26/03/2020 14:34:24;1;11341369;;LU;1;';';';';';;;;;;;;';SSV_IMPORT;'26/03/2020 14:42:53;;Y;;;;'26/03/2020 14:34:24
;;;Zoning;6807712;'20200127134349;W03-C-Antwerpen-West-FH08;6807712;'20200127134349;W03-C-Antwerpen-West-FH08;19085;FTTH-Cu;;';';;;;;;;622890;'20200326153553;1735336;'1630000;'686;Sint-Antoniusstraat;'3;';2000;Antwerpen;;'152134,517;'211768,652;';Y;NA;4;4;Unknown;Unknown;;None;;;';IFH_BATCH;'26/03/2020 15:02:03;;Y;;;;'26/03/2020 14:34:24;1;1741717;;LU;1;';';';';';Y;;HOUSE;WONING - MAISON;NA;;;';;';;Y;;;;'26/03/2020 14:34:24
;;;Zoning;6807712;'20200127134349;W03-C-Antwerpen-West-FH08;6807712;'20200127134349;W03-C-Antwerpen-West-FH08;19085;FTTH-Cu;;';';;;;;;;622890;'20200326153553;1735336;'1630000;'686;Sint-Antoniusstraat;'3;';2000;Antwerpen;;'152134,517;'211768,652;';Y;NA;4;4;Unknown;Unknown;;None;;;';IFH_BATCH;'26/03/2020 15:02:03;;Y;;;;'26/03/2020 14:34:24;2;1741718;;LU;1;';';';';';Y;;HOUSE;WONING - MAISON;NA;;;';;';;Y;;;;'26/03/2020 14:34:24
;;;Zoning;6807712;'20200127134349;W03-C-Antwerpen-West-FH08;6807712;'20200127134349;W03-C-Antwerpen-West-FH08;19085;FTTH-Cu;;';';;;;;;;622890;'20200326153553;1735336;'1630000;'686;Sint-Antoniusstraat;'3;';2000;Antwerpen;;'152134,517;'211768,652;';Y;NA;4;4;Unknown;Unknown;;None;;;';IFH_BATCH;'26/03/2020 15:02:03;;Y;;;;'26/03/2020 14:34:24;3;1741719;;LU;1;';';';';';Y;;HOUSE;WONING - MAISON;NA;;;';;';;Y;;;;'26/03/2020 14:34:24
;;;Zoning;6807712;'20200127134349;W03-C-Antwerpen-West-FH08;6807712;'20200127134349;W03-C-Antwerpen-West-FH08;19085;FTTH-Cu;;';';;;;;;;622891;'20200326153553;1735337;'1630000;'686;Sint-Antoniusstraat;'4;';2000;Antwerpen;;'152132,517;'211748,264;';Y;NA;4;4;Unknown;Unknown;;None;;;';IFH_BATCH;'26/03/2020 15:02:05;;Y;;;;'26/03/2020 14:34:24;1;1775807;;BU;1;';';';';';Y;;COMM;HANDELSZAAK - COMMERCE;NA;;;';;';;Y;;;;'26/03/2020 14:34:24
;;;Zoning;6807712;'20200127134349;W03-C-Antwerpen-West-FH08;6807712;'20200127134349;W03-C-Antwerpen-West-FH08;19085;FTTH-Cu;;';';;;;;;;622891;'20200326153553;1735337;'1630000;'686;Sint-Antoniusstraat;'4;';2000;Antwerpen;;'152132,517;'211748,264;';Y;NA;4;4;Unknown;Unknown;;None;;;';IFH_BATCH;'26/03/2020 15:02:05;;Y;;;;'26/03/2020 14:34:24;2;1775808;;BU;1;';';';';';Y;;COMM;HANDELSZAAK - COMMERCE;NA;;;';;';;Y;;;;'26/03/2020 14:34:24
;;;Zoning;6807712;'20200127134349;W03-C-Antwerpen-West-FH08;6807712;'20200127134349;W03-C-Antwerpen-West-FH08;19085;FTTH-Cu;;';';;;;;;;622891;'20200326153553;1735337;'1630000;'686;Sint-Antoniusstraat;'4;';2000;Antwerpen;;'152132,517;'211748,264;';Y;NA;4;4;Unknown;Unknown;;None;;;';IFH_BATCH;'26/03/2020 15:02:05;;Y;;;;'26/03/2020 14:34:24;3;1775809;;BU;1;';';';';';Y;;COMM;HANDELSZAAK - COMMERCE;NA;;;';;';;Y;;;;'26/03/2020 14:34:24
;;;Zoning;6807712;'20200127134349;W03-C-Antwerpen-West-FH08;6807712;'20200127134349;W03-C-Antwerpen-West-FH08;19085;FTTH-Cu;;';';;;;;;;706026;'20200326153605;4504979;'1630000;'686;Sint-Antoniusstraat;'5;';2000;Antwerpen;;'152139,751;'211767,466;';Y;NA;4;4;Unknown;Unknown;;None;;;';IFH_BATCH;'26/03/2020 15:02:48;;Y;;;;'26/03/2020 14:34:24;1;1802933;;LU;1;';';';';';Y;;HOUSE;WONING - MAISON;NA;;;';;';;Y;;;;'26/03/2020 14:34:24
;;;Zoning;6807712;'20200127134349;W03-C-Antwerpen-West-FH08;6807712;'20200127134349;W03-C-Antwerpen-West-FH08;19085;FTTH-Cu;;';';;;;;;;706026;'20200326153605;4504979;'1630000;'686;Sint-Antoniusstraat;'5;';2000;Antwerpen;;'152139,751;'211767,466;';Y;NA;4;4;Unknown;Unknown;;None;;;';IFH_BATCH;'26/03/2020 15:02:48;;Y;;;;'26/03/2020 14:34:24;2;1802934;;LU;1;';';';';';Y;;HOUSE;WONING - MAISON;NA;;;';;';;Y;;;;'26/03/2020 14:34:24
;;;Zoning;6807712;'20200127134349;W03-C-Antwerpen-West-FH08;6807712;'20200127134349;W03-C-Antwerpen-West-FH08;19085;FTTH-Cu;;';';;;;;;;706026;'20200326153605;4504979;'1630000;'686;Sint-Antoniusstraat;'5;';2000;Antwerpen;;'152139,751;'211767,466;';Y;NA;4;4;Unknown;Unknown;;None;;;';IFH_BATCH;'26/03/2020 15:02:48;;Y;;;;'26/03/2020 14:34:24;3;1802935;;LU;1;';';';';';Y;;HOUSE;WONING - MAISON;NA;;;';;';;Y;;;;'26/03/2020 14:34:24
;;;Zoning;6807712;'20200127134349;W03-C-Antwerpen-West-FH08;6807712;'20200127134349;W03-C-Antwerpen-West-FH08;19085;FTTH-Cu;;';';;;;;;;622892;'20200326153553;1735338;'1630000;'686;Sint-Antoniusstraat;'6;';2000;Antwerpen;;'152138,122;'211743,844;';Y;NA;4;4;Unknown;Unknown;;None;;;';IFH_BATCH;'26/03/2020 15:02:07;;Y;;;;'26/03/2020 14:34:24;1;1820995;;LU;1;';';';';';Y;#A1/A1/;APPART;DEEL_APP_GEBOUW - PARTIE_IMMEUBLE_APP;APPART;;;';;';;Y;;;;'26/03/2020 14:34:24
;;;Zoning;6807712;'20200127134349;W03-C-Antwerpen-West-FH08;6807712;'20200127134349;W03-C-Antwerpen-West-FH08;19085;FTTH-Cu;;';';;;;;;;622892;'20200326153553;1735338;'1630000;'686;Sint-Antoniusstraat;'6;';2000;Antwerpen;;'152138,122;'211743,844;';Y;NA;4;4;Unknown;Unknown;;None;;;';IFH_BATCH;'26/03/2020 15:02:07;;Y;;;;'26/03/2020 14:34:24;2;1821355;;LU;1;';';';';';Y;#A2/A2/;APPART;DEEL_APP_GEBOUW - PARTIE_IMMEUBLE_APP;APPART;;;';;';;Y;;;;'26/03/2020 14:34:24
;;;Zoning;6807712;'20200127134349;W03-C-Antwerpen-West-FH08;6807712;'20200127134349;W03-C-Antwerpen-West-FH08;19085;FTTH-Cu;;';';;;;;;;622892;'20200326153553;1735338;'1630000;'686;Sint-Antoniusstraat;'6;';2000;Antwerpen;;'152138,122;'211743,844;';Y;NA;4;4;Unknown;Unknown;;None;;;';IFH_BATCH;'26/03/2020 15:02:07;;Y;;;;'26/03/2020 14:34:24;3;1821596;;LU;1;';';';';';Y;#A3.4/A3/;APPART;DEEL_APP_GEBOUW - PARTIE_IMMEUBLE_APP;APPART;;;';;';;Y;;;;'26/03/2020 14:34:24
;;;Zoning;6807712;'20200127134349;W03-C-Antwerpen-West-FH08;6807712;'20200127134349;W03-C-Antwerpen-West-FH08;19085;FTTH-Cu;;';';;;;;;;622892;'20200326153553;1735338;'1630000;'686;Sint-Antoniusstraat;'6;';2000;Antwerpen;;'152138,122;'211743,844;';Y;NA;4;4;Unknown;Unknown;;None;;;';IFH_BATCH;'26/03/2020 15:02:07;;Y;;;;'26/03/2020 14:34:24;4;1822348;;BU;1;';';';';';Y;#BU.GV/KAN.GVLS/;APPART;DEEL_APP_GEBOUW - PARTIE_IMMEUBLE_APP;OFFICE;;;';;';;Y;;;;'26/03/2020 14:34:24
;;;Zoning;6807712;'20200127134349;W03-C-Antwerpen-West-FH08;6807712;'20200127134349;W03-C-Antwerpen-West-FH08;19085;FTTH-Cu;;';';;;;;;;622893;'20200326153553;1735339;'1630000;'686;Sint-Antoniusstraat;'7;';2000;Antwerpen;;'152144,44;'211765,055;';Y;NA;4;4;Unknown;Unknown;;None;;;';IFH_BATCH;'26/03/2020 15:02:09;;Y;;;;'26/03/2020 14:34:24;1;1841819;;LU;1;';';';';';Y;;HOUSE;WONING - MAISON;NA;;;';;';;Y;;;;'26/03/2020 14:34:24
;;;Zoning;6807712;'20200127134349;W03-C-Antwerpen-West-FH08;6807712;'20200127134349;W03-C-Antwerpen-West-FH08;19085;FTTH-Cu;;';';;;;;;;622893;'20200326153553;1735339;'1630000;'686;Sint-Antoniusstraat;'7;';2000;Antwerpen;;'152144,44;'211765,055;';Y;NA;4;4;Unknown;Unknown;;None;;;';IFH_BATCH;'26/03/2020 15:02:09;;Y;;;;'26/03/2020 14:34:24;2;1841820;;LU;1;';';';';';Y;;HOUSE;WONING - MAISON;NA;;;';;';;Y;;;;'26/03/2020 14:34:24
;;;Zoning;6807712;'20200127134349;W03-C-Antwerpen-West-FH08;6807712;'20200127134349;W03-C-Antwerpen-West-FH08;19085;FTTH-Cu;;';';;;;;;;622893;'20200326153553;1735339;'1630000;'686;Sint-Antoniusstraat;'7;';2000;Antwerpen;;'152144,44;'211765,055;';Y;NA;4;4;Unknown;Unknown;;None;;;';IFH_BATCH;'26/03/2020 15:02:09;;Y;;;;'26/03/2020 14:34:24;3;1841821;;LU;1;';';';';';Y;;HOUSE;WONING - MAISON;NA;;;';;';;Y;;;;'26/03/2020 14:34:24
;;;Zoning;6807712;'20200127134349;W03-C-Antwerpen-West-FH08;6807712;'20200127134349;W03-C-Antwerpen-West-FH08;19085;FTTH-Cu;;';';;;;;;;622893;'20200326153553;1735339;'1630000;'686;Sint-Antoniusstraat;'7;';2000;Antwerpen;;'152144,44;'211765,055;';Y;NA;4;4;Unknown;Unknown;;None;;;';IFH_BATCH;'26/03/2020 15:02:09;;Y;;;;'26/03/2020 14:34:24;4;1841822;;LU;1;';';';';';Y;;HOUSE;WONING - MAISON;NA;;;';;';;Y;;;;'26/03/2020 14:34:24
;;;Zoning;6807712;'20200127134349;W03-C-Antwerpen-West-FH08;6807712;'20200127134349;W03-C-Antwerpen-West-FH08;19085;FTTH-Cu;;';';;;;;;;622893;'20200326153553;1735339;'1630000;'686;Sint-Antoniusstraat;'7;';2000;Antwerpen;;'152144,44;'211765,055;';Y;NA;4;4;Unknown;Unknown;;None;;;';IFH_BATCH;'26/03/2020 15:02:09;;Y;;;;'26/03/2020 14:34:24;5;1841823;;LU;1;';';';';';Y;;HOUSE;WONING - MAISON;NA;;;';;';;Y;;;;'26/03/2020 14:34:24
;;;Zoning;6807712;'20200127134349;W03-C-Antwerpen-West-FH08;6807712;'20200127134349;W03-C-Antwerpen-West-FH08;19085;FTTH-Cu;;';';;;;;;;622894;'20200326153553;1735340;'1630000;'686;Sint-Antoniusstraat;'8;';2000;Antwerpen;;'152144,881;'211738,252;';Y;NA;4;4;Unknown;Unknown;;None;;;';IFH_BATCH;'26/03/2020 15:02:11;;Y;;;;'26/03/2020 14:34:24;1;1853316;;LU;1;';';';';';Y;#A2.3;APPART;DEEL_APP_GEBOUW - PARTIE_IMMEUBLE_APP;APPART;;;';;';;Y;;;;'26/03/2020 14:34:24
;;;Zoning;6807712;'20200127134349;W03-C-Antwerpen-West-FH08;6807712;'20200127134349;W03-C-Antwerpen-West-FH08;19085;FTTH-Cu;;';';;;;;;;622894;'20200326153553;1735340;'1630000;'686;Sint-Antoniusstraat;'8;';2000;Antwerpen;;'152144,881;'211738,252;';Y;NA;4;4;Unknown;Unknown;;None;;;';IFH_BATCH;'26/03/2020 15:02:11;;Y;;;;'26/03/2020 14:34:24;2;1854197;;BU;1;';';';';';Y;#HA.GV.1/KELDER;APPART;DEEL_APP_GEBOUW - PARTIE_IMMEUBLE_APP;COMM;;;';;';;Y;;;;'26/03/2020 14:34:24
;;;Zoning;6807712;'20200127134349;W03-C-Antwerpen-West-FH08;6807712;'20200127134349;W03-C-Antwerpen-West-FH08;19085;FTTH-Cu;;';';;;;;;;622895;'20200326153553;1735341;'1630000;'686;Sint-Antoniusstraat;'9;';2000;Antwerpen;;'152150,18;'211766,741;';Y;NA;4;4;Unknown;Unknown;;None;;;';IFH_BATCH;'26/03/2020 15:02:13;;Y;;;;'26/03/2020 14:34:24;1;1867614;;BU;1;';';';';';Y;;CARE;ZORGINSTELLING - ETABLISSEMENT DE BIENFAISANCE;NA;;;';;';;Y;;;;'26/03/2020 14:34:24
;;;Zoning;6807712;'20200127134349;W03-C-Antwerpen-West-FH08;6807712;'20200127134349;W03-C-Antwerpen-West-FH08;19085;FTTH-Cu;;';';;;;;;;622895;'20200326153553;1735341;'1630000;'686;Sint-Antoniusstraat;'9;';2000;Antwerpen;;'152150,18;'211766,741;';Y;NA;4;4;Unknown;Unknown;;None;;;';IFH_BATCH;'26/03/2020 15:02:13;;Y;;;;'26/03/2020 14:34:24;2;1867615;;BU;1;';';';';';Y;;CARE;ZORGINSTELLING - ETABLISSEMENT DE BIENFAISANCE;NA;;;';;';;Y;;;;'26/03/2020 14:34:24
;;;Zoning;6807712;'20200127134349;W03-C-Antwerpen-West-FH08;6807712;'20200127134349;W03-C-Antwerpen-West-FH08;19085;FTTH-Cu;;';';;;;;;;622895;'20200326153553;1735341;'1630000;'686;Sint-Antoniusstraat;'9;';2000;Antwerpen;;'152150,18;'211766,741;';Y;NA;4;4;Unknown;Unknown;;None;;;';IFH_BATCH;'26/03/2020 15:02:13;;Y;;;;'26/03/2020 14:34:24;3;1867616;;BU;1;';';';';';Y;;CARE;ZORGINSTELLING - ETABLISSEMENT DE BIENFAISANCE;NA;;;';;';;Y;;;;'26/03/2020 14:34:24
;;;Zoning;6807712;'20200127134349;W03-C-Antwerpen-West-FH08;6807712;'20200127134349;W03-C-Antwerpen-West-FH08;19085;FTTH-Cu;;';';;;;;;;622896;'20200326153553;1735342;'1630000;'686;Sint-Antoniusstraat;'10;';2000;Antwerpen;;'152161,839;'211727,394;';Y;NA;4;4;Unknown;Unknown;;None;;;';IFH_BATCH;'26/03/2020 15:02:15;;Y;;;;'26/03/2020 14:34:24;1;1620846;;LU;1;';';';';';Y;;APTBLD;APPARTEMENTSGEBOUW - IMMEUBLE A APPARTEMENTS;NA;;;';;';;Y;;;;'26/03/2020 14:34:24
;;;Zoning;6807712;'20200127134349;W03-C-Antwerpen-West-FH08;6807712;'20200127134349;W03-C-Antwerpen-West-FH08;19085;FTTH-Cu;;';';;;;;;;622896;'20200326153553;1735342;'1630000;'686;Sint-Antoniusstraat;'10;';2000;Antwerpen;;'152161,839;'211727,394;';Y;NA;4;4;Unknown;Unknown;;None;;;';IFH_BATCH;'26/03/2020 15:02:15;;Y;;;;'26/03/2020 14:34:24;2;1620847;;LU;1;';';';';';Y;;APTBLD;APPARTEMENTSGEBOUW - IMMEUBLE A APPARTEMENTS;NA;;;';;';;Y;;;;'26/03/2020 14:34:24
;;;Zoning;6807712;'20200127134349;W03-C-Antwerpen-West-FH08;6807712;'20200127134349;W03-C-Antwerpen-West-FH08;19085;FTTH-Cu;;';';;;;;;;622896;'20200326153553;1735342;'1630000;'686;Sint-Antoniusstraat;'10;';2000;Antwerpen;;'152161,839;'211727,394;';Y;NA;4;4;Unknown;Unknown;;None;;;';IFH_BATCH;'26/03/2020 15:02:15;;Y;;;;'26/03/2020 14:34:24;3;1620848;;LU;1;';';';';';Y;;APTBLD;APPARTEMENTSGEBOUW - IMMEUBLE A APPARTEMENTS;NA;;;';;';;Y;;;;'26/03/2020 14:34:24
;;;Zoning;6807712;'20200127134349;W03-C-Antwerpen-West-FH08;6807712;'20200127134349;W03-C-Antwerpen-West-FH08;19085;FTTH-Cu;;';';;;;;;;622896;'20200326153553;1735342;'1630000;'686;Sint-Antoniusstraat;'10;';2000;Antwerpen;;'152161,839;'211727,394;';Y;NA;4;4;Unknown;Unknown;;None;;;';IFH_BATCH;'26/03/2020 15:02:15;;Y;;;;'26/03/2020 14:34:24;4;1620849;;LU;1;';';';';';Y;;APTBLD;APPARTEMENTSGEBOUW - IMMEUBLE A APPARTEMENTS;NA;;;';;';;Y;;;;'26/03/2020 14:34:24
;;;Zoning;6807712;'20200127134349;W03-C-Antwerpen-West-FH08;6807712;'20200127134349;W03-C-Antwerpen-West-FH08;19085;FTTH-Cu;;';';;;;;;;622896;'20200326153553;1735342;'1630000;'686;Sint-Antoniusstraat;'10;';2000;Antwerpen;;'152161,839;'211727,394;';Y;NA;4;4;Unknown;Unknown;;None;;;';IFH_BATCH;'26/03/2020 15:02:15;;Y;;;;'26/03/2020 14:34:24;5;1620850;;LU;1;';';';';';Y;;APTBLD;APPARTEMENTSGEBOUW - IMMEUBLE A APPARTEMENTS;NA;;;';;';;Y;;;;'26/03/2020 14:34:24
;;;Zoning;6807712;'20200127134349;W03-C-Antwerpen-West-FH08;6807712;'20200127134349;W03-C-Antwerpen-West-FH08;19085;FTTH-Cu;;';';;;;;;;622896;'20200326153553;1735342;'1630000;'686;Sint-Antoniusstraat;'10;';2000;Antwerpen;;'152161,839;'211727,394;';Y;NA;4;4;Unknown;Unknown;;None;;;';IFH_BATCH;'26/03/2020 15:02:15;;Y;;;;'26/03/2020 14:34:24;6;1620851;;LU;1;';';';';';Y;;APTBLD;APPARTEMENTSGEBOUW - IMMEUBLE A APPARTEMENTS;NA;;;';;';;Y;;;;'26/03/2020 14:34:24
;;;Zoning;6807712;'20200127134349;W03-C-Antwerpen-West-FH08;6807712;'20200127134349;W03-C-Antwerpen-West-FH08;19085;FTTH-Cu;;';';;;;;;;622896;'20200326153553;1735342;'1630000;'686;Sint-Antoniusstraat;'10;';2000;Antwerpen;;'152161,839;'211727,394;';Y;NA;4;4;Unknown;Unknown;;None;;;';IFH_BATCH;'26/03/2020 15:02:15;;Y;;;;'26/03/2020 14:34:24;7;1620852;;LU;1;';';';';';Y;;APTBLD;APPARTEMENTSGEBOUW - IMMEUBLE A APPARTEMENTS;NA;;;';;';;Y;;;;'26/03/2020 14:34:24
;;;Zoning;6807712;'20200127134349;W03-C-Antwerpen-West-FH08;6807712;'20200127134349;W03-C-Antwerpen-West-FH08;19085;FTTH-Cu;;';';;;;;;;622896;'20200326153553;1735342;'1630000;'686;Sint-Antoniusstraat;'10;';2000;Antwerpen;;'152161,839;'211727,394;';Y;NA;4;4;Unknown;Unknown;;None;;;';IFH_BATCH;'26/03/2020 15:02:15;;Y;;;;'26/03/2020 14:34:24;8;1620853;;LU;1;';';';';';Y;;APTBLD;APPARTEMENTSGEBOUW - IMMEUBLE A APPARTEMENTS;NA;;;';;';;Y;;;;'26/03/2020 14:34:24
;;;Zoning;6807712;'20200127134349;W03-C-Antwerpen-West-FH08;6807712;'20200127134349;W03-C-Antwerpen-West-FH08;19085;FTTH-Cu;;';';;;;;;;622896;'20200326153553;1735342;'1630000;'686;Sint-Antoniusstraat;'10;';2000;Antwerpen;;'152161,839;'211727,394;';Y;NA;4;4;Unknown;Unknown;;None;;;';IFH_BATCH;'26/03/2020 15:02:15;;Y;;;;'26/03/2020 14:34:24;9;1620854;;LU;1;';';';';';Y;;APTBLD;APPARTEMENTSGEBOUW - IMMEUBLE A APPARTEMENTS;NA;;;';;';;Y;;;;'26/03/2020 14:34:24
;;;Zoning;6807712;'20200127134349;W03-C-Antwerpen-West-FH08;6807712;'20200127134349;W03-C-Antwerpen-West-FH08;19085;FTTH-Cu;;';';;;;;;;622897;'20200326153553;1735343;'1630000;'686;Sint-Antoniusstraat;'11;';2000;Antwerpen;;'152155,536;'211767,12;';Y;NA;4;4;Unknown;Unknown;;None;;;';IFH_BATCH;'26/03/2020 15:02:17;;Y;;;;'26/03/2020 14:34:24;1;1627986;;LU;1;';';';';';Y;#A.GV/1/;APPART;DEEL_APP_GEBOUW - PARTIE_IMMEUBLE_APP;APPART;;;';;';;Y;;;;'26/03/2020 14:34:24
;;;Zoning;6807712;'20200127134349;W03-C-Antwerpen-West-FH08;6807712;'20200127134349;W03-C-Antwerpen-West-FH08;19085;FTTH-Cu;;';';;;;;;;622897;'20200326153553;1735343;'1630000;'686;Sint-Antoniusstraat;'11;';2000;Antwerpen;;'152155,536;'211767,12;';Y;NA;4;4;Unknown;Unknown;;None;;;';IFH_BATCH;'26/03/2020 15:02:17;;Y;;;;'26/03/2020 14:34:24;2;1628136;;LU;1;';';';';';Y;#A1/2/;APPART;DEEL_APP_GEBOUW - PARTIE_IMMEUBLE_APP;APPART;;;';;';;Y;;;;'26/03/2020 14:34:24
;;;Zoning;6807712;'20200127134349;W03-C-Antwerpen-West-FH08;6807712;'20200127134349;W03-C-Antwerpen-West-FH08;19085;FTTH-Cu;;';';;;;;;;622897;'20200326153553;1735343;'1630000;'686;Sint-Antoniusstraat;'11;';2000;Antwerpen;;'152155,536;'211767,12;';Y;NA;4;4;Unknown;Unknown;;None;;;';IFH_BATCH;'26/03/2020 15:02:17;;Y;;;;'26/03/2020 14:34:24;3;1628315;;LU;1;';';';';';Y;#A2.3/3/;APPART;DEEL_APP_GEBOUW - PARTIE_IMMEUBLE_APP;APPART;;;';;';;Y;;;;'26/03/2020 14:34:24
;;;Zoning;6807712;'20200127134349;W03-C-Antwerpen-West-FH08;6807712;'20200127134349;W03-C-Antwerpen-West-FH08;19085;FTTH-Cu;;';';;;;;;;31647994;'20200326153556;1735344;'1630000;'686;Sint-Antoniusstraat;'12;';2000;Antwerpen;;'152160;'211733;';Y;NA;2;4;Unknown;Unknown;;None;;;';SSV_IMPORT;'26/03/2020 14:42:58;;Y;;;;'26/03/2020 14:34:24;1;11341370;;LU;1;';';';';';;;;;;;;';SSV_IMPORT;'26/03/2020 14:42:59;;Y;;;;'26/03/2020 14:34:24
;;;Zoning;6807712;'20200127134349;W03-C-Antwerpen-West-FH08;6807712;'20200127134349;W03-C-Antwerpen-West-FH08;19085;FTTH-Cu;;';';;;;;;;31647995;'20200326153556;1735346;'1630000;'686;Sint-Antoniusstraat;'14;';2000;Antwerpen;;'152165;'211733;';Y;NA;4;4;Unknown;Unknown;;None;;;';SSV_IMPORT;'26/03/2020 14:43:06;;Y;;;;'26/03/2020 14:34:24;1;11341371;;LU;1;';';';';';;;;;;;;';SSV_IMPORT;'26/03/2020 14:43:07;;Y;;;;'26/03/2020 14:34:24
;;;Zoning;6807712;'20200127134349;W03-C-Antwerpen-West-FH08;6807712;'20200127134349;W03-C-Antwerpen-West-FH08;19085;FTTH-Cu;;';';;;;;;;31647995;'20200326153556;1735346;'1630000;'686;Sint-Antoniusstraat;'14;';2000;Antwerpen;;'152165;'211733;';Y;NA;4;4;Unknown;Unknown;;None;;;';SSV_IMPORT;'26/03/2020 14:43:06;;Y;;;;'26/03/2020 14:34:24;2;11341372;;LU;1;';';';';';;;;;;;;';SSV_IMPORT;'26/03/2020 14:43:10;;Y;;;;'26/03/2020 14:34:24
;;;Zoning;6807712;'20200127134349;W03-C-Antwerpen-West-FH08;6807712;'20200127134349;W03-C-Antwerpen-West-FH08;19085;FTTH-Cu;;';';;;;;;;31647995;'20200326153556;1735346;'1630000;'686;Sint-Antoniusstraat;'14;';2000;Antwerpen;;'152165;'211733;';Y;NA;4;4;Unknown;Unknown;;None;;;';SSV_IMPORT;'26/03/2020 14:43:06;;Y;;;;'26/03/2020 14:34:24;3;11341373;;LU;1;';';';';';;;;;;;;';SSV_IMPORT;'26/03/2020 14:43:12;;Y;;;;'26/03/2020 14:34:24
;;;Zoning;6807712;'20200127134349;W03-C-Antwerpen-West-FH08;6807712;'20200127134349;W03-C-Antwerpen-West-FH08;19085;FTTH-Cu;;';';;;;;;;622898;'20200326153554;1735347;'1630000;'686;Sint-Antoniusstraat;'16;';2000;Antwerpen;;'152168,614;'211743,071;';Y;NA;4;4;Unknown;Unknown;;None;;;';IFH_BATCH;'26/03/2020 15:02:19;;Y;;;;'26/03/2020 14:34:24;1;1668459;;LU;1;';';';';';Y;;APTBLD;APPARTEMENTSGEBOUW - IMMEUBLE A APPARTEMENTS;NA;;;';;';;Y;;;;'26/03/2020 14:34:24
;;;Zoning;6807712;'20200127134349;W03-C-Antwerpen-West-FH08;6807712;'20200127134349;W03-C-Antwerpen-West-FH08;19085;FTTH-Cu;;';';;;;;;;622898;'20200326153554;1735347;'1630000;'686;Sint-Antoniusstraat;'16;';2000;Antwerpen;;'152168,614;'211743,071;';Y;NA;4;4;Unknown;Unknown;;None;;;';IFH_BATCH;'26/03/2020 15:02:19;;Y;;;;'26/03/2020 14:34:24;2;1668460;;LU;1;';';';';';Y;;APTBLD;APPARTEMENTSGEBOUW - IMMEUBLE A APPARTEMENTS;NA;;;';;';;Y;;;;'26/03/2020 14:34:24
;;;Zoning;6807712;'20200127134349;W03-C-Antwerpen-West-FH08;6807712;'20200127134349;W03-C-Antwerpen-West-FH08;19085;FTTH-Cu;;';';;;;;;;622898;'20200326153554;1735347;'1630000;'686;Sint-Antoniusstraat;'16;';2000;Antwerpen;;'152168,614;'211743,071;';Y;NA;4;4;Unknown;Unknown;;None;;;';IFH_BATCH;'26/03/2020 15:02:19;;Y;;;;'26/03/2020 14:34:24;3;1668461;;LU;1;';';';';';Y;;APTBLD;APPARTEMENTSGEBOUW - IMMEUBLE A APPARTEMENTS;NA;;;';;';;Y;;;;'26/03/2020 14:34:24
;;;Zoning;6807712;'20200127134349;W03-C-Antwerpen-West-FH08;6807712;'20200127134349;W03-C-Antwerpen-West-FH08;19085;FTTH-Cu;;';';;;;;;;622898;'20200326153554;1735347;'1630000;'686;Sint-Antoniusstraat;'16;';2000;Antwerpen;;'152168,614;'211743,071;';Y;NA;4;4;Unknown;Unknown;;None;;;';IFH_BATCH;'26/03/2020 15:02:19;;Y;;;;'26/03/2020 14:34:24;4;1668462;;LU;1;';';';';';Y;;APTBLD;APPARTEMENTSGEBOUW - IMMEUBLE A APPARTEMENTS;NA;;;';;';;Y;;;;'26/03/2020 14:34:24
;;;Zoning;6807712;'20200127134349;W03-C-Antwerpen-West-FH08;6807712;'20200127134349;W03-C-Antwerpen-West-FH08;19085;FTTH-Cu;;';';;;;;;;622899;'20200326153554;1735348;'1630000;'686;Sint-Antoniusstraat;'18;';2000;Antwerpen;;'152173,299;'211743,61;';Y;NA;2;4;Unknown;Unknown;;None;;;';IFH_BATCH;'26/03/2020 15:02:21;;Y;;;;'26/03/2020 14:34:24;1;1680053;;LU;1;';';';';';Y;;HOUSE;WONING - MAISON;NA;;;';;';;Y;;;;'26/03/2020 14:34:24
;;;Zoning;6807712;'20200127134349;W03-C-Antwerpen-West-FH08;6807712;'20200127134349;W03-C-Antwerpen-West-FH08;19085;FTTH-Cu;;';';;;;;;;710541;'20200326153603;49011;'1630000;'686;Sint-Antoniusstraat;'19;';2000;Antwerpen;;'152200,703;'211772,997;';Y;NA;2;4;Unknown;Unknown;;None;;;';IFH_BATCH;'26/03/2020 15:02:51;;Y;;;;'26/03/2020 14:34:24;1;1685742;;BU;1;';';';';';Y;;COMMUNAL;GEMEENSCHAPSVERBLIJF - ??;NA;;;';;';;Y;;;;'26/03/2020 14:34:24
;;;Zoning;6807712;'20200127134349;W03-C-Antwerpen-West-FH08;6807712;'20200127134349;W03-C-Antwerpen-West-FH08;19085;FTTH-Cu;;';';;;;;;;693213;'20200326153546;4074807;'1630000;'686;Sint-Antoniusstraat;'20;';2000;Antwerpen;;'152179,38;'211743,597;';Y;NA;4;4;Unknown;Unknown;;None;;;';IFH_BATCH;'26/03/2020 15:02:46;;Y;;;;'26/03/2020 14:34:24;1;1698364;;LU;1;';';';';';Y;;HOUSE;WONING - MAISON;NA;;;';;';;Y;;;;'26/03/2020 14:34:24
;;;Zoning;6807712;'20200127134349;W03-C-Antwerpen-West-FH08;6807712;'20200127134349;W03-C-Antwerpen-West-FH08;19085;FTTH-Cu;;';';;;;;;;693213;'20200326153546;4074807;'1630000;'686;Sint-Antoniusstraat;'20;';2000;Antwerpen;;'152179,38;'211743,597;';Y;NA;4;4;Unknown;Unknown;;None;;;';IFH_BATCH;'26/03/2020 15:02:46;;Y;;;;'26/03/2020 14:34:24;2;1698365;;LU;1;';';';';';Y;;HOUSE;WONING - MAISON;NA;;;';;';;Y;;;;'26/03/2020 14:34:24
;;;Zoning;6807712;'20200127134349;W03-C-Antwerpen-West-FH08;6807712;'20200127134349;W03-C-Antwerpen-West-FH08;19085;FTTH-Cu;;';';;;;;;;693213;'20200326153546;4074807;'1630000;'686;Sint-Antoniusstraat;'20;';2000;Antwerpen;;'152179,38;'211743,597;';Y;NA;4;4;Unknown;Unknown;;None;;;';IFH_BATCH;'26/03/2020 15:02:46;;Y;;;;'26/03/2020 14:34:24;3;1698366;;LU;1;';';';';';Y;;HOUSE;WONING - MAISON;NA;;;';;';;Y;;;;'26/03/2020 14:34:24
;;;Zoning;6807712;'20200127134349;W03-C-Antwerpen-West-FH08;6807712;'20200127134349;W03-C-Antwerpen-West-FH08;19085;FTTH-Cu;;';';;;;;;;31647997;'20200326153556;1735350;'1630000;'686;Sint-Antoniusstraat;'21;';2000;Antwerpen;;'152205;'211770;';Y;NA;2;4;Unknown;Unknown;;None;;;';SSV_IMPORT;'26/03/2020 14:43:17;;Y;;;;'26/03/2020 14:34:24;1;11341374;;LU;1;';';';';';;;;;;;;';SSV_IMPORT;'26/03/2020 14:43:18;;Y;;;;'26/03/2020 14:34:24
;;;Zoning;6807712;'20200127134349;W03-C-Antwerpen-West-FH08;6807712;'20200127134349;W03-C-Antwerpen-West-FH08;19085;FTTH-Cu;;';';;;;;;;622900;'20200326153554;1735352;'1630000;'686;Sint-Antoniusstraat;'22;';2000;Antwerpen;;'152185,152;'211746,572;';Y;NA;2;4;Unknown;Unknown;;None;;;';IFH_BATCH;'26/03/2020 15:02:23;;Y;;;;'26/03/2020 14:34:24;1;1708432;;LU;1;';';';';';Y;;HOUSE;WONING - MAISON;NA;;;';;';;Y;;;;'26/03/2020 14:34:24
;;;Zoning;6807712;'20200127134349;W03-C-Antwerpen-West-FH08;6807712;'20200127134349;W03-C-Antwerpen-West-FH08;19085;FTTH-Cu;;';';;;;;;;31647999;'20200326153556;4504983;'1630000;'686;Sint-Antoniusstraat;'23;';2000;Antwerpen;;'152225;'211770;';Y;NA;2;4;Unknown;Unknown;;None;;;';SSV_IMPORT;'26/03/2020 14:43:23;;Y;;;;'26/03/2020 14:34:24;1;11341375;;LU;1;';';';';';;;;;;;;';SSV_IMPORT;'26/03/2020 14:43:24;;Y;;;;'26/03/2020 14:34:24
;;;Zoning;6807712;'20200127134349;W03-C-Antwerpen-West-FH08;6807712;'20200127134349;W03-C-Antwerpen-West-FH08;19085;FTTH-Cu;;';';;;;;;;31648001;'20200326153557;1735353;'1630000;'686;Sint-Antoniusstraat;'24;';2000;Antwerpen;;'152191;'211743;';N;MON;2;0;Unknown;Unknown;;None;;;';SSV_IMPORT;'26/03/2020 14:43:29;;Y;;;;'26/03/2020 14:34:24;1;11341376;;LU;1;';';';';';;;;;;;;';SSV_IMPORT;'26/03/2020 14:43:30;;Y;;;;'26/03/2020 14:34:24
;;;Zoning;6807712;'20200127134349;W03-C-Antwerpen-West-FH08;6807712;'20200127134349;W03-C-Antwerpen-West-FH08;19085;FTTH-Cu;;';';;;;;;;622901;'20200326153554;1735354;'1630000;'686;Sint-Antoniusstraat;'26;';2000;Antwerpen;;'152197,335;'211750,304;';Y;NA;4;4;Unknown;Unknown;;None;;;';IFH_BATCH;'26/03/2020 15:02:25;;Y;;;;'26/03/2020 14:34:24;1;10362241;;LU;1;';';';';';Y;;APTBLD;APPARTEMENTSGEBOUW - IMMEUBLE A APPARTEMENTS;NA;;;';;';;Y;;;;'26/03/2020 14:34:24
;;;Zoning;6807712;'20200127134349;W03-C-Antwerpen-West-FH08;6807712;'20200127134349;W03-C-Antwerpen-West-FH08;19085;FTTH-Cu;;';';;;;;;;622901;'20200326153554;1735354;'1630000;'686;Sint-Antoniusstraat;'26;';2000;Antwerpen;;'152197,335;'211750,304;';Y;NA;4;4;Unknown;Unknown;;None;;;';IFH_BATCH;'26/03/2020 15:02:25;;Y;;;;'26/03/2020 14:34:24;2;10362242;;LU;1;';';';';';Y;;APTBLD;APPARTEMENTSGEBOUW - IMMEUBLE A APPARTEMENTS;NA;;;';;';;Y;;;;'26/03/2020 14:34:24
;;;Zoning;6807712;'20200127134349;W03-C-Antwerpen-West-FH08;6807712;'20200127134349;W03-C-Antwerpen-West-FH08;19085;FTTH-Cu;;';';;;;;;;622901;'20200326153554;1735354;'1630000;'686;Sint-Antoniusstraat;'26;';2000;Antwerpen;;'152197,335;'211750,304;';Y;NA;4;4;Unknown;Unknown;;None;;;';IFH_BATCH;'26/03/2020 15:02:25;;Y;;;;'26/03/2020 14:34:24;3;10362243;;LU;1;';';';';';Y;;APTBLD;APPARTEMENTSGEBOUW - IMMEUBLE A APPARTEMENTS;NA;;;';;';;Y;;;;'26/03/2020 14:34:24
;;;Zoning;6807712;'20200127134349;W03-C-Antwerpen-West-FH08;6807712;'20200127134349;W03-C-Antwerpen-West-FH08;19085;FTTH-Cu;;';';;;;;;;714742;'20200326153600;60899;'1630000;'686;Sint-Antoniusstraat;'28;';2000;Antwerpen;;'152202,892;'211750,759;';Y;NA;2;4;Unknown;Unknown;;None;;;';IFH_BATCH;'26/03/2020 15:03:03;;Y;;;;'26/03/2020 14:34:24;1;1732616;;LU;1;';';';';';Y;;HOUSE;WONING - MAISON;NA;;;';;';;Y;;;;'26/03/2020 14:34:24
;;;Zoning;6807712;'20200127134349;W03-C-Antwerpen-West-FH08;6807712;'20200127134349;W03-C-Antwerpen-West-FH08;19085;FTTH-Cu;;';';;;;;;;31648005;'20200326153557;4504985;'1630000;'686;Sint-Antoniusstraat;'29;';2000;Antwerpen;;'152230;'211770;';Y;NA;2;4;Unknown;Unknown;;None;;;';SSV_IMPORT;'26/03/2020 14:43:35;;Y;;;;'26/03/2020 14:34:24;1;11341377;;LU;1;';';';';';;;;;;;;';SSV_IMPORT;'26/03/2020 14:43:37;;Y;;;;'26/03/2020 14:34:24
;;;Zoning;6807712;'20200127134349;W03-C-Antwerpen-West-FH08;6807712;'20200127134349;W03-C-Antwerpen-West-FH08;19085;FTTH-Cu;;';';;;;;;;31648006;'20200326153557;4504987;'1630000;'686;Sint-Antoniusstraat;'31;';2000;Antwerpen;;'152222;'211770;';Y;NA;2;4;Unknown;Unknown;;None;;;';SSV_IMPORT;'26/03/2020 14:43:42;;Y;;;;'26/03/2020 14:34:24;1;11341378;;LU;1;';';';';';;;;;;;;';SSV_IMPORT;'26/03/2020 14:43:43;;Y;;;;'26/03/2020 14:34:24
;;;Zoning;6807712;'20200127134349;W03-C-Antwerpen-West-FH08;6807712;'20200127134349;W03-C-Antwerpen-West-FH08;19085;FTTH-Cu;;';';;;;;;;31648007;'20200326153557;4504988;'1630000;'686;Sint-Antoniusstraat;'33;';2000;Antwerpen;;'152230;'211770;';Y;NA;2;4;Unknown;Unknown;;None;;;';SSV_IMPORT;'26/03/2020 14:43:48;;Y;;;;'26/03/2020 14:34:24;1;11341379;;LU;1;';';';';';;;;;;;;';SSV_IMPORT;'26/03/2020 14:43:48;;Y;;;;'26/03/2020 14:34:24
;;;Zoning;6807712;'20200127134349;W03-C-Antwerpen-West-FH08;6807712;'20200127134349;W03-C-Antwerpen-West-FH08;19085;FTTH-Cu;;';';;;;;;;622902;'20200326153554;1735356;'1630000;'686;Sint-Antoniusstraat;'35;';2000;Antwerpen;;'152230,315;'211771,038;';Y;NA;4;4;Unknown;Unknown;;None;;;';IFH_BATCH;'26/03/2020 15:02:29;;Y;;;;'26/03/2020 14:34:24;1;1759421;;LU;1;';';';';';Y;#A1/1/;APPART;DEEL_APP_GEBOUW - PARTIE_IMMEUBLE_APP;APPART;;;';;';;Y;;;;'26/03/2020 14:34:24
;;;Zoning;6807712;'20200127134349;W03-C-Antwerpen-West-FH08;6807712;'20200127134349;W03-C-Antwerpen-West-FH08;19085;FTTH-Cu;;';';;;;;;;622902;'20200326153554;1735356;'1630000;'686;Sint-Antoniusstraat;'35;';2000;Antwerpen;;'152230,315;'211771,038;';Y;NA;4;4;Unknown;Unknown;;None;;;';IFH_BATCH;'26/03/2020 15:02:29;;Y;;;;'26/03/2020 14:34:24;2;1759556;;LU;1;';';';';';Y;#A2/2/;APPART;DEEL_APP_GEBOUW - PARTIE_IMMEUBLE_APP;APPART;;;';;';;Y;;;;'26/03/2020 14:34:24
;;;Zoning;6807712;'20200127134349;W03-C-Antwerpen-West-FH08;6807712;'20200127134349;W03-C-Antwerpen-West-FH08;19085;FTTH-Cu;;';';;;;;;;622902;'20200326153554;1735356;'1630000;'686;Sint-Antoniusstraat;'35;';2000;Antwerpen;;'152230,315;'211771,038;';Y;NA;4;4;Unknown;Unknown;;None;;;';IFH_BATCH;'26/03/2020 15:02:29;;Y;;;;'26/03/2020 14:34:24;3;1759677;;LU;1;';';';';';Y;#A3/3/;APPART;DEEL_APP_GEBOUW - PARTIE_IMMEUBLE_APP;APPART;;;';;';;Y;;;;'26/03/2020 14:34:24
;;;Zoning;6807712;'20200127134349;W03-C-Antwerpen-West-FH08;6807712;'20200127134349;W03-C-Antwerpen-West-FH08;19085;FTTH-Cu;;';';;;;;;;622902;'20200326153554;1735356;'1630000;'686;Sint-Antoniusstraat;'35;';2000;Antwerpen;;'152230,315;'211771,038;';Y;NA;4;4;Unknown;Unknown;;None;;;';IFH_BATCH;'26/03/2020 15:02:29;;Y;;;;'26/03/2020 14:34:24;4;1759858;;BU;1;';';';';';Y;#HA.GV;APPART;DEEL_APP_GEBOUW - PARTIE_IMMEUBLE_APP;COMM;;;';;';;Y;;;;'26/03/2020 14:34:24
;;;Zoning;6807712;'20200127134349;W03-C-Antwerpen-West-FH08;6807712;'20200127134349;W03-C-Antwerpen-West-FH08;19085;FTTH-Cu;;';';;;;;;;622903;'20200326153554;1735357;'1630000;'686;Sint-Antoniusstraat;'37;';2000;Antwerpen;;'152234,578;'211771,153;';Y;NA;4;4;Unknown;Unknown;;None;;;';IFH_BATCH;'26/03/2020 15:02:32;;Y;;;;'26/03/2020 14:34:24;1;1766321;;LU;1;';';';';';Y;;HOUSE;WONING - MAISON;NA;;;';;';;Y;;;;'26/03/2020 14:34:24
;;;Zoning;6807712;'20200127134349;W03-C-Antwerpen-West-FH08;6807712;'20200127134349;W03-C-Antwerpen-West-FH08;19085;FTTH-Cu;;';';;;;;;;622903;'20200326153554;1735357;'1630000;'686;Sint-Antoniusstraat;'37;';2000;Antwerpen;;'152234,578;'211771,153;';Y;NA;4;4;Unknown;Unknown;;None;;;';IFH_BATCH;'26/03/2020 15:02:32;;Y;;;;'26/03/2020 14:34:24;2;1766322;;LU;1;';';';';';Y;;HOUSE;WONING - MAISON;NA;;;';;';;Y;;;;'26/03/2020 14:34:24
;;;Zoning;6807712;'20200127134349;W03-C-Antwerpen-West-FH08;6807712;'20200127134349;W03-C-Antwerpen-West-FH08;19085;FTTH-Cu;;';';;;;;;;710545;'20200326153603;49016;'1630000;'686;Sint-Antoniusstraat;'39;';2000;Antwerpen;;'152241,261;'211771,268;';Y;NA;4;4;Unknown;Unknown;;None;;;';IFH_BATCH;'26/03/2020 15:02:59;;Y;;;;'26/03/2020 14:34:24;1;10366873;;LU;1;';';';';';Y;#A1/;APPART;DEEL_APP_GEBOUW - PARTIE_IMMEUBLE_APP;APPART;;;';;';;Y;;;;'26/03/2020 14:34:24
;;;Zoning;6807712;'20200127134349;W03-C-Antwerpen-West-FH08;6807712;'20200127134349;W03-C-Antwerpen-West-FH08;19085;FTTH-Cu;;';';;;;;;;710545;'20200326153603;49016;'1630000;'686;Sint-Antoniusstraat;'39;';2000;Antwerpen;;'152241,261;'211771,268;';Y;NA;4;4;Unknown;Unknown;;None;;;';IFH_BATCH;'26/03/2020 15:02:59;;Y;;;;'26/03/2020 14:34:24;2;10366900;;LU;1;';';';';';Y;#A2/;APPART;DEEL_APP_GEBOUW - PARTIE_IMMEUBLE_APP;APPART;;;';;';;Y;;;;'26/03/2020 14:34:24
;;;Zoning;6807712;'20200127134349;W03-C-Antwerpen-West-FH08;6807712;'20200127134349;W03-C-Antwerpen-West-FH08;19085;FTTH-Cu;;';';;;;;;;710545;'20200326153603;49016;'1630000;'686;Sint-Antoniusstraat;'39;';2000;Antwerpen;;'152241,261;'211771,268;';Y;NA;4;4;Unknown;Unknown;;None;;;';IFH_BATCH;'26/03/2020 15:02:59;;Y;;;;'26/03/2020 14:34:24;3;10366922;;LU;1;';';';';';Y;#A3/;APPART;DEEL_APP_GEBOUW - PARTIE_IMMEUBLE_APP;APPART;;;';;';;Y;;;;'26/03/2020 14:34:24
;;;Zoning;6807712;'20200127134349;W03-C-Antwerpen-West-FH08;6807712;'20200127134349;W03-C-Antwerpen-West-FH08;19085;FTTH-Cu;;';';;;;;;;31648009;'20200326153557;49013;'1630000;'686;Sint-Antoniusstraat;'41;';2000;Antwerpen;;'152243;'211769;';Y;NA;2;4;Unknown;Unknown;;None;;;';SSV_IMPORT;'26/03/2020 14:43:53;;Y;;;;'26/03/2020 14:34:24;1;11341380;;LU;1;';';';';';;;;;;;;';SSV_IMPORT;'26/03/2020 14:43:54;;Y;;;;'26/03/2020 14:34:24
;;;Zoning;6807712;'20200127134349;W03-C-Antwerpen-West-FH08;6807712;'20200127134349;W03-C-Antwerpen-West-FH08;19085;FTTH-Cu;;';';;;;;;;622904;'20200326153554;1735359;'1630000;'686;Sint-Antoniusstraat;'43;';2000;Antwerpen;;'152256,355;'211772,305;';Y;NA;2;4;Unknown;Unknown;;None;;;';IFH_BATCH;'26/03/2020 15:02:34;;Y;;;;'26/03/2020 14:34:24;1;1785532;;BU;1;';';';';';Y;;COMMUNAL;GEMEENSCHAPSVERBLIJF - ??;NA;;;';;';;Y;;;;'26/03/2020 14:34:24
;;;Zoning;6807712;'20200127134349;W03-C-Antwerpen-West-FH08;6807712;'20200127134349;W03-C-Antwerpen-West-FH08;19085;FTTH-Cu;;';';;;;;;;710543;'20200326153603;49014;'1630000;'686;Sint-Antoniusstraat;'59;';2000;Antwerpen;;'152281,589;'211772,536;';Y;NA;2;4;Unknown;Unknown;;None;;;';IFH_BATCH;'26/03/2020 15:02:55;;Y;;;;'26/03/2020 14:34:24;1;1820272;;LU;1;';';';';';Y;;HOUSE;WONING - MAISON;NA;;;';;';;Y;;;;'26/03/2020 14:34:24
;;;Zoning;6807712;'20200127134349;W03-C-Antwerpen-West-FH08;6807712;'20200127134349;W03-C-Antwerpen-West-FH08;19085;FTTH-Cu;;';';;;;;;;622905;'20200326153554;1735361;'1630000;'686;Sint-Antoniusstraat;'61;';2000;Antwerpen;;'152286,313;'211773,803;';Y;NA;4;4;Unknown;Unknown;;None;;;';IFH_BATCH;'26/03/2020 15:02:36;;Y;;;;'26/03/2020 14:34:24;1;1828344;;LU;1;';';';';';Y;;APTBLD;APPARTEMENTSGEBOUW - IMMEUBLE A APPARTEMENTS;NA;;;';;';;Y;;;;'26/03/2020 14:34:24
;;;Zoning;6807712;'20200127134349;W03-C-Antwerpen-West-FH08;6807712;'20200127134349;W03-C-Antwerpen-West-FH08;19085;FTTH-Cu;;';';;;;;;;622905;'20200326153554;1735361;'1630000;'686;Sint-Antoniusstraat;'61;';2000;Antwerpen;;'152286,313;'211773,803;';Y;NA;4;4;Unknown;Unknown;;None;;;';IFH_BATCH;'26/03/2020 15:02:36;;Y;;;;'26/03/2020 14:34:24;2;1828345;;LU;1;';';';';';Y;;APTBLD;APPARTEMENTSGEBOUW - IMMEUBLE A APPARTEMENTS;NA;;;';;';;Y;;;;'26/03/2020 14:34:24
;;;Zoning;6807712;'20200127134349;W03-C-Antwerpen-West-FH08;6807712;'20200127134349;W03-C-Antwerpen-West-FH08;19085;FTTH-Cu;;';';;;;;;;622905;'20200326153554;1735361;'1630000;'686;Sint-Antoniusstraat;'61;';2000;Antwerpen;;'152286,313;'211773,803;';Y;NA;4;4;Unknown;Unknown;;None;;;';IFH_BATCH;'26/03/2020 15:02:36;;Y;;;;'26/03/2020 14:34:24;3;1828346;;LU;1;';';';';';Y;;APTBLD;APPARTEMENTSGEBOUW - IMMEUBLE A APPARTEMENTS;NA;;;';;';;Y;;;;'26/03/2020 14:34:24
;;;Zoning;6807712;'20200127134349;W03-C-Antwerpen-West-FH08;6807712;'20200127134349;W03-C-Antwerpen-West-FH08;19085;FTTH-Cu;;';';;;;;;;710544;'20200326153603;49015;'1630000;'686;Sint-Antoniusstraat;'63;';2000;Antwerpen;;'152292,963;'211773,936;';Y;NA;2;4;Unknown;Unknown;;None;;;';IFH_BATCH;'26/03/2020 15:02:57;;Y;;;;'26/03/2020 14:34:24;1;1831045;;BU;1;';';';';';Y;;COMM;HANDELSZAAK - COMMERCE;NA;;;';;';;Y;;;;'26/03/2020 14:34:24
;;;Zoning;6807712;'20200127134349;W03-C-Antwerpen-West-FH08;6807712;'20200127134349;W03-C-Antwerpen-West-FH08;19085;FTTH-Cu;;';';;;;;;;714743;'20200326153600;60900;'1630000;'686;Sint-Antoniusstraat;'64;';2000;Antwerpen;;'152279,41;'211754,034;';Y;NA;2;4;Unknown;Unknown;;None;;;';IFH_BATCH;'26/03/2020 15:03:05;;Y;;;;'26/03/2020 14:34:24;1;1832214;;LU;1;';';';';';Y;;HOUSE;WONING - MAISON;NA;;;';;';;Y;;;;'26/03/2020 14:34:24
;;;Zoning;6807712;'20200127134349;W03-C-Antwerpen-West-FH08;6807712;'20200127134349;W03-C-Antwerpen-West-FH08;19085;FTTH-Cu;;';';;;;;;;622906;'20200326153554;1735362;'1630000;'686;Sint-Antoniusstraat;'66;';2000;Antwerpen;;'152283,458;'211755,931;';Y;NA;2;4;Unknown;Unknown;;None;;;';IFH_BATCH;'26/03/2020 15:02:38;;Y;;;;'26/03/2020 14:34:24;1;1835091;;LU;1;';';';';';Y;;HOUSE;WONING - MAISON;NA;;;';;';;Y;;;;'26/03/2020 14:34:24
;;;Zoning;6807712;'20200127134349;W03-C-Antwerpen-West-FH08;6807712;'20200127134349;W03-C-Antwerpen-West-FH08;19085;FTTH-Cu;;';';;;;;;;622907;'20200326153554;1735363;'1630000;'686;Sint-Antoniusstraat;'68;';2000;Antwerpen;;'152287,119;'211756,059;';Y;NA;2;4;Unknown;Unknown;;None;;;';IFH_BATCH;'26/03/2020 15:02:40;;Y;;;;'26/03/2020 14:34:24;1;1837305;;LU;1;';';';';';Y;;HOUSE;WONING - MAISON;NA;;;';;';;Y;;;;'26/03/2020 14:34:24
;;;Zoning;6807712;'20200127134349;W03-C-Antwerpen-West-FH08;6807712;'20200127134349;W03-C-Antwerpen-West-FH08;19085;FTTH-Cu;;';';;;;;;;622908;'20200326153554;1735364;'1630000;'686;Sint-Antoniusstraat;'70;';2000;Antwerpen;;'152290,576;'211757,672;';Y;NA;4;4;Unknown;Unknown;;None;;;';IFH_BATCH;'26/03/2020 15:02:42;;Y;;;;'26/03/2020 14:34:24;1;1842857;;LU;1;';';';';';Y;#A.GV./GAR/;APPART;DEEL_APP_GEBOUW - PARTIE_IMMEUBLE_APP;APPART;;;';;';;Y;;;;'26/03/2020 14:34:24
;;;Zoning;6807712;'20200127134349;W03-C-Antwerpen-West-FH08;6807712;'20200127134349;W03-C-Antwerpen-West-FH08;19085;FTTH-Cu;;';';;;;;;;622908;'20200326153554;1735364;'1630000;'686;Sint-Antoniusstraat;'70;';2000;Antwerpen;;'152290,576;'211757,672;';Y;NA;4;4;Unknown;Unknown;;None;;;';IFH_BATCH;'26/03/2020 15:02:42;;Y;;;;'26/03/2020 14:34:24;2;1842899;;LU;1;';';';';';Y;#A1.A2;APPART;DEEL_APP_GEBOUW - PARTIE_IMMEUBLE_APP;APPART;;;';;';;Y;;;;'26/03/2020 14:34:24
;;;Zoning;6807712;'20200127134349;W03-C-Antwerpen-West-FH08;6807712;'20200127134349;W03-C-Antwerpen-West-FH08;19085;FTTH-Cu;;';';;;;;;;622909;'20200326153554;1735365;'1630000;'686;Sint-Antoniusstraat;'72;';2000;Antwerpen;;'152297,144;'211759,909;';Y;NA;4;4;Unknown;Unknown;;None;;;';IFH_BATCH;'26/03/2020 15:02:44;;Y;;;;'26/03/2020 14:34:24;1;1845602;;LU;1;';';';';';Y;;HOUSE;WONING - MAISON;NA;;;';;';;Y;;;;'26/03/2020 14:34:24
;;;Zoning;6807712;'20200127134349;W03-C-Antwerpen-West-FH08;6807712;'20200127134349;W03-C-Antwerpen-West-FH08;19085;FTTH-Cu;;';';;;;;;;622909;'20200326153554;1735365;'1630000;'686;Sint-Antoniusstraat;'72;';2000;Antwerpen;;'152297,144;'211759,909;';Y;NA;4;4;Unknown;Unknown;;None;;;';IFH_BATCH;'26/03/2020 15:02:44;;Y;;;;'26/03/2020 14:34:24;2;1845603;;LU;1;';';';';';Y;;HOUSE;WONING - MAISON;NA;;;';;';;Y;;;;'26/03/2020 14:34:24
;;;Zoning;6807712;'20200127134349;W03-C-Antwerpen-West-FH08;6807712;'20200127134349;W03-C-Antwerpen-West-FH08;19085;FTTH-Cu;;';';;;;;;;714744;'20200326153600;60901;'1630000;'686;Sint-Antoniusstraat;'74;';2000;Antwerpen;;'152303,366;'211762,742;';Y;NA;2;4;Unknown;Unknown;;None;;;';IFH_BATCH;'26/03/2020 15:03:07;;Y;;;;'26/03/2020 14:34:24;1;1847598;;LU;1;';';';';';Y;;HOUSE;WONING - MAISON;NA;;;';;';;Y;;;;'26/03/2020 14:34:24
;;;Zoning;6807712;'20200127134349;W03-C-Antwerpen-West-FH08;6807712;'20200127134349;W03-C-Antwerpen-West-FH08;19085;FTTH-Cu;;';';;;;;;;710611;'20200326153603;49180;'1630000;'26208;Sint-Rochusstraat;'1;';2000;Antwerpen;;'152024,873;'211437,32;';Y;NA;4;4;Unknown;Unknown;;None;;;';IFH_BATCH;'26/03/2020 14:57:48;;Y;;;;'26/03/2020 14:34:24;1;1610789;;LU;1;';';';';';Y;#A1/K4;APPART;DEEL_APP_GEBOUW - PARTIE_IMMEUBLE_APP;APPART;;;';;';;Y;;;;'26/03/2020 14:34:24
;;;Zoning;6807712;'20200127134349;W03-C-Antwerpen-West-FH08;6807712;'20200127134349;W03-C-Antwerpen-West-FH08;19085;FTTH-Cu;;';';;;;;;;710611;'20200326153603;49180;'1630000;'26208;Sint-Rochusstraat;'1;';2000;Antwerpen;;'152024,873;'211437,32;';Y;NA;4;4;Unknown;Unknown;;None;;;';IFH_BATCH;'26/03/2020 14:57:48;;Y;;;;'26/03/2020 14:34:24;2;1611391;;LU;1;';';';';';Y;#A2/K1;APPART;DEEL_APP_GEBOUW - PARTIE_IMMEUBLE_APP;APPART;;;';;';;Y;;;;'26/03/2020 14:34:24
;;;Zoning;6807712;'20200127134349;W03-C-Antwerpen-West-FH08;6807712;'20200127134349;W03-C-Antwerpen-West-FH08;19085;FTTH-Cu;;';';;;;;;;710611;'20200326153603;49180;'1630000;'26208;Sint-Rochusstraat;'1;';2000;Antwerpen;;'152024,873;'211437,32;';Y;NA;4;4;Unknown;Unknown;;None;;;';IFH_BATCH;'26/03/2020 14:57:48;;Y;;;;'26/03/2020 14:34:24;3;1611808;;LU;1;';';';';';Y;#A3/K3;APPART;DEEL_APP_GEBOUW - PARTIE_IMMEUBLE_APP;APPART;;;';;';;Y;;;;'26/03/2020 14:34:24
;;;Zoning;6807712;'20200127134349;W03-C-Antwerpen-West-FH08;6807712;'20200127134349;W03-C-Antwerpen-West-FH08;19085;FTTH-Cu;;';';;;;;;;710611;'20200326153603;49180;'1630000;'26208;Sint-Rochusstraat;'1;';2000;Antwerpen;;'152024,873;'211437,32;';Y;NA;4;4;Unknown;Unknown;;None;;;';IFH_BATCH;'26/03/2020 14:57:48;;Y;;;;'26/03/2020 14:34:24;4;1611929;;LU;1;';';';';';Y;#A4.5/K2;APPART;DEEL_APP_GEBOUW - PARTIE_IMMEUBLE_APP;APPART;;;';;';;Y;;;;'26/03/2020 14:34:24
;;;Zoning;6807712;'20200127134349;W03-C-Antwerpen-West-FH08;6807712;'20200127134349;W03-C-Antwerpen-West-FH08;19085;FTTH-Cu;;';';;;;;;;710611;'20200326153603;49180;'1630000;'26208;Sint-Rochusstraat;'1;';2000;Antwerpen;;'152024,873;'211437,32;';Y;NA;4;4;Unknown;Unknown;;None;;;';IFH_BATCH;'26/03/2020 14:57:48;;Y;;;;'26/03/2020 14:34:24;5;1613132;;BU;1;';';';';';Y;#HA.GV/K5;APPART;DEEL_APP_GEBOUW - PARTIE_IMMEUBLE_APP;COMM;;;';;';;Y;;;;'26/03/2020 14:34:24
;;;Zoning;6807712;'20200127134349;W03-C-Antwerpen-West-FH08;6807712;'20200127134349;W03-C-Antwerpen-West-FH08;19085;FTTH-Cu;;';';;;;;;;31648011;'20200326153557;5737205;'1630000;'26208;Sint-Rochusstraat;'2;';2000;Antwerpen;;'152047;'211406;';Y;NA;2;4;Unknown;Unknown;;None;;;';SSV_IMPORT;'26/03/2020 14:43:59;;Y;;;;'26/03/2020 14:34:24;1;11341381;;LU;1;';';';';';;;;;;;;';SSV_IMPORT;'26/03/2020 14:44:00;;Y;;;;'26/03/2020 14:34:24
;;;Zoning;6807712;'20200127134349;W03-C-Antwerpen-West-FH08;6807712;'20200127134349;W03-C-Antwerpen-West-FH08;19085;FTTH-Cu;;';';;;;;;;671799;'20200326153552;2048071;'1630000;'26208;Sint-Rochusstraat;'3;';2000;Antwerpen;;'152029,713;'211436,033;';Y;NA;4;4;Unknown;Unknown;;None;;;';IFH_BATCH;'26/03/2020 14:56:59;;Y;;;;'26/03/2020 14:34:24;1;1741749;;BU;1;';';';';';Y;;COMM;HANDELSZAAK - COMMERCE;NA;;;';;';;Y;;;;'26/03/2020 14:34:24
;;;Zoning;6807712;'20200127134349;W03-C-Antwerpen-West-FH08;6807712;'20200127134349;W03-C-Antwerpen-West-FH08;19085;FTTH-Cu;;';';;;;;;;671799;'20200326153552;2048071;'1630000;'26208;Sint-Rochusstraat;'3;';2000;Antwerpen;;'152029,713;'211436,033;';Y;NA;4;4;Unknown;Unknown;;None;;;';IFH_BATCH;'26/03/2020 14:56:59;;Y;;;;'26/03/2020 14:34:24;2;1741750;;BU;1;';';';';';Y;;COMM;HANDELSZAAK - COMMERCE;NA;;;';;';;Y;;;;'26/03/2020 14:34:24
;;;Zoning;6807712;'20200127134349;W03-C-Antwerpen-West-FH08;6807712;'20200127134349;W03-C-Antwerpen-West-FH08;19085;FTTH-Cu;;';';;;;;;;671799;'20200326153552;2048071;'1630000;'26208;Sint-Rochusstraat;'3;';2000;Antwerpen;;'152029,713;'211436,033;';Y;NA;4;4;Unknown;Unknown;;None;;;';IFH_BATCH;'26/03/2020 14:56:59;;Y;;;;'26/03/2020 14:34:24;3;1741751;;BU;1;';';';';';Y;;COMM;HANDELSZAAK - COMMERCE;NA;;;';;';;Y;;;;'26/03/2020 14:34:24
;;;Zoning;6807712;'20200127134349;W03-C-Antwerpen-West-FH08;6807712;'20200127134349;W03-C-Antwerpen-West-FH08;19085;FTTH-Cu;;';';;;;;;;31648020;'20200326153557;1031936;'1630000;'26208;Sint-Rochusstraat;'4;';2000;Antwerpen;;'152113;'211389;';Y;NA;2;4;Unknown;Unknown;;None;;;';SSV_IMPORT;'26/03/2020 14:44:05;;Y;;;;'26/03/2020 14:34:24;1;11341382;;LU;1;';';';';';;;;;;;;';SSV_IMPORT;'26/03/2020 14:44:06;;Y;;;;'26/03/2020 14:34:24
;;;Zoning;6807712;'20200127134349;W03-C-Antwerpen-West-FH08;6807712;'20200127134349;W03-C-Antwerpen-West-FH08;19085;FTTH-Cu;;';';;;;;;;31648022;'20200326153557;2048072;'1630000;'26208;Sint-Rochusstraat;'5;';2000;Antwerpen;;'152033;'211432;';Y;NA;2;4;Unknown;Unknown;;None;;;';SSV_IMPORT;'26/03/2020 14:44:11;;Y;;;;'26/03/2020 14:34:24;1;11341383;;LU;1;';';';';';;;;;;;;';SSV_IMPORT;'26/03/2020 14:44:15;;Y;;;;'26/03/2020 14:34:24
;;;Zoning;6807712;'20200127134349;W03-C-Antwerpen-West-FH08;6807712;'20200127134349;W03-C-Antwerpen-West-FH08;19085;FTTH-Cu;;';';;;;;;;31648030;'20200326153557;5738302;'1630000;'26208;Sint-Rochusstraat;'10;';2000;Antwerpen;;'152164;'211371;';Y;NA;2;4;Unknown;Unknown;;None;;;';SSV_IMPORT;'26/03/2020 14:44:20;;Y;;;;'26/03/2020 14:34:24;1;11341384;;LU;1;';';';';';;;;;;;;';SSV_IMPORT;'26/03/2020 14:44:21;;Y;;;;'26/03/2020 14:34:24
;;;Zoning;6807712;'20200127134349;W03-C-Antwerpen-West-FH08;6807712;'20200127134349;W03-C-Antwerpen-West-FH08;19085;FTTH-Cu;;';';;;;;;;671805;'20200326153552;2048078;'1630000;'26208;Sint-Rochusstraat;'17;';2000;Antwerpen;;'152059,787;'211428,829;';Y;NA;4;4;Unknown;Unknown;;None;;;';IFH_BATCH;'26/03/2020 14:57:11;;Y;;;;'26/03/2020 14:34:24;1;10362303;;LU;1;';';';';';Y;;APTBLD;APPARTEMENTSGEBOUW - IMMEUBLE A APPARTEMENTS;NA;;;';;';;Y;;;;'26/03/2020 14:34:24
;;;Zoning;6807712;'20200127134349;W03-C-Antwerpen-West-FH08;6807712;'20200127134349;W03-C-Antwerpen-West-FH08;19085;FTTH-Cu;;';';;;;;;;671805;'20200326153552;2048078;'1630000;'26208;Sint-Rochusstraat;'17;';2000;Antwerpen;;'152059,787;'211428,829;';Y;NA;4;4;Unknown;Unknown;;None;;;';IFH_BATCH;'26/03/2020 14:57:11;;Y;;;;'26/03/2020 14:34:24;2;10362304;;LU;1;';';';';';Y;;APTBLD;APPARTEMENTSGEBOUW - IMMEUBLE A APPARTEMENTS;NA;;;';;';;Y;;;;'26/03/2020 14:34:24
;;;Zoning;6807712;'20200127134349;W03-C-Antwerpen-West-FH08;6807712;'20200127134349;W03-C-Antwerpen-West-FH08;19085;FTTH-Cu;;';';;;;;;;671805;'20200326153552;2048078;'1630000;'26208;Sint-Rochusstraat;'17;';2000;Antwerpen;;'152059,787;'211428,829;';Y;NA;4;4;Unknown;Unknown;;None;;;';IFH_BATCH;'26/03/2020 14:57:11;;Y;;;;'26/03/2020 14:34:24;3;10362305;;LU;1;';';';';';Y;;APTBLD;APPARTEMENTSGEBOUW - IMMEUBLE A APPARTEMENTS;NA;;;';;';;Y;;;;'26/03/2020 14:34:24
;;;Zoning;6807712;'20200127134349;W03-C-Antwerpen-West-FH08;6807712;'20200127134349;W03-C-Antwerpen-West-FH08;19085;FTTH-Cu;;';';;;;;;;671805;'20200326153552;2048078;'1630000;'26208;Sint-Rochusstraat;'17;';2000;Antwerpen;;'152059,787;'211428,829;';Y;NA;4;4;Unknown;Unknown;;None;;;';IFH_BATCH;'26/03/2020 14:57:11;;Y;;;;'26/03/2020 14:34:24;4;10362306;;LU;1;';';';';';Y;;APTBLD;APPARTEMENTSGEBOUW - IMMEUBLE A APPARTEMENTS;NA;;;';;';;Y;;;;'26/03/2020 14:34:24
;;;Zoning;6807712;'20200127134349;W03-C-Antwerpen-West-FH08;6807712;'20200127134349;W03-C-Antwerpen-West-FH08;19085;FTTH-Cu;;';';;;;;;;671805;'20200326153552;2048078;'1630000;'26208;Sint-Rochusstraat;'17;';2000;Antwerpen;;'152059,787;'211428,829;';Y;NA;4;4;Unknown;Unknown;;None;;;';IFH_BATCH;'26/03/2020 14:57:11;;Y;;;;'26/03/2020 14:34:24;5;10362307;;LU;1;';';';';';Y;;APTBLD;APPARTEMENTSGEBOUW - IMMEUBLE A APPARTEMENTS;NA;;;';;';;Y;;;;'26/03/2020 14:34:24
;;;Zoning;6807712;'20200127134349;W03-C-Antwerpen-West-FH08;6807712;'20200127134349;W03-C-Antwerpen-West-FH08;19085;FTTH-Cu;;';';;;;;;;671805;'20200326153552;2048078;'1630000;'26208;Sint-Rochusstraat;'17;';2000;Antwerpen;;'152059,787;'211428,829;';Y;NA;4;4;Unknown;Unknown;;None;;;';IFH_BATCH;'26/03/2020 14:57:11;;Y;;;;'26/03/2020 14:34:24;6;10362308;;LU;1;';';';';';Y;;APTBLD;APPARTEMENTSGEBOUW - IMMEUBLE A APPARTEMENTS;NA;;;';;';;Y;;;;'26/03/2020 14:34:24
;;;Zoning;6807712;'20200127134349;W03-C-Antwerpen-West-FH08;6807712;'20200127134349;W03-C-Antwerpen-West-FH08;19085;FTTH-Cu;;';';;;;;;;671805;'20200326153552;2048078;'1630000;'26208;Sint-Rochusstraat;'17;';2000;Antwerpen;;'152059,787;'211428,829;';Y;NA;4;4;Unknown;Unknown;;None;;;';IFH_BATCH;'26/03/2020 14:57:11;;Y;;;;'26/03/2020 14:34:24;7;10362309;;LU;1;';';';';';Y;;APTBLD;APPARTEMENTSGEBOUW - IMMEUBLE A APPARTEMENTS;NA;;;';;';;Y;;;;'26/03/2020 14:34:24
;;;Zoning;6807712;'20200127134349;W03-C-Antwerpen-West-FH08;6807712;'20200127134349;W03-C-Antwerpen-West-FH08;19085;FTTH-Cu;;';';;;;;;;671805;'20200326153552;2048078;'1630000;'26208;Sint-Rochusstraat;'17;';2000;Antwerpen;;'152059,787;'211428,829;';Y;NA;4;4;Unknown;Unknown;;None;;;';IFH_BATCH;'26/03/2020 14:57:11;;Y;;;;'26/03/2020 14:34:24;8;10362310;;LU;1;';';';';';Y;;APTBLD;APPARTEMENTSGEBOUW - IMMEUBLE A APPARTEMENTS;NA;;;';;';;Y;;;;'26/03/2020 14:34:24
;;;Zoning;6807712;'20200127134349;W03-C-Antwerpen-West-FH08;6807712;'20200127134349;W03-C-Antwerpen-West-FH08;19085;FTTH-Cu;;';';;;;;;;671805;'20200326153552;2048078;'1630000;'26208;Sint-Rochusstraat;'17;';2000;Antwerpen;;'152059,787;'211428,829;';Y;NA;4;4;Unknown;Unknown;;None;;;';IFH_BATCH;'26/03/2020 14:57:11;;Y;;;;'26/03/2020 14:34:24;9;10362311;;LU;1;';';';';';Y;;APTBLD;APPARTEMENTSGEBOUW - IMMEUBLE A APPARTEMENTS;NA;;;';;';;Y;;;;'26/03/2020 14:34:24
;;;Zoning;6807712;'20200127134349;W03-C-Antwerpen-West-FH08;6807712;'20200127134349;W03-C-Antwerpen-West-FH08;19085;FTTH-Cu;;';';;;;;;;671805;'20200326153552;2048078;'1630000;'26208;Sint-Rochusstraat;'17;';2000;Antwerpen;;'152059,787;'211428,829;';Y;NA;4;4;Unknown;Unknown;;None;;;';IFH_BATCH;'26/03/2020 14:57:11;;Y;;;;'26/03/2020 14:34:24;10;10362312;;LU;1;';';';';';Y;;APTBLD;APPARTEMENTSGEBOUW - IMMEUBLE A APPARTEMENTS;NA;;;';;';;Y;;;;'26/03/2020 14:34:24
;;;Zoning;6807712;'20200127134349;W03-C-Antwerpen-West-FH08;6807712;'20200127134349;W03-C-Antwerpen-West-FH08;19085;FTTH-Cu;;';';;;;;;;671805;'20200326153552;2048078;'1630000;'26208;Sint-Rochusstraat;'17;';2000;Antwerpen;;'152059,787;'211428,829;';Y;NA;4;4;Unknown;Unknown;;None;;;';IFH_BATCH;'26/03/2020 14:57:11;;Y;;;;'26/03/2020 14:34:24;11;10362313;;LU;1;';';';';';Y;;APTBLD;APPARTEMENTSGEBOUW - IMMEUBLE A APPARTEMENTS;NA;;;';;';;Y;;;;'26/03/2020 14:34:24
;;;Zoning;6807712;'20200127134349;W03-C-Antwerpen-West-FH08;6807712;'20200127134349;W03-C-Antwerpen-West-FH08;19085;FTTH-Cu;;';';;;;;;;671805;'20200326153552;2048078;'1630000;'26208;Sint-Rochusstraat;'17;';2000;Antwerpen;;'152059,787;'211428,829;';Y;NA;4;4;Unknown;Unknown;;None;;;';IFH_BATCH;'26/03/2020 14:57:11;;Y;;;;'26/03/2020 14:34:24;12;10362314;;LU;1;';';';';';Y;;APTBLD;APPARTEMENTSGEBOUW - IMMEUBLE A APPARTEMENTS;NA;;;';;';;Y;;;;'26/03/2020 14:34:24
;;;Zoning;6807712;'20200127134349;W03-C-Antwerpen-West-FH08;6807712;'20200127134349;W03-C-Antwerpen-West-FH08;19085;FTTH-Cu;;';';;;;;;;671805;'20200326153552;2048078;'1630000;'26208;Sint-Rochusstraat;'17;';2000;Antwerpen;;'152059,787;'211428,829;';Y;NA;4;4;Unknown;Unknown;;None;;;';IFH_BATCH;'26/03/2020 14:57:11;;Y;;;;'26/03/2020 14:34:24;13;10362315;;LU;1;';';';';';Y;;APTBLD;APPARTEMENTSGEBOUW - IMMEUBLE A APPARTEMENTS;NA;;;';;';;Y;;;;'26/03/2020 14:34:24
;;;Zoning;6807712;'20200127134349;W03-C-Antwerpen-West-FH08;6807712;'20200127134349;W03-C-Antwerpen-West-FH08;19085;FTTH-Cu;;';';;;;;;;671805;'20200326153552;2048078;'1630000;'26208;Sint-Rochusstraat;'17;';2000;Antwerpen;;'152059,787;'211428,829;';Y;NA;4;4;Unknown;Unknown;;None;;;';IFH_BATCH;'26/03/2020 14:57:11;;Y;;;;'26/03/2020 14:34:24;14;10362316;;LU;1;';';';';';Y;;APTBLD;APPARTEMENTSGEBOUW - IMMEUBLE A APPARTEMENTS;NA;;;';;';;Y;;;;'26/03/2020 14:34:24
;;;Zoning;6807712;'20200127134349;W03-C-Antwerpen-West-FH08;6807712;'20200127134349;W03-C-Antwerpen-West-FH08;19085;FTTH-Cu;;';';;;;;;;671805;'20200326153552;2048078;'1630000;'26208;Sint-Rochusstraat;'17;';2000;Antwerpen;;'152059,787;'211428,829;';Y;NA;4;4;Unknown;Unknown;;None;;;';IFH_BATCH;'26/03/2020 14:57:11;;Y;;;;'26/03/2020 14:34:24;15;10362317;;LU;1;';';';';';Y;;APTBLD;APPARTEMENTSGEBOUW - IMMEUBLE A APPARTEMENTS;NA;;;';;';;Y;;;;'26/03/2020 14:34:24
;;;Zoning;6807712;'20200127134349;W03-C-Antwerpen-West-FH08;6807712;'20200127134349;W03-C-Antwerpen-West-FH08;19085;FTTH-Cu;;';';;;;;;;671805;'20200326153552;2048078;'1630000;'26208;Sint-Rochusstraat;'17;';2000;Antwerpen;;'152059,787;'211428,829;';Y;NA;4;4;Unknown;Unknown;;None;;;';IFH_BATCH;'26/03/2020 14:57:11;;Y;;;;'26/03/2020 14:34:24;16;10362318;;LU;1;';';';';';Y;;APTBLD;APPARTEMENTSGEBOUW - IMMEUBLE A APPARTEMENTS;NA;;;';;';;Y;;;;'26/03/2020 14:34:24
;;;Zoning;6807712;'20200127134349;W03-C-Antwerpen-West-FH08;6807712;'20200127134349;W03-C-Antwerpen-West-FH08;19085;FTTH-Cu;;';';;;;;;;671805;'20200326153552;2048078;'1630000;'26208;Sint-Rochusstraat;'17;';2000;Antwerpen;;'152059,787;'211428,829;';Y;NA;4;4;Unknown;Unknown;;None;;;';IFH_BATCH;'26/03/2020 14:57:11;;Y;;;;'26/03/2020 14:34:24;17;10362319;;LU;1;';';';';';Y;;APTBLD;APPARTEMENTSGEBOUW - IMMEUBLE A APPARTEMENTS;NA;;;';;';;Y;;;;'26/03/2020 14:34:24
;;;Zoning;6807712;'20200127134349;W03-C-Antwerpen-West-FH08;6807712;'20200127134349;W03-C-Antwerpen-West-FH08;19085;FTTH-Cu;;';';;;;;;;671805;'20200326153552;2048078;'1630000;'26208;Sint-Rochusstraat;'17;';2000;Antwerpen;;'152059,787;'211428,829;';Y;NA;4;4;Unknown;Unknown;;None;;;';IFH_BATCH;'26/03/2020 14:57:11;;Y;;;;'26/03/2020 14:34:24;18;10362320;;LU;1;';';';';';Y;;APTBLD;APPARTEMENTSGEBOUW - IMMEUBLE A APPARTEMENTS;NA;;;';;';;Y;;;;'26/03/2020 14:34:24
;;;Zoning;6807712;'20200127134349;W03-C-Antwerpen-West-FH08;6807712;'20200127134349;W03-C-Antwerpen-West-FH08;19085;FTTH-Cu;;';';;;;;;;671805;'20200326153552;2048078;'1630000;'26208;Sint-Rochusstraat;'17;';2000;Antwerpen;;'152059,787;'211428,829;';Y;NA;4;4;Unknown;Unknown;;None;;;';IFH_BATCH;'26/03/2020 14:57:11;;Y;;;;'26/03/2020 14:34:24;19;10362321;;LU;1;';';';';';Y;;APTBLD;APPARTEMENTSGEBOUW - IMMEUBLE A APPARTEMENTS;NA;;;';;';;Y;;;;'26/03/2020 14:34:24
;;;Zoning;6807712;'20200127134349;W03-C-Antwerpen-West-FH08;6807712;'20200127134349;W03-C-Antwerpen-West-FH08;19085;FTTH-Cu;;';';;;;;;;671805;'20200326153552;2048078;'1630000;'26208;Sint-Rochusstraat;'17;';2000;Antwerpen;;'152059,787;'211428,829;';Y;NA;4;4;Unknown;Unknown;;None;;;';IFH_BATCH;'26/03/2020 14:57:11;;Y;;;;'26/03/2020 14:34:24;20;10362322;;LU;1;';';';';';Y;;APTBLD;APPARTEMENTSGEBOUW - IMMEUBLE A APPARTEMENTS;NA;;;';;';;Y;;;;'26/03/2020 14:34:24
;;;Zoning;6807712;'20200127134349;W03-C-Antwerpen-West-FH08;6807712;'20200127134349;W03-C-Antwerpen-West-FH08;19085;FTTH-Cu;;';';;;;;;;671805;'20200326153552;2048078;'1630000;'26208;Sint-Rochusstraat;'17;';2000;Antwerpen;;'152059,787;'211428,829;';Y;NA;4;4;Unknown;Unknown;;None;;;';IFH_BATCH;'26/03/2020 14:57:11;;Y;;;;'26/03/2020 14:34:24;21;10362323;;LU;1;';';';';';Y;;APTBLD;APPARTEMENTSGEBOUW - IMMEUBLE A APPARTEMENTS;NA;;;';;';;Y;;;;'26/03/2020 14:34:24
;;;Zoning;6807712;'20200127134349;W03-C-Antwerpen-West-FH08;6807712;'20200127134349;W03-C-Antwerpen-West-FH08;19085;FTTH-Cu;;';';;;;;;;671805;'20200326153552;2048078;'1630000;'26208;Sint-Rochusstraat;'17;';2000;Antwerpen;;'152059,787;'211428,829;';Y;NA;4;4;Unknown;Unknown;;None;;;';IFH_BATCH;'26/03/2020 14:57:11;;Y;;;;'26/03/2020 14:34:24;22;10362324;;LU;1;';';';';';Y;;APTBLD;APPARTEMENTSGEBOUW - IMMEUBLE A APPARTEMENTS;NA;;;';;';;Y;;;;'26/03/2020 14:34:24
;;;Zoning;6807712;'20200127134349;W03-C-Antwerpen-West-FH08;6807712;'20200127134349;W03-C-Antwerpen-West-FH08;19085;FTTH-Cu;;';';;;;;;;671805;'20200326153552;2048078;'1630000;'26208;Sint-Rochusstraat;'17;';2000;Antwerpen;;'152059,787;'211428,829;';Y;NA;4;4;Unknown;Unknown;;None;;;';IFH_BATCH;'26/03/2020 14:57:11;;Y;;;;'26/03/2020 14:34:24;23;10362325;;LU;1;';';';';';Y;;APTBLD;APPARTEMENTSGEBOUW - IMMEUBLE A APPARTEMENTS;NA;;;';;';;Y;;;;'26/03/2020 14:34:24
;;;Zoning;6807712;'20200127134349;W03-C-Antwerpen-West-FH08;6807712;'20200127134349;W03-C-Antwerpen-West-FH08;19085;FTTH-Cu;;';';;;;;;;671805;'20200326153552;2048078;'1630000;'26208;Sint-Rochusstraat;'17;';2000;Antwerpen;;'152059,787;'211428,829;';Y;NA;4;4;Unknown;Unknown;;None;;;';IFH_BATCH;'26/03/2020 14:57:11;;Y;;;;'26/03/2020 14:34:24;24;10362326;;LU;1;';';';';';Y;;APTBLD;APPARTEMENTSGEBOUW - IMMEUBLE A APPARTEMENTS;NA;;;';;';;Y;;;;'26/03/2020 14:34:24
;;;Zoning;6807712;'20200127134349;W03-C-Antwerpen-West-FH08;6807712;'20200127134349;W03-C-Antwerpen-West-FH08;19085;FTTH-Cu;;';';;;;;;;709256;'20200326153603;4518818;'1630000;'26208;Sint-Rochusstraat;'28;';2000;Antwerpen;;'152190,448;'211367,07;';Y;NA;4;4;Unknown;Unknown;;None;;;';IFH_BATCH;'26/03/2020 14:57:46;;Y;;;;'26/03/2020 14:34:24;1;1732150;;BU;1;';';';';';Y;;COMM;HANDELSZAAK - COMMERCE;NA;;;';;';;Y;;;;'26/03/2020 14:34:24
;;;Zoning;6807712;'20200127134349;W03-C-Antwerpen-West-FH08;6807712;'20200127134349;W03-C-Antwerpen-West-FH08;19085;FTTH-Cu;;';';;;;;;;709256;'20200326153603;4518818;'1630000;'26208;Sint-Rochusstraat;'28;';2000;Antwerpen;;'152190,448;'211367,07;';Y;NA;4;4;Unknown;Unknown;;None;;;';IFH_BATCH;'26/03/2020 14:57:46;;Y;;;;'26/03/2020 14:34:24;2;1732635;;BU;1;';';';';';Y;;OFFICE;KANTOORGEBOUW - BATIMENT DE BUREAU;NA;;;';;';;Y;;;;'26/03/2020 14:34:24
;;;Zoning;6807712;'20200127134349;W03-C-Antwerpen-West-FH08;6807712;'20200127134349;W03-C-Antwerpen-West-FH08;19085;FTTH-Cu;;';';;;;;;;31648031;'20200326153557;2048082;'1630000;'26208;Sint-Rochusstraat;'30;';2000;Antwerpen;;'152197;'211366;';Y;NA;2;4;Unknown;Unknown;;None;;;';SSV_IMPORT;'26/03/2020 14:44:26;;Y;;;;'26/03/2020 14:34:24;1;11341385;;LU;1;';';';';';;;;;;;;';SSV_IMPORT;'26/03/2020 14:44:27;;Y;;;;'26/03/2020 14:34:24
;;;Zoning;6807712;'20200127134349;W03-C-Antwerpen-West-FH08;6807712;'20200127134349;W03-C-Antwerpen-West-FH08;19085;FTTH-Cu;;';';;;;;;;31648032;'20200326153557;2048083;'1630000;'26208;Sint-Rochusstraat;'31;';2000;Antwerpen;;'152147;'211399;';Y;NA;4;4;Unknown;Unknown;;None;;;';SSV_IMPORT;'26/03/2020 14:44:32;;Y;;;;'26/03/2020 14:34:24;5;11341386;;LU;1;';';';';';;;;;;;;';SSV_IMPORT;'26/03/2020 14:44:33;;Y;;;;'26/03/2020 14:34:24
;;;Zoning;6807712;'20200127134349;W03-C-Antwerpen-West-FH08;6807712;'20200127134349;W03-C-Antwerpen-West-FH08;19085;FTTH-Cu;;';';;;;;;;31648032;'20200326153557;2048083;'1630000;'26208;Sint-Rochusstraat;'31;';2000;Antwerpen;;'152147;'211399;';Y;NA;4;4;Unknown;Unknown;;None;;;';SSV_IMPORT;'26/03/2020 14:44:32;;Y;;;;'26/03/2020 14:34:24;6;11341387;;LU;1;';';';';';;;;;;;;';SSV_IMPORT;'26/03/2020 14:44:34;;Y;;;;'26/03/2020 14:34:24
;;;Zoning;6807712;'20200127134349;W03-C-Antwerpen-West-FH08;6807712;'20200127134349;W03-C-Antwerpen-West-FH08;19085;FTTH-Cu;;';';;;;;;;31648032;'20200326153557;2048083;'1630000;'26208;Sint-Rochusstraat;'31;';2000;Antwerpen;;'152147;'211399;';Y;NA;4;4;Unknown;Unknown;;None;;;';SSV_IMPORT;'26/03/2020 14:44:32;;Y;;;;'26/03/2020 14:34:24;7;11341388;;LU;1;';';';';';;;;;;;;';SSV_IMPORT;'26/03/2020 14:44:35;;Y;;;;'26/03/2020 14:34:24
;;;Zoning;6807712;'20200127134349;W03-C-Antwerpen-West-FH08;6807712;'20200127134349;W03-C-Antwerpen-West-FH08;19085;FTTH-Cu;;';';;;;;;;31648032;'20200326153557;2048083;'1630000;'26208;Sint-Rochusstraat;'31;';2000;Antwerpen;;'152147;'211399;';Y;NA;4;4;Unknown;Unknown;;None;;;';SSV_IMPORT;'26/03/2020 14:44:32;;Y;;;;'26/03/2020 14:34:24;8;11341389;;LU;1;';';';';';;;;;;;;';SSV_IMPORT;'26/03/2020 14:44:36;;Y;;;;'26/03/2020 14:34:24
;;;Zoning;6807712;'20200127134349;W03-C-Antwerpen-West-FH08;6807712;'20200127134349;W03-C-Antwerpen-West-FH08;19085;FTTH-Cu;;';';;;;;;;31648032;'20200326153557;2048083;'1630000;'26208;Sint-Rochusstraat;'31;';2000;Antwerpen;;'152147;'211399;';Y;NA;4;4;Unknown;Unknown;;None;;;';SSV_IMPORT;'26/03/2020 14:44:32;;Y;;;;'26/03/2020 14:34:24;9;11341390;;LU;1;';';';';';;;;;;;;';SSV_IMPORT;'26/03/2020 14:44:37;;Y;;;;'26/03/2020 14:34:24
;;;Zoning;6807712;'20200127134349;W03-C-Antwerpen-West-FH08;6807712;'20200127134349;W03-C-Antwerpen-West-FH08;19085;FTTH-Cu;;';';;;;;;;31648032;'20200326153557;2048083;'1630000;'26208;Sint-Rochusstraat;'31;';2000;Antwerpen;;'152147;'211399;';Y;NA;4;4;Unknown;Unknown;;None;;;';SSV_IMPORT;'26/03/2020 14:44:32;;Y;;;;'26/03/2020 14:34:24;10;11341391;;LU;1;';';';';';;;;;;;;';SSV_IMPORT;'26/03/2020 14:44:38;;Y;;;;'26/03/2020 14:34:24
;;;Zoning;6807712;'20200127134349;W03-C-Antwerpen-West-FH08;6807712;'20200127134349;W03-C-Antwerpen-West-FH08;19085;FTTH-Cu;;';';;;;;;;31648032;'20200326153557;2048083;'1630000;'26208;Sint-Rochusstraat;'31;';2000;Antwerpen;;'152147;'211399;';Y;NA;4;4;Unknown;Unknown;;None;;;';SSV_IMPORT;'26/03/2020 14:44:32;;Y;;;;'26/03/2020 14:34:24;11;11341392;;LU;1;';';';';';;;;;;;;';SSV_IMPORT;'26/03/2020 14:44:39;;Y;;;;'26/03/2020 14:34:24
;;;Zoning;6807712;'20200127134349;W03-C-Antwerpen-West-FH08;6807712;'20200127134349;W03-C-Antwerpen-West-FH08;19085;FTTH-Cu;;';';;;;;;;31648032;'20200326153557;2048083;'1630000;'26208;Sint-Rochusstraat;'31;';2000;Antwerpen;;'152147;'211399;';Y;NA;4;4;Unknown;Unknown;;None;;;';SSV_IMPORT;'26/03/2020 14:44:32;;Y;;;;'26/03/2020 14:34:24;12;11341393;;LU;1;';';';';';;;;;;;;';SSV_IMPORT;'26/03/2020 14:44:41;;Y;;;;'26/03/2020 14:34:24
;;;Zoning;6807712;'20200127134349;W03-C-Antwerpen-West-FH08;6807712;'20200127134349;W03-C-Antwerpen-West-FH08;19085;FTTH-Cu;;';';;;;;;;31648032;'20200326153557;2048083;'1630000;'26208;Sint-Rochusstraat;'31;';2000;Antwerpen;;'152147;'211399;';Y;NA;4;4;Unknown;Unknown;;None;;;';SSV_IMPORT;'26/03/2020 14:44:32;;Y;;;;'26/03/2020 14:34:24;13;11341394;;LU;1;';';';';';;;;;;;;';SSV_IMPORT;'26/03/2020 14:44:42;;Y;;;;'26/03/2020 14:34:24
;;;Zoning;6807712;'20200127134349;W03-C-Antwerpen-West-FH08;6807712;'20200127134349;W03-C-Antwerpen-West-FH08;19085;FTTH-Cu;;';';;;;;;;31648032;'20200326153557;2048083;'1630000;'26208;Sint-Rochusstraat;'31;';2000;Antwerpen;;'152147;'211399;';Y;NA;4;4;Unknown;Unknown;;None;;;';SSV_IMPORT;'26/03/2020 14:44:32;;Y;;;;'26/03/2020 14:34:24;14;11341395;;LU;1;';';';';';;;;;;;;';SSV_IMPORT;'26/03/2020 14:44:43;;Y;;;;'26/03/2020 14:34:24
;;;Zoning;6807712;'20200127134349;W03-C-Antwerpen-West-FH08;6807712;'20200127134349;W03-C-Antwerpen-West-FH08;19085;FTTH-Cu;;';';;;;;;;31648032;'20200326153557;2048083;'1630000;'26208;Sint-Rochusstraat;'31;';2000;Antwerpen;;'152147;'211399;';Y;NA;4;4;Unknown;Unknown;;None;;;';SSV_IMPORT;'26/03/2020 14:44:32;;Y;;;;'26/03/2020 14:34:24;15;11341396;;LU;1;';';';';';;;;;;;;';SSV_IMPORT;'26/03/2020 14:44:44;;Y;;;;'26/03/2020 14:34:24
;;;Zoning;6807712;'20200127134349;W03-C-Antwerpen-West-FH08;6807712;'20200127134349;W03-C-Antwerpen-West-FH08;19085;FTTH-Cu;;';';;;;;;;31648032;'20200326153557;2048083;'1630000;'26208;Sint-Rochusstraat;'31;';2000;Antwerpen;;'152147;'211399;';Y;NA;4;4;Unknown;Unknown;;None;;;';SSV_IMPORT;'26/03/2020 14:44:32;;Y;;;;'26/03/2020 14:34:24;16;11341397;;LU;1;';';';';';;;;;;;;';SSV_IMPORT;'26/03/2020 14:44:45;;Y;;;;'26/03/2020 14:34:24
;;;Zoning;6807712;'20200127134349;W03-C-Antwerpen-West-FH08;6807712;'20200127134349;W03-C-Antwerpen-West-FH08;19085;FTTH-Cu;;';';;;;;;;31648032;'20200326153557;2048083;'1630000;'26208;Sint-Rochusstraat;'31;';2000;Antwerpen;;'152147;'211399;';Y;NA;4;4;Unknown;Unknown;;None;;;';SSV_IMPORT;'26/03/2020 14:44:32;;Y;;;;'26/03/2020 14:34:24;17;11341398;;LU;1;';';';';';;;;;;;;';SSV_IMPORT;'26/03/2020 14:44:46;;Y;;;;'26/03/2020 14:34:24
;;;Zoning;6807712;'20200127134349;W03-C-Antwerpen-West-FH08;6807712;'20200127134349;W03-C-Antwerpen-West-FH08;19085;FTTH-Cu;;';';;;;;;;31648032;'20200326153557;2048083;'1630000;'26208;Sint-Rochusstraat;'31;';2000;Antwerpen;;'152147;'211399;';Y;NA;4;4;Unknown;Unknown;;None;;;';SSV_IMPORT;'26/03/2020 14:44:32;;Y;;;;'26/03/2020 14:34:24;18;11341399;;LU;1;';';';';';;;;;;;;';SSV_IMPORT;'26/03/2020 14:44:47;;Y;;;;'26/03/2020 14:34:24
;;;Zoning;6807712;'20200127134349;W03-C-Antwerpen-West-FH08;6807712;'20200127134349;W03-C-Antwerpen-West-FH08;19085;FTTH-Cu;;';';;;;;;;31648032;'20200326153557;2048083;'1630000;'26208;Sint-Rochusstraat;'31;';2000;Antwerpen;;'152147;'211399;';Y;NA;4;4;Unknown;Unknown;;None;;;';SSV_IMPORT;'26/03/2020 14:44:32;;Y;;;;'26/03/2020 14:34:24;19;11341400;;LU;1;';';';';';;;;;;;;';SSV_IMPORT;'26/03/2020 14:44:48;;Y;;;;'26/03/2020 14:34:24
;;;Zoning;6807712;'20200127134349;W03-C-Antwerpen-West-FH08;6807712;'20200127134349;W03-C-Antwerpen-West-FH08;19085;FTTH-Cu;;';';;;;;;;31648032;'20200326153557;2048083;'1630000;'26208;Sint-Rochusstraat;'31;';2000;Antwerpen;;'152147;'211399;';Y;NA;4;4;Unknown;Unknown;;None;;;';SSV_IMPORT;'26/03/2020 14:44:32;;Y;;;;'26/03/2020 14:34:24;20;11341401;;LU;1;';';';';';;;;;;;;';SSV_IMPORT;'26/03/2020 14:44:49;;Y;;;;'26/03/2020 14:34:24
;;;Zoning;6807712;'20200127134349;W03-C-Antwerpen-West-FH08;6807712;'20200127134349;W03-C-Antwerpen-West-FH08;19085;FTTH-Cu;;';';;;;;;;31648032;'20200326153557;2048083;'1630000;'26208;Sint-Rochusstraat;'31;';2000;Antwerpen;;'152147;'211399;';Y;NA;4;4;Unknown;Unknown;;None;;;';SSV_IMPORT;'26/03/2020 14:44:32;;Y;;;;'26/03/2020 14:34:24;21;11341402;;LU;1;';';';';';;;;;;;;';SSV_IMPORT;'26/03/2020 14:44:50;;Y;;;;'26/03/2020 14:34:24
;;;Zoning;6807712;'20200127134349;W03-C-Antwerpen-West-FH08;6807712;'20200127134349;W03-C-Antwerpen-West-FH08;19085;FTTH-Cu;;';';;;;;;;31648032;'20200326153557;2048083;'1630000;'26208;Sint-Rochusstraat;'31;';2000;Antwerpen;;'152147;'211399;';Y;NA;4;4;Unknown;Unknown;;None;;;';SSV_IMPORT;'26/03/2020 14:44:32;;Y;;;;'26/03/2020 14:34:24;22;11341403;;LU;1;';';';';';;;;;;;;';SSV_IMPORT;'26/03/2020 14:44:51;;Y;;;;'26/03/2020 14:34:24
;;;Zoning;6807712;'20200127134349;W03-C-Antwerpen-West-FH08;6807712;'20200127134349;W03-C-Antwerpen-West-FH08;19085;FTTH-Cu;;';';;;;;;;31648032;'20200326153557;2048083;'1630000;'26208;Sint-Rochusstraat;'31;';2000;Antwerpen;;'152147;'211399;';Y;NA;4;4;Unknown;Unknown;;None;;;';SSV_IMPORT;'26/03/2020 14:44:32;;Y;;;;'26/03/2020 14:34:24;23;11341404;;LU;1;';';';';';;;;;;;;';SSV_IMPORT;'26/03/2020 14:44:52;;Y;;;;'26/03/2020 14:34:24
;;;Zoning;6807712;'20200127134349;W03-C-Antwerpen-West-FH08;6807712;'20200127134349;W03-C-Antwerpen-West-FH08;19085;FTTH-Cu;;';';;;;;;;31648032;'20200326153557;2048083;'1630000;'26208;Sint-Rochusstraat;'31;';2000;Antwerpen;;'152147;'211399;';Y;NA;4;4;Unknown;Unknown;;None;;;';SSV_IMPORT;'26/03/2020 14:44:32;;Y;;;;'26/03/2020 14:34:24;24;11341405;;LU;1;';';';';';;;;;;;;';SSV_IMPORT;'26/03/2020 14:44:53;;Y;;;;'26/03/2020 14:34:24
;;;Zoning;6807712;'20200127134349;W03-C-Antwerpen-West-FH08;6807712;'20200127134349;W03-C-Antwerpen-West-FH08;19085;FTTH-Cu;;';';;;;;;;31648032;'20200326153557;2048083;'1630000;'26208;Sint-Rochusstraat;'31;';2000;Antwerpen;;'152147;'211399;';Y;NA;4;4;Unknown;Unknown;;None;;;';SSV_IMPORT;'26/03/2020 14:44:32;;Y;;;;'26/03/2020 14:34:24;25;11341406;;LU;1;';';';';';;;;;;;;';SSV_IMPORT;'26/03/2020 14:44:54;;Y;;;;'26/03/2020 14:34:24
;;;Zoning;6807712;'20200127134349;W03-C-Antwerpen-West-FH08;6807712;'20200127134349;W03-C-Antwerpen-West-FH08;19085;FTTH-Cu;;';';;;;;;;31648032;'20200326153557;2048083;'1630000;'26208;Sint-Rochusstraat;'31;';2000;Antwerpen;;'152147;'211399;';Y;NA;4;4;Unknown;Unknown;;None;;;';SSV_IMPORT;'26/03/2020 14:44:32;;Y;;;;'26/03/2020 14:34:24;26;11341407;;LU;1;';';';';';;;;;;;;';SSV_IMPORT;'26/03/2020 14:44:55;;Y;;;;'26/03/2020 14:34:24
;;;Zoning;6807712;'20200127134349;W03-C-Antwerpen-West-FH08;6807712;'20200127134349;W03-C-Antwerpen-West-FH08;19085;FTTH-Cu;;';';;;;;;;31648032;'20200326153557;2048083;'1630000;'26208;Sint-Rochusstraat;'31;';2000;Antwerpen;;'152147;'211399;';Y;NA;4;4;Unknown;Unknown;;None;;;';SSV_IMPORT;'26/03/2020 14:44:32;;Y;;;;'26/03/2020 14:34:24;27;11341408;;LU;1;';';';';';;;;;;;;';SSV_IMPORT;'26/03/2020 14:44:57;;Y;;;;'26/03/2020 14:34:24
;;;Zoning;6807712;'20200127134349;W03-C-Antwerpen-West-FH08;6807712;'20200127134349;W03-C-Antwerpen-West-FH08;19085;FTTH-Cu;;';';;;;;;;31648032;'20200326153557;2048083;'1630000;'26208;Sint-Rochusstraat;'31;';2000;Antwerpen;;'152147;'211399;';Y;NA;4;4;Unknown;Unknown;;None;;;';SSV_IMPORT;'26/03/2020 14:44:32;;Y;;;;'26/03/2020 14:34:24;28;11341409;;LU;1;';';';';';;;;;;;;';SSV_IMPORT;'26/03/2020 14:44:58;;Y;;;;'26/03/2020 14:34:24
;;;Zoning;6807712;'20200127134349;W03-C-Antwerpen-West-FH08;6807712;'20200127134349;W03-C-Antwerpen-West-FH08;19085;FTTH-Cu;;';';;;;;;;31648032;'20200326153557;2048083;'1630000;'26208;Sint-Rochusstraat;'31;';2000;Antwerpen;;'152147;'211399;';Y;NA;4;4;Unknown;Unknown;;None;;;';SSV_IMPORT;'26/03/2020 14:44:32;;Y;;;;'26/03/2020 14:34:24;29;11341410;;LU;1;';';';';';;;;;;;;';SSV_IMPORT;'26/03/2020 14:44:59;;Y;;;;'26/03/2020 14:34:24
;;;Zoning;6807712;'20200127134349;W03-C-Antwerpen-West-FH08;6807712;'20200127134349;W03-C-Antwerpen-West-FH08;19085;FTTH-Cu;;';';;;;;;;31648052;'20200326153557;4518821;'1630000;'26208;Sint-Rochusstraat;'34;';2000;Antwerpen;;'152207;'211358;';Y;NA;4;4;Unknown;Unknown;;None;;;';SSV_IMPORT;'26/03/2020 14:45:05;;Y;;;;'26/03/2020 14:34:24;1;11341411;;LU;1;';';';';';;;;;;;;';SSV_IMPORT;'26/03/2020 14:45:06;;Y;;;;'26/03/2020 14:34:24
;;;Zoning;6807712;'20200127134349;W03-C-Antwerpen-West-FH08;6807712;'20200127134349;W03-C-Antwerpen-West-FH08;19085;FTTH-Cu;;';';;;;;;;31648052;'20200326153557;4518821;'1630000;'26208;Sint-Rochusstraat;'34;';2000;Antwerpen;;'152207;'211358;';Y;NA;4;4;Unknown;Unknown;;None;;;';SSV_IMPORT;'26/03/2020 14:45:05;;Y;;;;'26/03/2020 14:34:24;2;11341412;;LU;1;';';';';';;;;;;;;';SSV_IMPORT;'26/03/2020 14:45:07;;Y;;;;'26/03/2020 14:34:24
;;;Zoning;6807712;'20200127134349;W03-C-Antwerpen-West-FH08;6807712;'20200127134349;W03-C-Antwerpen-West-FH08;19085;FTTH-Cu;;';';;;;;;;31648052;'20200326153557;4518821;'1630000;'26208;Sint-Rochusstraat;'34;';2000;Antwerpen;;'152207;'211358;';Y;NA;4;4;Unknown;Unknown;;None;;;';SSV_IMPORT;'26/03/2020 14:45:05;;Y;;;;'26/03/2020 14:34:24;3;11341413;;LU;1;';';';';';;;;;;;;';SSV_IMPORT;'26/03/2020 14:45:08;;Y;;;;'26/03/2020 14:34:24
;;;Zoning;6807712;'20200127134349;W03-C-Antwerpen-West-FH08;6807712;'20200127134349;W03-C-Antwerpen-West-FH08;19085;FTTH-Cu;;';';;;;;;;31648052;'20200326153557;4518821;'1630000;'26208;Sint-Rochusstraat;'34;';2000;Antwerpen;;'152207;'211358;';Y;NA;4;4;Unknown;Unknown;;None;;;';SSV_IMPORT;'26/03/2020 14:45:05;;Y;;;;'26/03/2020 14:34:24;4;11341414;;LU;1;';';';';';;;;;;;;';SSV_IMPORT;'26/03/2020 14:45:10;;Y;;;;'26/03/2020 14:34:24
;;;Zoning;6807712;'20200127134349;W03-C-Antwerpen-West-FH08;6807712;'20200127134349;W03-C-Antwerpen-West-FH08;19085;FTTH-Cu;;';';;;;;;;31648052;'20200326153557;4518821;'1630000;'26208;Sint-Rochusstraat;'34;';2000;Antwerpen;;'152207;'211358;';Y;NA;4;4;Unknown;Unknown;;None;;;';SSV_IMPORT;'26/03/2020 14:45:05;;Y;;;;'26/03/2020 14:34:24;5;11341415;;LU;1;';';';';';;;;;;;;';SSV_IMPORT;'26/03/2020 14:45:12;;Y;;;;'26/03/2020 14:34:24
;;;Zoning;6807712;'20200127134349;W03-C-Antwerpen-West-FH08;6807712;'20200127134349;W03-C-Antwerpen-West-FH08;19085;FTTH-Cu;;';';;;;;;;31648052;'20200326153557;4518821;'1630000;'26208;Sint-Rochusstraat;'34;';2000;Antwerpen;;'152207;'211358;';Y;NA;4;4;Unknown;Unknown;;None;;;';SSV_IMPORT;'26/03/2020 14:45:05;;Y;;;;'26/03/2020 14:34:24;6;11341416;;LU;1;';';';';';;;;;;;;';SSV_IMPORT;'26/03/2020 14:45:13;;Y;;;;'26/03/2020 14:34:24
;;;Zoning;6807712;'20200127134349;W03-C-Antwerpen-West-FH08;6807712;'20200127134349;W03-C-Antwerpen-West-FH08;19085;FTTH-Cu;;';';;;;;;;31648052;'20200326153557;4518821;'1630000;'26208;Sint-Rochusstraat;'34;';2000;Antwerpen;;'152207;'211358;';Y;NA;4;4;Unknown;Unknown;;None;;;';SSV_IMPORT;'26/03/2020 14:45:05;;Y;;;;'26/03/2020 14:34:24;7;11341417;;LU;1;';';';';';;;;;;;;';SSV_IMPORT;'26/03/2020 14:45:14;;Y;;;;'26/03/2020 14:34:24
;;;Zoning;6807712;'20200127134349;W03-C-Antwerpen-West-FH08;6807712;'20200127134349;W03-C-Antwerpen-West-FH08;19085;FTTH-Cu;;';';;;;;;;31648052;'20200326153557;4518821;'1630000;'26208;Sint-Rochusstraat;'34;';2000;Antwerpen;;'152207;'211358;';Y;NA;4;4;Unknown;Unknown;;None;;;';SSV_IMPORT;'26/03/2020 14:45:05;;Y;;;;'26/03/2020 14:34:24;8;11341418;;LU;1;';';';';';;;;;;;;';SSV_IMPORT;'26/03/2020 14:45:15;;Y;;;;'26/03/2020 14:34:24
;;;Zoning;6807712;'20200127134349;W03-C-Antwerpen-West-FH08;6807712;'20200127134349;W03-C-Antwerpen-West-FH08;19085;FTTH-Cu;;';';;;;;;;31648052;'20200326153557;4518821;'1630000;'26208;Sint-Rochusstraat;'34;';2000;Antwerpen;;'152207;'211358;';Y;NA;4;4;Unknown;Unknown;;None;;;';SSV_IMPORT;'26/03/2020 14:45:05;;Y;;;;'26/03/2020 14:34:24;9;11341419;;LU;1;';';';';';;;;;;;;';SSV_IMPORT;'26/03/2020 14:45:16;;Y;;;;'26/03/2020 14:34:24
;;;Zoning;6807712;'20200127134349;W03-C-Antwerpen-West-FH08;6807712;'20200127134349;W03-C-Antwerpen-West-FH08;19085;FTTH-Cu;;';';;;;;;;31648052;'20200326153557;4518821;'1630000;'26208;Sint-Rochusstraat;'34;';2000;Antwerpen;;'152207;'211358;';Y;NA;4;4;Unknown;Unknown;;None;;;';SSV_IMPORT;'26/03/2020 14:45:05;;Y;;;;'26/03/2020 14:34:24;10;11341420;;LU;1;';';';';';;;;;;;;';SSV_IMPORT;'26/03/2020 14:45:18;;Y;;;;'26/03/2020 14:34:24
;;;Zoning;6807712;'20200127134349;W03-C-Antwerpen-West-FH08;6807712;'20200127134349;W03-C-Antwerpen-West-FH08;19085;FTTH-Cu;;';';;;;;;;31648052;'20200326153557;4518821;'1630000;'26208;Sint-Rochusstraat;'34;';2000;Antwerpen;;'152207;'211358;';Y;NA;4;4;Unknown;Unknown;;None;;;';SSV_IMPORT;'26/03/2020 14:45:05;;Y;;;;'26/03/2020 14:34:24;11;11341421;;LU;1;';';';';';;;;;;;;';SSV_IMPORT;'26/03/2020 14:45:20;;Y;;;;'26/03/2020 14:34:24
;;;Zoning;6807712;'20200127134349;W03-C-Antwerpen-West-FH08;6807712;'20200127134349;W03-C-Antwerpen-West-FH08;19085;FTTH-Cu;;';';;;;;;;31648052;'20200326153557;4518821;'1630000;'26208;Sint-Rochusstraat;'34;';2000;Antwerpen;;'152207;'211358;';Y;NA;4;4;Unknown;Unknown;;None;;;';SSV_IMPORT;'26/03/2020 14:45:05;;Y;;;;'26/03/2020 14:34:24;12;11341422;;LU;1;';';';';';;;;;;;;';SSV_IMPORT;'26/03/2020 14:45:21;;Y;;;;'26/03/2020 14:34:24
;;;Zoning;6807712;'20200127134349;W03-C-Antwerpen-West-FH08;6807712;'20200127134349;W03-C-Antwerpen-West-FH08;19085;FTTH-Cu;;';';;;;;;;31648052;'20200326153557;4518821;'1630000;'26208;Sint-Rochusstraat;'34;';2000;Antwerpen;;'152207;'211358;';Y;NA;4;4;Unknown;Unknown;;None;;;';SSV_IMPORT;'26/03/2020 14:45:05;;Y;;;;'26/03/2020 14:34:24;13;11341423;;LU;1;';';';';';;;;;;;;';SSV_IMPORT;'26/03/2020 14:45:22;;Y;;;;'26/03/2020 14:34:24
;;;Zoning;6807712;'20200127134349;W03-C-Antwerpen-West-FH08;6807712;'20200127134349;W03-C-Antwerpen-West-FH08;19085;FTTH-Cu;;';';;;;;;;31648052;'20200326153557;4518821;'1630000;'26208;Sint-Rochusstraat;'34;';2000;Antwerpen;;'152207;'211358;';Y;NA;4;4;Unknown;Unknown;;None;;;';SSV_IMPORT;'26/03/2020 14:45:05;;Y;;;;'26/03/2020 14:34:24;14;11341424;;LU;1;';';';';';;;;;;;;';SSV_IMPORT;'26/03/2020 14:45:23;;Y;;;;'26/03/2020 14:34:24
;;;Zoning;6807712;'20200127134349;W03-C-Antwerpen-West-FH08;6807712;'20200127134349;W03-C-Antwerpen-West-FH08;19085;FTTH-Cu;;';';;;;;;;31648052;'20200326153557;4518821;'1630000;'26208;Sint-Rochusstraat;'34;';2000;Antwerpen;;'152207;'211358;';Y;NA;4;4;Unknown;Unknown;;None;;;';SSV_IMPORT;'26/03/2020 14:45:05;;Y;;;;'26/03/2020 14:34:24;15;11341425;;LU;1;';';';';';;;;;;;;';SSV_IMPORT;'26/03/2020 14:45:24;;Y;;;;'26/03/2020 14:34:24
;;;Zoning;6807712;'20200127134349;W03-C-Antwerpen-West-FH08;6807712;'20200127134349;W03-C-Antwerpen-West-FH08;19085;FTTH-Cu;;';';;;;;;;31648052;'20200326153557;4518821;'1630000;'26208;Sint-Rochusstraat;'34;';2000;Antwerpen;;'152207;'211358;';Y;NA;4;4;Unknown;Unknown;;None;;;';SSV_IMPORT;'26/03/2020 14:45:05;;Y;;;;'26/03/2020 14:34:24;16;11341426;;LU;1;';';';';';;;;;;;;';SSV_IMPORT;'26/03/2020 14:45:25;;Y;;;;'26/03/2020 14:34:24
;;;Zoning;6807712;'20200127134349;W03-C-Antwerpen-West-FH08;6807712;'20200127134349;W03-C-Antwerpen-West-FH08;19085;FTTH-Cu;;';';;;;;;;31648052;'20200326153557;4518821;'1630000;'26208;Sint-Rochusstraat;'34;';2000;Antwerpen;;'152207;'211358;';Y;NA;4;4;Unknown;Unknown;;None;;;';SSV_IMPORT;'26/03/2020 14:45:05;;Y;;;;'26/03/2020 14:34:24;17;11341427;;LU;1;';';';';';;;;;;;;';SSV_IMPORT;'26/03/2020 14:45:26;;Y;;;;'26/03/2020 14:34:24
;;;Zoning;6807712;'20200127134349;W03-C-Antwerpen-West-FH08;6807712;'20200127134349;W03-C-Antwerpen-West-FH08;19085;FTTH-Cu;;';';;;;;;;31648052;'20200326153557;4518821;'1630000;'26208;Sint-Rochusstraat;'34;';2000;Antwerpen;;'152207;'211358;';Y;NA;4;4;Unknown;Unknown;;None;;;';SSV_IMPORT;'26/03/2020 14:45:05;;Y;;;;'26/03/2020 14:34:24;18;11341428;;LU;1;';';';';';;;;;;;;';SSV_IMPORT;'26/03/2020 14:45:27;;Y;;;;'26/03/2020 14:34:24
;;;Zoning;6807712;'20200127134349;W03-C-Antwerpen-West-FH08;6807712;'20200127134349;W03-C-Antwerpen-West-FH08;19085;FTTH-Cu;;';';;;;;;;31648052;'20200326153557;4518821;'1630000;'26208;Sint-Rochusstraat;'34;';2000;Antwerpen;;'152207;'211358;';Y;NA;4;4;Unknown;Unknown;;None;;;';SSV_IMPORT;'26/03/2020 14:45:05;;Y;;;;'26/03/2020 14:34:24;19;11341429;;LU;1;';';';';';;;;;;;;';SSV_IMPORT;'26/03/2020 14:45:29;;Y;;;;'26/03/2020 14:34:24
;;;Zoning;6807712;'20200127134349;W03-C-Antwerpen-West-FH08;6807712;'20200127134349;W03-C-Antwerpen-West-FH08;19085;FTTH-Cu;;';';;;;;;;31648052;'20200326153557;4518821;'1630000;'26208;Sint-Rochusstraat;'34;';2000;Antwerpen;;'152207;'211358;';Y;NA;4;4;Unknown;Unknown;;None;;;';SSV_IMPORT;'26/03/2020 14:45:05;;Y;;;;'26/03/2020 14:34:24;20;11341430;;LU;1;';';';';';;;;;;;;';SSV_IMPORT;'26/03/2020 14:45:30;;Y;;;;'26/03/2020 14:34:24
;;;Zoning;6807712;'20200127134349;W03-C-Antwerpen-West-FH08;6807712;'20200127134349;W03-C-Antwerpen-West-FH08;19085;FTTH-Cu;;';';;;;;;;31648052;'20200326153557;4518821;'1630000;'26208;Sint-Rochusstraat;'34;';2000;Antwerpen;;'152207;'211358;';Y;NA;4;4;Unknown;Unknown;;None;;;';SSV_IMPORT;'26/03/2020 14:45:05;;Y;;;;'26/03/2020 14:34:24;21;11341431;;LU;1;';';';';';;;;;;;;';SSV_IMPORT;'26/03/2020 14:45:31;;Y;;;;'26/03/2020 14:34:24
;;;Zoning;6807712;'20200127134349;W03-C-Antwerpen-West-FH08;6807712;'20200127134349;W03-C-Antwerpen-West-FH08;19085;FTTH-Cu;;';';;;;;;;31648052;'20200326153557;4518821;'1630000;'26208;Sint-Rochusstraat;'34;';2000;Antwerpen;;'152207;'211358;';Y;NA;4;4;Unknown;Unknown;;None;;;';SSV_IMPORT;'26/03/2020 14:45:05;;Y;;;;'26/03/2020 14:34:24;22;11341432;;LU;1;';';';';';;;;;;;;';SSV_IMPORT;'26/03/2020 14:45:32;;Y;;;;'26/03/2020 14:34:24
;;;Zoning;6807712;'20200127134349;W03-C-Antwerpen-West-FH08;6807712;'20200127134349;W03-C-Antwerpen-West-FH08;19085;FTTH-Cu;;';';;;;;;;31648052;'20200326153557;4518821;'1630000;'26208;Sint-Rochusstraat;'34;';2000;Antwerpen;;'152207;'211358;';Y;NA;4;4;Unknown;Unknown;;None;;;';SSV_IMPORT;'26/03/2020 14:45:05;;Y;;;;'26/03/2020 14:34:24;23;11341433;;LU;1;';';';';';;;;;;;;';SSV_IMPORT;'26/03/2020 14:45:33;;Y;;;;'26/03/2020 14:34:24
;;;Zoning;6807712;'20200127134349;W03-C-Antwerpen-West-FH08;6807712;'20200127134349;W03-C-Antwerpen-West-FH08;19085;FTTH-Cu;;';';;;;;;;31648052;'20200326153557;4518821;'1630000;'26208;Sint-Rochusstraat;'34;';2000;Antwerpen;;'152207;'211358;';Y;NA;4;4;Unknown;Unknown;;None;;;';SSV_IMPORT;'26/03/2020 14:45:05;;Y;;;;'26/03/2020 14:34:24;24;11341434;;LU;1;';';';';';;;;;;;;';SSV_IMPORT;'26/03/2020 14:45:34;;Y;;;;'26/03/2020 14:34:24
;;;Zoning;6807712;'20200127134349;W03-C-Antwerpen-West-FH08;6807712;'20200127134349;W03-C-Antwerpen-West-FH08;19085;FTTH-Cu;;';';;;;;;;31648052;'20200326153557;4518821;'1630000;'26208;Sint-Rochusstraat;'34;';2000;Antwerpen;;'152207;'211358;';Y;NA;4;4;Unknown;Unknown;;None;;;';SSV_IMPORT;'26/03/2020 14:45:05;;Y;;;;'26/03/2020 14:34:24;25;11341435;;LU;1;';';';';';;;;;;;;';SSV_IMPORT;'26/03/2020 14:45:35;;Y;;;;'26/03/2020 14:34:24
;;;Zoning;6807712;'20200127134349;W03-C-Antwerpen-West-FH08;6807712;'20200127134349;W03-C-Antwerpen-West-FH08;19085;FTTH-Cu;;';';;;;;;;31648059;'20200326153557;4518822;'1630000;'26208;Sint-Rochusstraat;'36;';2000;Antwerpen;;'152222;'211356;';Y;NA;2;4;Unknown;Unknown;;None;;;';SSV_IMPORT;'26/03/2020 14:45:41;;Y;;;;'26/03/2020 14:34:24;1;11341436;;LU;1;';';';';';;;;;;;;';SSV_IMPORT;'26/03/2020 14:45:42;;Y;;;;'26/03/2020 14:34:24
;;;Zoning;6807712;'20200127134349;W03-C-Antwerpen-West-FH08;6807712;'20200127134349;W03-C-Antwerpen-West-FH08;19085;FTTH-Cu;;';';;;;;;;31648060;'20200326153557;4518823;'1630000;'26208;Sint-Rochusstraat;'38;';2000;Antwerpen;;'152227;'211356;';Y;NA;4;4;Unknown;Unknown;;None;;;';SSV_IMPORT;'26/03/2020 14:45:47;;Y;;;;'26/03/2020 14:34:24;1;11341437;;LU;1;';';';';';;;;;;;;';SSV_IMPORT;'26/03/2020 14:45:49;;Y;;;;'26/03/2020 14:34:24
;;;Zoning;6807712;'20200127134349;W03-C-Antwerpen-West-FH08;6807712;'20200127134349;W03-C-Antwerpen-West-FH08;19085;FTTH-Cu;;';';;;;;;;31648060;'20200326153557;4518823;'1630000;'26208;Sint-Rochusstraat;'38;';2000;Antwerpen;;'152227;'211356;';Y;NA;4;4;Unknown;Unknown;;None;;;';SSV_IMPORT;'26/03/2020 14:45:47;;Y;;;;'26/03/2020 14:34:24;2;11341438;;LU;1;';';';';';;;;;;;;';SSV_IMPORT;'26/03/2020 14:45:50;;Y;;;;'26/03/2020 14:34:24
;;;Zoning;6807712;'20200127134349;W03-C-Antwerpen-West-FH08;6807712;'20200127134349;W03-C-Antwerpen-West-FH08;19085;FTTH-Cu;;';';;;;;;;31648060;'20200326153557;4518823;'1630000;'26208;Sint-Rochusstraat;'38;';2000;Antwerpen;;'152227;'211356;';Y;NA;4;4;Unknown;Unknown;;None;;;';SSV_IMPORT;'26/03/2020 14:45:47;;Y;;;;'26/03/2020 14:34:24;3;11341439;;LU;1;';';';';';;;;;;;;';SSV_IMPORT;'26/03/2020 14:45:51;;Y;;;;'26/03/2020 14:34:24
;;;Zoning;6807712;'20200127134349;W03-C-Antwerpen-West-FH08;6807712;'20200127134349;W03-C-Antwerpen-West-FH08;19085;FTTH-Cu;;';';;;;;;;31648060;'20200326153557;4518823;'1630000;'26208;Sint-Rochusstraat;'38;';2000;Antwerpen;;'152227;'211356;';Y;NA;4;4;Unknown;Unknown;;None;;;';SSV_IMPORT;'26/03/2020 14:45:47;;Y;;;;'26/03/2020 14:34:24;4;11341440;;LU;1;';';';';';;;;;;;;';SSV_IMPORT;'26/03/2020 14:45:52;;Y;;;;'26/03/2020 14:34:24
;;;Zoning;6807712;'20200127134349;W03-C-Antwerpen-West-FH08;6807712;'20200127134349;W03-C-Antwerpen-West-FH08;19085;FTTH-Cu;;';';;;;;;;31648060;'20200326153557;4518823;'1630000;'26208;Sint-Rochusstraat;'38;';2000;Antwerpen;;'152227;'211356;';Y;NA;4;4;Unknown;Unknown;;None;;;';SSV_IMPORT;'26/03/2020 14:45:47;;Y;;;;'26/03/2020 14:34:24;5;11341441;;LU;1;';';';';';;;;;;;;';SSV_IMPORT;'26/03/2020 14:45:53;;Y;;;;'26/03/2020 14:34:24
;;;Zoning;6807712;'20200127134349;W03-C-Antwerpen-West-FH08;6807712;'20200127134349;W03-C-Antwerpen-West-FH08;19085;FTTH-Cu;;';';;;;;;;31648060;'20200326153557;4518823;'1630000;'26208;Sint-Rochusstraat;'38;';2000;Antwerpen;;'152227;'211356;';Y;NA;4;4;Unknown;Unknown;;None;;;';SSV_IMPORT;'26/03/2020 14:45:47;;Y;;;;'26/03/2020 14:34:24;6;11341442;;LU;1;';';';';';;;;;;;;';SSV_IMPORT;'26/03/2020 14:45:55;;Y;;;;'26/03/2020 14:34:24
;;;Zoning;6807712;'20200127134349;W03-C-Antwerpen-West-FH08;6807712;'20200127134349;W03-C-Antwerpen-West-FH08;19085;FTTH-Cu;;';';;;;;;;31648060;'20200326153557;4518823;'1630000;'26208;Sint-Rochusstraat;'38;';2000;Antwerpen;;'152227;'211356;';Y;NA;4;4;Unknown;Unknown;;None;;;';SSV_IMPORT;'26/03/2020 14:45:47;;Y;;;;'26/03/2020 14:34:24;7;11341443;;LU;1;';';';';';;;;;;;;';SSV_IMPORT;'26/03/2020 14:45:56;;Y;;;;'26/03/2020 14:34:24
;;;Zoning;6807712;'20200127134349;W03-C-Antwerpen-West-FH08;6807712;'20200127134349;W03-C-Antwerpen-West-FH08;19085;FTTH-Cu;;';';;;;;;;31648060;'20200326153557;4518823;'1630000;'26208;Sint-Rochusstraat;'38;';2000;Antwerpen;;'152227;'211356;';Y;NA;4;4;Unknown;Unknown;;None;;;';SSV_IMPORT;'26/03/2020 14:45:47;;Y;;;;'26/03/2020 14:34:24;8;11341444;;LU;1;';';';';';;;;;;;;';SSV_IMPORT;'26/03/2020 14:45:57;;Y;;;;'26/03/2020 14:34:24
;;;Zoning;6807712;'20200127134349;W03-C-Antwerpen-West-FH08;6807712;'20200127134349;W03-C-Antwerpen-West-FH08;19085;FTTH-Cu;;';';;;;;;;31648060;'20200326153557;4518823;'1630000;'26208;Sint-Rochusstraat;'38;';2000;Antwerpen;;'152227;'211356;';Y;NA;4;4;Unknown;Unknown;;None;;;';SSV_IMPORT;'26/03/2020 14:45:47;;Y;;;;'26/03/2020 14:34:24;9;11341445;;LU;1;';';';';';;;;;;;;';SSV_IMPORT;'26/03/2020 14:45:58;;Y;;;;'26/03/2020 14:34:24
;;;Zoning;6807712;'20200127134349;W03-C-Antwerpen-West-FH08;6807712;'20200127134349;W03-C-Antwerpen-West-FH08;19085;FTTH-Cu;;';';;;;;;;31648060;'20200326153557;4518823;'1630000;'26208;Sint-Rochusstraat;'38;';2000;Antwerpen;;'152227;'211356;';Y;NA;4;4;Unknown;Unknown;;None;;;';SSV_IMPORT;'26/03/2020 14:45:47;;Y;;;;'26/03/2020 14:34:24;10;11341446;;LU;1;';';';';';;;;;;;;';SSV_IMPORT;'26/03/2020 14:45:59;;Y;;;;'26/03/2020 14:34:24
;;;Zoning;6807712;'20200127134349;W03-C-Antwerpen-West-FH08;6807712;'20200127134349;W03-C-Antwerpen-West-FH08;19085;FTTH-Cu;;';';;;;;;;31648060;'20200326153557;4518823;'1630000;'26208;Sint-Rochusstraat;'38;';2000;Antwerpen;;'152227;'211356;';Y;NA;4;4;Unknown;Unknown;;None;;;';SSV_IMPORT;'26/03/2020 14:45:47;;Y;;;;'26/03/2020 14:34:24;11;11341447;;LU;1;';';';';';;;;;;;;';SSV_IMPORT;'26/03/2020 14:46:01;;Y;;;;'26/03/2020 14:34:24
;;;Zoning;6807712;'20200127134349;W03-C-Antwerpen-West-FH08;6807712;'20200127134349;W03-C-Antwerpen-West-FH08;19085;FTTH-Cu;;';';;;;;;;31648060;'20200326153557;4518823;'1630000;'26208;Sint-Rochusstraat;'38;';2000;Antwerpen;;'152227;'211356;';Y;NA;4;4;Unknown;Unknown;;None;;;';SSV_IMPORT;'26/03/2020 14:45:47;;Y;;;;'26/03/2020 14:34:24;12;11341448;;LU;1;';';';';';;;;;;;;';SSV_IMPORT;'26/03/2020 14:46:02;;Y;;;;'26/03/2020 14:34:24
;;;Zoning;6807712;'20200127134349;W03-C-Antwerpen-West-FH08;6807712;'20200127134349;W03-C-Antwerpen-West-FH08;19085;FTTH-Cu;;';';;;;;;;31648060;'20200326153557;4518823;'1630000;'26208;Sint-Rochusstraat;'38;';2000;Antwerpen;;'152227;'211356;';Y;NA;4;4;Unknown;Unknown;;None;;;';SSV_IMPORT;'26/03/2020 14:45:47;;Y;;;;'26/03/2020 14:34:24;13;11341449;;LU;1;';';';';';;;;;;;;';SSV_IMPORT;'26/03/2020 14:46:03;;Y;;;;'26/03/2020 14:34:24
;;;Zoning;6807712;'20200127134349;W03-C-Antwerpen-West-FH08;6807712;'20200127134349;W03-C-Antwerpen-West-FH08;19085;FTTH-Cu;;';';;;;;;;31648060;'20200326153557;4518823;'1630000;'26208;Sint-Rochusstraat;'38;';2000;Antwerpen;;'152227;'211356;';Y;NA;4;4;Unknown;Unknown;;None;;;';SSV_IMPORT;'26/03/2020 14:45:47;;Y;;;;'26/03/2020 14:34:24;14;11341450;;LU;1;';';';';';;;;;;;;';SSV_IMPORT;'26/03/2020 14:46:05;;Y;;;;'26/03/2020 14:34:24
;;;Zoning;6807712;'20200127134349;W03-C-Antwerpen-West-FH08;6807712;'20200127134349;W03-C-Antwerpen-West-FH08;19085;FTTH-Cu;;';';;;;;;;31648060;'20200326153557;4518823;'1630000;'26208;Sint-Rochusstraat;'38;';2000;Antwerpen;;'152227;'211356;';Y;NA;4;4;Unknown;Unknown;;None;;;';SSV_IMPORT;'26/03/2020 14:45:47;;Y;;;;'26/03/2020 14:34:24;15;11341451;;LU;1;';';';';';;;;;;;;';SSV_IMPORT;'26/03/2020 14:46:06;;Y;;;;'26/03/2020 14:34:24
;;;Zoning;6807712;'20200127134349;W03-C-Antwerpen-West-FH08;6807712;'20200127134349;W03-C-Antwerpen-West-FH08;19085;FTTH-Cu;;';';;;;;;;31648060;'20200326153557;4518823;'1630000;'26208;Sint-Rochusstraat;'38;';2000;Antwerpen;;'152227;'211356;';Y;NA;4;4;Unknown;Unknown;;None;;;';SSV_IMPORT;'26/03/2020 14:45:47;;Y;;;;'26/03/2020 14:34:24;16;11341452;;LU;1;';';';';';;;;;;;;';SSV_IMPORT;'26/03/2020 14:46:07;;Y;;;;'26/03/2020 14:34:24
;;;Zoning;6807712;'20200127134349;W03-C-Antwerpen-West-FH08;6807712;'20200127134349;W03-C-Antwerpen-West-FH08;19085;FTTH-Cu;;';';;;;;;;31648060;'20200326153557;4518823;'1630000;'26208;Sint-Rochusstraat;'38;';2000;Antwerpen;;'152227;'211356;';Y;NA;4;4;Unknown;Unknown;;None;;;';SSV_IMPORT;'26/03/2020 14:45:47;;Y;;;;'26/03/2020 14:34:24;17;11341453;;LU;1;';';';';';;;;;;;;';SSV_IMPORT;'26/03/2020 14:46:08;;Y;;;;'26/03/2020 14:34:24
;;;Zoning;6807712;'20200127134349;W03-C-Antwerpen-West-FH08;6807712;'20200127134349;W03-C-Antwerpen-West-FH08;19085;FTTH-Cu;;';';;;;;;;31648060;'20200326153557;4518823;'1630000;'26208;Sint-Rochusstraat;'38;';2000;Antwerpen;;'152227;'211356;';Y;NA;4;4;Unknown;Unknown;;None;;;';SSV_IMPORT;'26/03/2020 14:45:47;;Y;;;;'26/03/2020 14:34:24;18;11341454;;LU;1;';';';';';;;;;;;;';SSV_IMPORT;'26/03/2020 14:46:09;;Y;;;;'26/03/2020 14:34:24
;;;Zoning;6807712;'20200127134349;W03-C-Antwerpen-West-FH08;6807712;'20200127134349;W03-C-Antwerpen-West-FH08;19085;FTTH-Cu;;';';;;;;;;31648060;'20200326153557;4518823;'1630000;'26208;Sint-Rochusstraat;'38;';2000;Antwerpen;;'152227;'211356;';Y;NA;4;4;Unknown;Unknown;;None;;;';SSV_IMPORT;'26/03/2020 14:45:47;;Y;;;;'26/03/2020 14:34:24;19;11341455;;LU;1;';';';';';;;;;;;;';SSV_IMPORT;'26/03/2020 14:46:11;;Y;;;;'26/03/2020 14:34:24
;;;Zoning;6807712;'20200127134349;W03-C-Antwerpen-West-FH08;6807712;'20200127134349;W03-C-Antwerpen-West-FH08;19085;FTTH-Cu;;';';;;;;;;31648060;'20200326153557;4518823;'1630000;'26208;Sint-Rochusstraat;'38;';2000;Antwerpen;;'152227;'211356;';Y;NA;4;4;Unknown;Unknown;;None;;;';SSV_IMPORT;'26/03/2020 14:45:47;;Y;;;;'26/03/2020 14:34:24;20;11341456;;LU;1;';';';';';;;;;;;;';SSV_IMPORT;'26/03/2020 14:46:12;;Y;;;;'26/03/2020 14:34:24
;;;Zoning;6807712;'20200127134349;W03-C-Antwerpen-West-FH08;6807712;'20200127134349;W03-C-Antwerpen-West-FH08;19085;FTTH-Cu;;';';;;;;;;31648060;'20200326153557;4518823;'1630000;'26208;Sint-Rochusstraat;'38;';2000;Antwerpen;;'152227;'211356;';Y;NA;4;4;Unknown;Unknown;;None;;;';SSV_IMPORT;'26/03/2020 14:45:47;;Y;;;;'26/03/2020 14:34:24;21;11341457;;LU;1;';';';';';;;;;;;;';SSV_IMPORT;'26/03/2020 14:46:13;;Y;;;;'26/03/2020 14:34:24
;;;Zoning;6807712;'20200127134349;W03-C-Antwerpen-West-FH08;6807712;'20200127134349;W03-C-Antwerpen-West-FH08;19085;FTTH-Cu;;';';;;;;;;31648060;'20200326153557;4518823;'1630000;'26208;Sint-Rochusstraat;'38;';2000;Antwerpen;;'152227;'211356;';Y;NA;4;4;Unknown;Unknown;;None;;;';SSV_IMPORT;'26/03/2020 14:45:47;;Y;;;;'26/03/2020 14:34:24;22;11341458;;LU;1;';';';';';;;;;;;;';SSV_IMPORT;'26/03/2020 14:46:14;;Y;;;;'26/03/2020 14:34:24
;;;Zoning;6807712;'20200127134349;W03-C-Antwerpen-West-FH08;6807712;'20200127134349;W03-C-Antwerpen-West-FH08;19085;FTTH-Cu;;';';;;;;;;31648060;'20200326153557;4518823;'1630000;'26208;Sint-Rochusstraat;'38;';2000;Antwerpen;;'152227;'211356;';Y;NA;4;4;Unknown;Unknown;;None;;;';SSV_IMPORT;'26/03/2020 14:45:47;;Y;;;;'26/03/2020 14:34:24;23;11341459;;LU;1;';';';';';;;;;;;;';SSV_IMPORT;'26/03/2020 14:46:15;;Y;;;;'26/03/2020 14:34:24
;;;Zoning;6807712;'20200127134349;W03-C-Antwerpen-West-FH08;6807712;'20200127134349;W03-C-Antwerpen-West-FH08;19085;FTTH-Cu;;';';;;;;;;31648060;'20200326153557;4518823;'1630000;'26208;Sint-Rochusstraat;'38;';2000;Antwerpen;;'152227;'211356;';Y;NA;4;4;Unknown;Unknown;;None;;;';SSV_IMPORT;'26/03/2020 14:45:47;;Y;;;;'26/03/2020 14:34:24;24;11341460;;LU;1;';';';';';;;;;;;;';SSV_IMPORT;'26/03/2020 14:46:16;;Y;;;;'26/03/2020 14:34:24
;;;Zoning;6807712;'20200127134349;W03-C-Antwerpen-West-FH08;6807712;'20200127134349;W03-C-Antwerpen-West-FH08;19085;FTTH-Cu;;';';;;;;;;31648060;'20200326153557;4518823;'1630000;'26208;Sint-Rochusstraat;'38;';2000;Antwerpen;;'152227;'211356;';Y;NA;4;4;Unknown;Unknown;;None;;;';SSV_IMPORT;'26/03/2020 14:45:47;;Y;;;;'26/03/2020 14:34:24;25;11341461;;LU;1;';';';';';;;;;;;;';SSV_IMPORT;'26/03/2020 14:46:18;;Y;;;;'26/03/2020 14:34:24
;;;Zoning;6807712;'20200127134349;W03-C-Antwerpen-West-FH08;6807712;'20200127134349;W03-C-Antwerpen-West-FH08;19085;FTTH-Cu;;';';;;;;;;31648072;'20200326153557;4518824;'1630000;'26208;Sint-Rochusstraat;'40;';2000;Antwerpen;;'152238;'211358;';Y;NA;2;4;Unknown;Unknown;;None;;;';SSV_IMPORT;'26/03/2020 14:46:23;;Y;;;;'26/03/2020 14:34:24;1;11341462;;LU;1;';';';';';;;;;;;;';SSV_IMPORT;'26/03/2020 14:46:25;;Y;;;;'26/03/2020 14:34:24
;;;Zoning;6807712;'20200127134349;W03-C-Antwerpen-West-FH08;6807712;'20200127134349;W03-C-Antwerpen-West-FH08;19085;FTTH-Cu;;';';;;;;;;671813;'20200326153552;2048086;'1630000;'26208;Sint-Rochusstraat;'49;';2000;Antwerpen;;'152218,471;'211379,555;';Y;NA;2;4;Unknown;Unknown;;None;;;';IFH_BATCH;'26/03/2020 14:57:20;;Y;;;;'26/03/2020 14:34:24;1;1797441;;LU;1;';';';';';Y;#DEEL 2237A;HOUSE;WONING - MAISON;NA;;;';;';;Y;;;;'26/03/2020 14:34:24
;;;Zoning;6807712;'20200127134349;W03-C-Antwerpen-West-FH08;6807712;'20200127134349;W03-C-Antwerpen-West-FH08;19085;FTTH-Cu;;';';;;;;;;710527;'20200326153602;48994;'1630000;'28193;Sleutelstraat;'1;';2000;Antwerpen;;'152146,844;'211820,196;';Y;NA;4;4;Unknown;Unknown;;None;;;';IFH_BATCH;'26/03/2020 15:00:37;;Y;;;;'26/03/2020 14:34:24;1;10368710;;BU;1;';';';';';Y;#HA.GV/;APPART;DEEL_APP_GEBOUW - PARTIE_IMMEUBLE_APP;COMM;;;';;';;Y;;;;'26/03/2020 14:34:24
;;;Zoning;6807712;'20200127134349;W03-C-Antwerpen-West-FH08;6807712;'20200127134349;W03-C-Antwerpen-West-FH08;19085;FTTH-Cu;;';';;;;;;;710527;'20200326153602;48994;'1630000;'28193;Sleutelstraat;'1;';2000;Antwerpen;;'152146,844;'211820,196;';Y;NA;4;4;Unknown;Unknown;;None;;;';IFH_BATCH;'26/03/2020 15:00:37;;Y;;;;'26/03/2020 14:34:24;2;10370059;;LU;1;';';';';';Y;#A1/APP1/;APPART;DEEL_APP_GEBOUW - PARTIE_IMMEUBLE_APP;APPART;;;';;';;Y;;;;'26/03/2020 14:34:24
;;;Zoning;6807712;'20200127134349;W03-C-Antwerpen-West-FH08;6807712;'20200127134349;W03-C-Antwerpen-West-FH08;19085;FTTH-Cu;;';';;;;;;;710527;'20200326153602;48994;'1630000;'28193;Sleutelstraat;'1;';2000;Antwerpen;;'152146,844;'211820,196;';Y;NA;4;4;Unknown;Unknown;;None;;;';IFH_BATCH;'26/03/2020 15:00:37;;Y;;;;'26/03/2020 14:34:24;3;10370266;;LU;1;';';';';';Y;#A2/APP2/;APPART;DEEL_APP_GEBOUW - PARTIE_IMMEUBLE_APP;APPART;;;';;';;Y;;;;'26/03/2020 14:34:24
;;;Zoning;6807712;'20200127134349;W03-C-Antwerpen-West-FH08;6807712;'20200127134349;W03-C-Antwerpen-West-FH08;19085;FTTH-Cu;;';';;;;;;;710527;'20200326153602;48994;'1630000;'28193;Sleutelstraat;'1;';2000;Antwerpen;;'152146,844;'211820,196;';Y;NA;4;4;Unknown;Unknown;;None;;;';IFH_BATCH;'26/03/2020 15:00:37;;Y;;;;'26/03/2020 14:34:24;4;10372767;;LU;1;';';';';';Y;#A3.4/APP3/;APPART;DEEL_APP_GEBOUW - PARTIE_IMMEUBLE_APP;APPART;;;';;';;Y;;;;'26/03/2020 14:34:24
;;;Zoning;6807712;'20200127134349;W03-C-Antwerpen-West-FH08;6807712;'20200127134349;W03-C-Antwerpen-West-FH08;19085;FTTH-Cu;;';';;;;;;;31648074;'20200326153557;2052817;'1630000;'28193;Sleutelstraat;'1;'A;2000;Antwerpen;;'152147;'211818;';Y;NA;4;4;Unknown;Unknown;;None;;;';SSV_IMPORT;'26/03/2020 14:46:33;;Y;;;;'26/03/2020 14:34:24;1;11341463;;LU;1;';';';';';;;;;;;;';SSV_IMPORT;'26/03/2020 14:46:34;;Y;;;;'26/03/2020 14:34:24
;;;Zoning;6807712;'20200127134349;W03-C-Antwerpen-West-FH08;6807712;'20200127134349;W03-C-Antwerpen-West-FH08;19085;FTTH-Cu;;';';;;;;;;31648074;'20200326153557;2052817;'1630000;'28193;Sleutelstraat;'1;'A;2000;Antwerpen;;'152147;'211818;';Y;NA;4;4;Unknown;Unknown;;None;;;';SSV_IMPORT;'26/03/2020 14:46:33;;Y;;;;'26/03/2020 14:34:24;2;11341464;;LU;1;';';';';';;;;;;;;';SSV_IMPORT;'26/03/2020 14:46:35;;Y;;;;'26/03/2020 14:34:24
;;;Zoning;6807712;'20200127134349;W03-C-Antwerpen-West-FH08;6807712;'20200127134349;W03-C-Antwerpen-West-FH08;19085;FTTH-Cu;;';';;;;;;;31648074;'20200326153557;2052817;'1630000;'28193;Sleutelstraat;'1;'A;2000;Antwerpen;;'152147;'211818;';Y;NA;4;4;Unknown;Unknown;;None;;;';SSV_IMPORT;'26/03/2020 14:46:33;;Y;;;;'26/03/2020 14:34:24;3;11341465;;LU;1;';';';';';;;;;;;;';SSV_IMPORT;'26/03/2020 14:46:36;;Y;;;;'26/03/2020 14:34:24
;;;Zoning;6807712;'20200127134349;W03-C-Antwerpen-West-FH08;6807712;'20200127134349;W03-C-Antwerpen-West-FH08;19085;FTTH-Cu;;';';;;;;;;31648074;'20200326153557;2052817;'1630000;'28193;Sleutelstraat;'1;'A;2000;Antwerpen;;'152147;'211818;';Y;NA;4;4;Unknown;Unknown;;None;;;';SSV_IMPORT;'26/03/2020 14:46:33;;Y;;;;'26/03/2020 14:34:24;4;11341466;;LU;1;';';';';';;;;;;;;';SSV_IMPORT;'26/03/2020 14:46:37;;Y;;;;'26/03/2020 14:34:24
;;;Zoning;6807712;'20200127134349;W03-C-Antwerpen-West-FH08;6807712;'20200127134349;W03-C-Antwerpen-West-FH08;19085;FTTH-Cu;;';';;;;;;;710524;'20200326153602;48990;'1630000;'28193;Sleutelstraat;'2;';2000;Antwerpen;;'152140,31;'211809,748;';Y;NA;4;4;Unknown;Unknown;;None;;;';IFH_BATCH;'26/03/2020 15:00:27;;Y;;;;'26/03/2020 14:34:24;1;1693624;;BU;1;';';';';';Y;;COMM;HANDELSZAAK - COMMERCE;NA;;;';;';;Y;;;;'26/03/2020 14:34:24
;;;Zoning;6807712;'20200127134349;W03-C-Antwerpen-West-FH08;6807712;'20200127134349;W03-C-Antwerpen-West-FH08;19085;FTTH-Cu;;';';;;;;;;710524;'20200326153602;48990;'1630000;'28193;Sleutelstraat;'2;';2000;Antwerpen;;'152140,31;'211809,748;';Y;NA;4;4;Unknown;Unknown;;None;;;';IFH_BATCH;'26/03/2020 15:00:27;;Y;;;;'26/03/2020 14:34:24;2;1693625;;BU;1;';';';';';Y;;COMM;HANDELSZAAK - COMMERCE;NA;;;';;';;Y;;;;'26/03/2020 14:34:24
;;;Zoning;6807712;'20200127134349;W03-C-Antwerpen-West-FH08;6807712;'20200127134349;W03-C-Antwerpen-West-FH08;19085;FTTH-Cu;;';';;;;;;;710524;'20200326153602;48990;'1630000;'28193;Sleutelstraat;'2;';2000;Antwerpen;;'152140,31;'211809,748;';Y;NA;4;4;Unknown;Unknown;;None;;;';IFH_BATCH;'26/03/2020 15:00:27;;Y;;;;'26/03/2020 14:34:24;3;1693626;;BU;1;';';';';';Y;;COMM;HANDELSZAAK - COMMERCE;NA;;;';;';;Y;;;;'26/03/2020 14:34:24
;;;Zoning;6807712;'20200127134349;W03-C-Antwerpen-West-FH08;6807712;'20200127134349;W03-C-Antwerpen-West-FH08;19085;FTTH-Cu;;';';;;;;;;710524;'20200326153602;48990;'1630000;'28193;Sleutelstraat;'2;';2000;Antwerpen;;'152140,31;'211809,748;';Y;NA;4;4;Unknown;Unknown;;None;;;';IFH_BATCH;'26/03/2020 15:00:27;;Y;;;;'26/03/2020 14:34:24;4;1693627;;BU;1;';';';';';Y;;COMM;HANDELSZAAK - COMMERCE;NA;;;';;';;Y;;;;'26/03/2020 14:34:24
;;;Zoning;6807712;'20200127134349;W03-C-Antwerpen-West-FH08;6807712;'20200127134349;W03-C-Antwerpen-West-FH08;19085;FTTH-Cu;;';';;;;;;;675885;'20200326153546;2052818;'1630000;'28193;Sleutelstraat;'3;';2000;Antwerpen;;'152156,688;'211819,546;';Y;NA;4;4;Unknown;Unknown;;None;;;';IFH_BATCH;'26/03/2020 14:59:46;;Y;;;;'26/03/2020 14:34:24;1;1737847;;LU;1;';';';';';Y;#A.GV/K1;APPART;DEEL_APP_GEBOUW - PARTIE_IMMEUBLE_APP;APPART;;;';;';;Y;;;;'26/03/2020 14:34:24
;;;Zoning;6807712;'20200127134349;W03-C-Antwerpen-West-FH08;6807712;'20200127134349;W03-C-Antwerpen-West-FH08;19085;FTTH-Cu;;';';;;;;;;675885;'20200326153546;2052818;'1630000;'28193;Sleutelstraat;'3;';2000;Antwerpen;;'152156,688;'211819,546;';Y;NA;4;4;Unknown;Unknown;;None;;;';IFH_BATCH;'26/03/2020 14:59:46;;Y;;;;'26/03/2020 14:34:24;2;1738219;;LU;1;';';';';';Y;#A1/K2;APPART;DEEL_APP_GEBOUW - PARTIE_IMMEUBLE_APP;APPART;;;';;';;Y;;;;'26/03/2020 14:34:24
;;;Zoning;6807712;'20200127134349;W03-C-Antwerpen-West-FH08;6807712;'20200127134349;W03-C-Antwerpen-West-FH08;19085;FTTH-Cu;;';';;;;;;;675885;'20200326153546;2052818;'1630000;'28193;Sleutelstraat;'3;';2000;Antwerpen;;'152156,688;'211819,546;';Y;NA;4;4;Unknown;Unknown;;None;;;';IFH_BATCH;'26/03/2020 14:59:46;;Y;;;;'26/03/2020 14:34:24;3;1738746;;LU;1;';';';';';Y;#A2/K3/;APPART;DEEL_APP_GEBOUW - PARTIE_IMMEUBLE_APP;APPART;;;';;';;Y;;;;'26/03/2020 14:34:24
;;;Zoning;6807712;'20200127134349;W03-C-Antwerpen-West-FH08;6807712;'20200127134349;W03-C-Antwerpen-West-FH08;19085;FTTH-Cu;;';';;;;;;;675886;'20200326153546;2052819;'1630000;'28193;Sleutelstraat;'4;';2000;Antwerpen;;'152147,01;'211802,033;';Y;NA;2;4;Unknown;Unknown;;None;;;';IFH_BATCH;'26/03/2020 14:59:49;;Y;;;;'26/03/2020 14:34:24;1;1775806;;LU;1;';';';';';Y;;HOUSE;WONING - MAISON;NA;;;';;';;Y;;;;'26/03/2020 14:34:24
;;;Zoning;6807712;'20200127134349;W03-C-Antwerpen-West-FH08;6807712;'20200127134349;W03-C-Antwerpen-West-FH08;19085;FTTH-Cu;;';';;;;;;;675887;'20200326153546;2052820;'1630000;'28193;Sleutelstraat;'5;';2000;Antwerpen;;'152165,438;'211818,988;';Y;NA;2;4;Unknown;Unknown;;None;;;';IFH_BATCH;'26/03/2020 14:59:51;;Y;;;;'26/03/2020 14:34:24;1;1802926;;LU;1;';';';';';Y;;HOUSE;WONING - MAISON;NA;;;';;';;Y;;;;'26/03/2020 14:34:24
;;;Zoning;6807712;'20200127134349;W03-C-Antwerpen-West-FH08;6807712;'20200127134349;W03-C-Antwerpen-West-FH08;19085;FTTH-Cu;;';';;;;;;;675888;'20200326153546;2052821;'1630000;'28193;Sleutelstraat;'6;';2000;Antwerpen;;'152150,351;'211801,917;';Y;NA;4;4;Unknown;Unknown;;None;;;';IFH_BATCH;'26/03/2020 14:59:53;;Y;;;;'26/03/2020 14:34:24;1;1824179;;LU;1;';';';';';Y;;HOUSE;WONING - MAISON;NA;;;';;';;Y;;;;'26/03/2020 14:34:24
;;;Zoning;6807712;'20200127134349;W03-C-Antwerpen-West-FH08;6807712;'20200127134349;W03-C-Antwerpen-West-FH08;19085;FTTH-Cu;;';';;;;;;;675888;'20200326153546;2052821;'1630000;'28193;Sleutelstraat;'6;';2000;Antwerpen;;'152150,351;'211801,917;';Y;NA;4;4;Unknown;Unknown;;None;;;';IFH_BATCH;'26/03/2020 14:59:53;;Y;;;;'26/03/2020 14:34:24;2;1824180;;LU;1;';';';';';Y;;HOUSE;WONING - MAISON;NA;;;';;';;Y;;;;'26/03/2020 14:34:24
;;;Zoning;6807712;'20200127134349;W03-C-Antwerpen-West-FH08;6807712;'20200127134349;W03-C-Antwerpen-West-FH08;19085;FTTH-Cu;;';';;;;;;;31648075;'20200326153557;6417212;'1630000;'28193;Sleutelstraat;'6;'G;2000;Antwerpen;;'152152;'211799;';Y;NA;2;4;Unknown;Unknown;;None;;;';SSV_IMPORT;'26/03/2020 14:46:43;;Y;;;;'26/03/2020 14:34:24;1;11341467;;LU;1;';';';';';;;;;;;;';SSV_IMPORT;'26/03/2020 14:46:44;;Y;;;;'26/03/2020 14:34:24
;;;Zoning;6807712;'20200127134349;W03-C-Antwerpen-West-FH08;6807712;'20200127134349;W03-C-Antwerpen-West-FH08;19085;FTTH-Cu;;';';;;;;;;675889;'20200326153546;2052822;'1630000;'28193;Sleutelstraat;'8;';2000;Antwerpen;;'152156,691;'211801,652;';Y;NA;2;4;Unknown;Unknown;;None;;;';IFH_BATCH;'26/03/2020 14:59:56;;Y;;;;'26/03/2020 14:34:24;1;1855793;;LU;1;';';';';';Y;;HOUSE;WONING - MAISON;NA;;;';;';;Y;;;;'26/03/2020 14:34:24
;;;Zoning;6807712;'20200127134349;W03-C-Antwerpen-West-FH08;6807712;'20200127134349;W03-C-Antwerpen-West-FH08;19085;FTTH-Cu;;';';;;;;;;691261;'20200326153547;3928410;'1630000;'28193;Sleutelstraat;'10;';2000;Antwerpen;;'152160,26;'211801,687;';Y;NA;4;4;Unknown;Unknown;;None;;;';IFH_BATCH;'26/03/2020 15:00:13;;Y;;;;'26/03/2020 14:34:24;1;1620842;;LU;1;';';';';';Y;;HOUSE;WONING - MAISON;NA;;;';;';;Y;;;;'26/03/2020 14:34:24
;;;Zoning;6807712;'20200127134349;W03-C-Antwerpen-West-FH08;6807712;'20200127134349;W03-C-Antwerpen-West-FH08;19085;FTTH-Cu;;';';;;;;;;691261;'20200326153547;3928410;'1630000;'28193;Sleutelstraat;'10;';2000;Antwerpen;;'152160,26;'211801,687;';Y;NA;4;4;Unknown;Unknown;;None;;;';IFH_BATCH;'26/03/2020 15:00:13;;Y;;;;'26/03/2020 14:34:24;2;1620843;;LU;1;';';';';';Y;;HOUSE;WONING - MAISON;NA;;;';;';;Y;;;;'26/03/2020 14:34:24
;;;Zoning;6807712;'20200127134349;W03-C-Antwerpen-West-FH08;6807712;'20200127134349;W03-C-Antwerpen-West-FH08;19085;FTTH-Cu;;';';;;;;;;691261;'20200326153547;3928410;'1630000;'28193;Sleutelstraat;'10;';2000;Antwerpen;;'152160,26;'211801,687;';Y;NA;4;4;Unknown;Unknown;;None;;;';IFH_BATCH;'26/03/2020 15:00:13;;Y;;;;'26/03/2020 14:34:24;3;1620844;;LU;1;';';';';';Y;;HOUSE;WONING - MAISON;NA;;;';;';;Y;;;;'26/03/2020 14:34:24
;;;Zoning;6807712;'20200127134349;W03-C-Antwerpen-West-FH08;6807712;'20200127134349;W03-C-Antwerpen-West-FH08;19085;FTTH-Cu;;';';;;;;;;691261;'20200326153547;3928410;'1630000;'28193;Sleutelstraat;'10;';2000;Antwerpen;;'152160,26;'211801,687;';Y;NA;4;4;Unknown;Unknown;;None;;;';IFH_BATCH;'26/03/2020 15:00:13;;Y;;;;'26/03/2020 14:34:24;4;1620845;;LU;1;';';';';';Y;;HOUSE;WONING - MAISON;NA;;;';;';;Y;;;;'26/03/2020 14:34:24
;;;Zoning;6807712;'20200127134349;W03-C-Antwerpen-West-FH08;6807712;'20200127134349;W03-C-Antwerpen-West-FH08;19085;FTTH-Cu;;';';;;;;;;694687;'20200326153546;4172736;'1630000;'28193;Sleutelstraat;'12;';2000;Antwerpen;;'152166,504;'211801,679;';Y;NA;2;4;Unknown;Unknown;;None;;;';IFH_BATCH;'26/03/2020 15:00:15;;Y;;;;'26/03/2020 14:34:24;1;1640066;;LU;1;';';';';';Y;;HOUSE;WONING - MAISON;NA;;;';;';;Y;;;;'26/03/2020 14:34:24
;;;Zoning;6807712;'20200127134349;W03-C-Antwerpen-West-FH08;6807712;'20200127134349;W03-C-Antwerpen-West-FH08;19085;FTTH-Cu;;';';;;;;;;710526;'20200326153602;48992;'1630000;'28193;Sleutelstraat;'13;';2000;Antwerpen;;'152202,086;'211816,551;';Y;NA;4;4;Unknown;Unknown;;None;;;';IFH_BATCH;'26/03/2020 15:00:35;;Y;;;;'26/03/2020 14:34:24;1;1647937;;LU;1;';';';';';Y;;APTBLD;APPARTEMENTSGEBOUW - IMMEUBLE A APPARTEMENTS;NA;;;';;';;Y;;;;'26/03/2020 14:34:24
;;;Zoning;6807712;'20200127134349;W03-C-Antwerpen-West-FH08;6807712;'20200127134349;W03-C-Antwerpen-West-FH08;19085;FTTH-Cu;;';';;;;;;;710526;'20200326153602;48992;'1630000;'28193;Sleutelstraat;'13;';2000;Antwerpen;;'152202,086;'211816,551;';Y;NA;4;4;Unknown;Unknown;;None;;;';IFH_BATCH;'26/03/2020 15:00:35;;Y;;;;'26/03/2020 14:34:24;2;1647938;;LU;1;';';';';';Y;;APTBLD;APPARTEMENTSGEBOUW - IMMEUBLE A APPARTEMENTS;NA;;;';;';;Y;;;;'26/03/2020 14:34:24
;;;Zoning;6807712;'20200127134349;W03-C-Antwerpen-West-FH08;6807712;'20200127134349;W03-C-Antwerpen-West-FH08;19085;FTTH-Cu;;';';;;;;;;675890;'20200326153546;2052823;'1630000;'28193;Sleutelstraat;'14;';2000;Antwerpen;;'152170,084;'211801,406;';Y;NA;2;4;Unknown;Unknown;;None;;;';IFH_BATCH;'26/03/2020 14:59:58;;Y;;;;'26/03/2020 14:34:24;1;1655067;;LU;1;';';';';';Y;;HOUSE;WONING - MAISON;NA;;;';;';;Y;;;;'26/03/2020 14:34:24
;;;Zoning;6807712;'20200127134349;W03-C-Antwerpen-West-FH08;6807712;'20200127134349;W03-C-Antwerpen-West-FH08;19085;FTTH-Cu;;';';;;;;;;675891;'20200326153546;2052824;'1630000;'28193;Sleutelstraat;'15;';2000;Antwerpen;;'152209,229;'211815,744;';Y;NA;2;4;Unknown;Unknown;;None;;;';IFH_BATCH;'26/03/2020 15:00:00;;Y;;;;'26/03/2020 14:34:24;1;1661978;;LU;1;';';';';';Y;;HOUSE;WONING - MAISON;NA;;;';;';;Y;;;;'26/03/2020 14:34:24
;;;Zoning;6807712;'20200127134349;W03-C-Antwerpen-West-FH08;6807712;'20200127134349;W03-C-Antwerpen-West-FH08;19085;FTTH-Cu;;';';;;;;;;31648076;'20200326153557;6461812;'1630000;'28193;Sleutelstraat;'16;'A;2000;Antwerpen;;'152152;'211788;';Y;NA;2;4;Unknown;Unknown;;None;;;';SSV_IMPORT;'26/03/2020 14:46:50;;Y;;;;'26/03/2020 14:34:24;1;11341468;;LU;1;';';';';';;;;;;;;';SSV_IMPORT;'26/03/2020 14:46:51;;Y;;;;'26/03/2020 14:34:24
;;;Zoning;6807712;'20200127134349;W03-C-Antwerpen-West-FH08;6807712;'20200127134349;W03-C-Antwerpen-West-FH08;19085;FTTH-Cu;;';';;;;;;;706022;'20200326153605;4504971;'1630000;'28193;Sleutelstraat;'17;';2000;Antwerpen;;'152216,373;'211815,744;';Y;NA;2;4;Unknown;Unknown;;None;;;';IFH_BATCH;'26/03/2020 15:00:17;;Y;;;;'26/03/2020 14:34:24;1;1674527;;LU;1;';';';';';Y;;HOUSE;WONING - MAISON;NA;;;';;';;Y;;;;'26/03/2020 14:34:24
;;;Zoning;6807712;'20200127134349;W03-C-Antwerpen-West-FH08;6807712;'20200127134349;W03-C-Antwerpen-West-FH08;19085;FTTH-Cu;;';';;;;;;;31648081;'20200326153558;48989;'1630000;'28193;Sleutelstraat;'18;';2000;Antwerpen;;'152183;'211799;';Y;NA;2;4;Unknown;Unknown;;None;;;';SSV_IMPORT;'26/03/2020 14:46:56;;Y;;;;'26/03/2020 14:34:24;1;11341469;;LU;1;';';';';';;;;;;;;';SSV_IMPORT;'26/03/2020 14:46:58;;Y;;;;'26/03/2020 14:34:24
;;;Zoning;6807712;'20200127134349;W03-C-Antwerpen-West-FH08;6807712;'20200127134349;W03-C-Antwerpen-West-FH08;19085;FTTH-Cu;;';';;;;;;;31648084;'20200326153558;4504973;'1630000;'28193;Sleutelstraat;'19;';2000;Antwerpen;;'152216;'211814;';Y;NA;2;4;Unknown;Unknown;;None;;;';SSV_IMPORT;'26/03/2020 14:47:03;;Y;;;;'26/03/2020 14:34:24;1;11341470;;LU;1;';';';';';;;;;;;;';SSV_IMPORT;'26/03/2020 14:47:04;;Y;;;;'26/03/2020 14:34:24
;;;Zoning;6807712;'20200127134349;W03-C-Antwerpen-West-FH08;6807712;'20200127134349;W03-C-Antwerpen-West-FH08;19085;FTTH-Cu;;';';;;;;;;31648089;'20200326153558;5576263;'1630000;'28193;Sleutelstraat;'20;';2000;Antwerpen;;'152170;'211788;';Y;NA;2;4;Unknown;Unknown;;None;;;';SSV_IMPORT;'26/03/2020 14:47:12;;Y;;;;'26/03/2020 14:34:24;1;11341471;;LU;1;';';';';';;;;;;;;';SSV_IMPORT;'26/03/2020 14:47:13;;Y;;;;'26/03/2020 14:34:24
;;;Zoning;6807712;'20200127134349;W03-C-Antwerpen-West-FH08;6807712;'20200127134349;W03-C-Antwerpen-West-FH08;19085;FTTH-Cu;;';';;;;;;;675892;'20200326153546;2052827;'1630000;'28193;Sleutelstraat;'21;';2000;Antwerpen;;'152222,249;'211815,629;';Y;NA;2;4;Unknown;Unknown;;None;;;';IFH_BATCH;'26/03/2020 15:00:02;;Y;;;;'26/03/2020 14:34:24;1;1703859;;LU;1;';';';';';Y;;HOUSE;WONING - MAISON;NA;;;';;';;Y;;;;'26/03/2020 14:34:24
;;;Zoning;6807712;'20200127134349;W03-C-Antwerpen-West-FH08;6807712;'20200127134349;W03-C-Antwerpen-West-FH08;19085;FTTH-Cu;;';';;;;;;;675893;'20200326153546;2052828;'1630000;'28193;Sleutelstraat;'23;';2000;Antwerpen;;'152227,55;'211815,053;';Y;NA;2;4;Unknown;Unknown;;None;;;';IFH_BATCH;'26/03/2020 15:00:05;;Y;;;;'26/03/2020 14:34:24;1;1712974;;LU;1;';';';';';Y;;HOUSE;WONING - MAISON;NA;;;';;';;Y;;;;'26/03/2020 14:34:24
;;;Zoning;6807712;'20200127134349;W03-C-Antwerpen-West-FH08;6807712;'20200127134349;W03-C-Antwerpen-West-FH08;19085;FTTH-Cu;;';';;;;;;;706024;'20200326153605;4504974;'1630000;'28193;Sleutelstraat;'25;';2000;Antwerpen;;'152232,619;'211813,67;';Y;NA;2;4;Unknown;Unknown;;None;;;';IFH_BATCH;'26/03/2020 15:00:19;;Y;;;;'26/03/2020 14:34:24;1;1721341;;LU;1;';';';';';Y;;HOUSE;WONING - MAISON;NA;;;';;';;Y;;;;'26/03/2020 14:34:24
;;;Zoning;6807712;'20200127134349;W03-C-Antwerpen-West-FH08;6807712;'20200127134349;W03-C-Antwerpen-West-FH08;19085;FTTH-Cu;;';';;;;;;;675894;'20200326153546;2052829;'1630000;'28193;Sleutelstraat;'27;';2000;Antwerpen;;'152238,035;'211813,555;';Y;NA;4;4;Unknown;Unknown;;None;;;';IFH_BATCH;'26/03/2020 15:00:07;;Y;;;;'26/03/2020 14:34:24;1;1728977;;LU;1;';';';';';Y;;HOUSE;WONING - MAISON;NA;;;';;';;Y;;;;'26/03/2020 14:34:24
;;;Zoning;6807712;'20200127134349;W03-C-Antwerpen-West-FH08;6807712;'20200127134349;W03-C-Antwerpen-West-FH08;19085;FTTH-Cu;;';';;;;;;;675894;'20200326153546;2052829;'1630000;'28193;Sleutelstraat;'27;';2000;Antwerpen;;'152238,035;'211813,555;';Y;NA;4;4;Unknown;Unknown;;None;;;';IFH_BATCH;'26/03/2020 15:00:07;;Y;;;;'26/03/2020 14:34:24;2;1728978;;LU;1;';';';';';Y;;HOUSE;WONING - MAISON;NA;;;';;';;Y;;;;'26/03/2020 14:34:24
;;;Zoning;6807712;'20200127134349;W03-C-Antwerpen-West-FH08;6807712;'20200127134349;W03-C-Antwerpen-West-FH08;19085;FTTH-Cu;;';';;;;;;;675895;'20200326153546;2052830;'1630000;'28193;Sleutelstraat;'29;';2000;Antwerpen;;'152253,475;'211812,748;';Y;NA;4;4;Unknown;Unknown;;None;;;';IFH_BATCH;'26/03/2020 15:00:09;;Y;;;;'26/03/2020 14:34:24;1;1734363;;LU;1;';';';';';Y;#A.GV.1.2.3/KAVEL 1/;APPART;DEEL_APP_GEBOUW - PARTIE_IMMEUBLE_APP;APPART;;;';;';;Y;;;;'26/03/2020 14:34:24
;;;Zoning;6807712;'20200127134349;W03-C-Antwerpen-West-FH08;6807712;'20200127134349;W03-C-Antwerpen-West-FH08;19085;FTTH-Cu;;';';;;;;;;675895;'20200326153546;2052830;'1630000;'28193;Sleutelstraat;'29;';2000;Antwerpen;;'152253,475;'211812,748;';Y;NA;4;4;Unknown;Unknown;;None;;;';IFH_BATCH;'26/03/2020 15:00:09;;Y;;;;'26/03/2020 14:34:24;2;1735243;;BU;1;';';';';';Y;#HA.GV/KAVEL 2/;APPART;DEEL_APP_GEBOUW - PARTIE_IMMEUBLE_APP;COMM;;;';;';;Y;;;;'26/03/2020 14:34:24
;;;Zoning;6807712;'20200127134349;W03-C-Antwerpen-West-FH08;6807712;'20200127134349;W03-C-Antwerpen-West-FH08;19085;FTTH-Cu;;';';;;;;;;675896;'20200326153546;2052831;'1630000;'28193;Sleutelstraat;'31;';2000;Antwerpen;;'152263,845;'211811,711;';Y;NA;4;4;Unknown;Unknown;;None;;;';IFH_BATCH;'26/03/2020 15:00:11;;Y;;;;'26/03/2020 14:34:24;1;1748616;;LU;1;';';';';';Y;;APTBLD;APPARTEMENTSGEBOUW - IMMEUBLE A APPARTEMENTS;NA;;;';;';;Y;;;;'26/03/2020 14:34:24
;;;Zoning;6807712;'20200127134349;W03-C-Antwerpen-West-FH08;6807712;'20200127134349;W03-C-Antwerpen-West-FH08;19085;FTTH-Cu;;';';;;;;;;675896;'20200326153546;2052831;'1630000;'28193;Sleutelstraat;'31;';2000;Antwerpen;;'152263,845;'211811,711;';Y;NA;4;4;Unknown;Unknown;;None;;;';IFH_BATCH;'26/03/2020 15:00:11;;Y;;;;'26/03/2020 14:34:24;2;1748617;;LU;1;';';';';';Y;;APTBLD;APPARTEMENTSGEBOUW - IMMEUBLE A APPARTEMENTS;NA;;;';;';;Y;;;;'26/03/2020 14:34:24
;;;Zoning;6807712;'20200127134349;W03-C-Antwerpen-West-FH08;6807712;'20200127134349;W03-C-Antwerpen-West-FH08;19085;FTTH-Cu;;';';;;;;;;675896;'20200326153546;2052831;'1630000;'28193;Sleutelstraat;'31;';2000;Antwerpen;;'152263,845;'211811,711;';Y;NA;4;4;Unknown;Unknown;;None;;;';IFH_BATCH;'26/03/2020 15:00:11;;Y;;;;'26/03/2020 14:34:24;3;1748618;;LU;1;';';';';';Y;;APTBLD;APPARTEMENTSGEBOUW - IMMEUBLE A APPARTEMENTS;NA;;;';;';;Y;;;;'26/03/2020 14:34:24
;;;Zoning;6807712;'20200127134349;W03-C-Antwerpen-West-FH08;6807712;'20200127134349;W03-C-Antwerpen-West-FH08;19085;FTTH-Cu;;';';;;;;;;675896;'20200326153546;2052831;'1630000;'28193;Sleutelstraat;'31;';2000;Antwerpen;;'152263,845;'211811,711;';Y;NA;4;4;Unknown;Unknown;;None;;;';IFH_BATCH;'26/03/2020 15:00:11;;Y;;;;'26/03/2020 14:34:24;4;1748619;;LU;1;';';';';';Y;;APTBLD;APPARTEMENTSGEBOUW - IMMEUBLE A APPARTEMENTS;NA;;;';;';;Y;;;;'26/03/2020 14:34:24
;;;Zoning;6807712;'20200127134349;W03-C-Antwerpen-West-FH08;6807712;'20200127134349;W03-C-Antwerpen-West-FH08;19085;FTTH-Cu;;';';;;;;;;675896;'20200326153546;2052831;'1630000;'28193;Sleutelstraat;'31;';2000;Antwerpen;;'152263,845;'211811,711;';Y;NA;4;4;Unknown;Unknown;;None;;;';IFH_BATCH;'26/03/2020 15:00:11;;Y;;;;'26/03/2020 14:34:24;5;1748620;;LU;1;';';';';';Y;;APTBLD;APPARTEMENTSGEBOUW - IMMEUBLE A APPARTEMENTS;NA;;;';;';;Y;;;;'26/03/2020 14:34:24
;;;Zoning;6807712;'20200127134349;W03-C-Antwerpen-West-FH08;6807712;'20200127134349;W03-C-Antwerpen-West-FH08;19085;FTTH-Cu;;';';;;;;;;710525;'20200326153602;48991;'1630000;'28193;Sleutelstraat;'33;';2000;Antwerpen;;'152271,795;'211811,596;';N;MON;4;0;Unknown;Unknown;;None;;;';IFH_BATCH;'26/03/2020 15:00:32;;Y;;;;'26/03/2020 14:34:24;1;1753207;;LU;1;';';';';';Y;#A1/K-A2/1/K-A2/2/K;APPART;DEEL_APP_GEBOUW - PARTIE_IMMEUBLE_APP;APPART;;;';;';;Y;;;;'26/03/2020 14:34:24
;;;Zoning;6807712;'20200127134349;W03-C-Antwerpen-West-FH08;6807712;'20200127134349;W03-C-Antwerpen-West-FH08;19085;FTTH-Cu;;';';;;;;;;710525;'20200326153602;48991;'1630000;'28193;Sleutelstraat;'33;';2000;Antwerpen;;'152271,795;'211811,596;';N;MON;4;0;Unknown;Unknown;;None;;;';IFH_BATCH;'26/03/2020 15:00:32;;Y;;;;'26/03/2020 14:34:24;2;1753208;;LU;1;';';';';';Y;#A1/K-A2/1/K-A2/2/K;APPART;DEEL_APP_GEBOUW - PARTIE_IMMEUBLE_APP;APPART;;;';;';;Y;;;;'26/03/2020 14:34:24
;;;Zoning;6807712;'20200127134349;W03-C-Antwerpen-West-FH08;6807712;'20200127134349;W03-C-Antwerpen-West-FH08;19085;FTTH-Cu;;';';;;;;;;710525;'20200326153602;48991;'1630000;'28193;Sleutelstraat;'33;';2000;Antwerpen;;'152271,795;'211811,596;';N;MON;4;0;Unknown;Unknown;;None;;;';IFH_BATCH;'26/03/2020 15:00:32;;Y;;;;'26/03/2020 14:34:24;3;1753209;;LU;1;';';';';';Y;#A1/K-A2/1/K-A2/2/K;APPART;DEEL_APP_GEBOUW - PARTIE_IMMEUBLE_APP;APPART;;;';;';;Y;;;;'26/03/2020 14:34:24
;;;Zoning;6807712;'20200127134349;W03-C-Antwerpen-West-FH08;6807712;'20200127134349;W03-C-Antwerpen-West-FH08;19085;FTTH-Cu;;';';;;;;;;710525;'20200326153602;48991;'1630000;'28193;Sleutelstraat;'33;';2000;Antwerpen;;'152271,795;'211811,596;';N;MON;4;0;Unknown;Unknown;;None;;;';IFH_BATCH;'26/03/2020 15:00:32;;Y;;;;'26/03/2020 14:34:24;4;1753712;;BU;1;';';';';';Y;#HA.GV/K1;APPART;DEEL_APP_GEBOUW - PARTIE_IMMEUBLE_APP;COMM;;;';;';;Y;;;;'26/03/2020 14:34:24
;;;Zoning;6807712;'20200127134349;W03-C-Antwerpen-West-FH08;6807712;'20200127134349;W03-C-Antwerpen-West-FH08;19085;FTTH-Cu;;';';;;;;;;710522;'20200326153602;48986;'1630000;'28193;Sleutelstraat;'38;';2000;Antwerpen;;'152262,577;'211795,004;';Y;NA;4;4;Unknown;Unknown;;None;;;';IFH_BATCH;'26/03/2020 15:00:21;;Y;;;;'26/03/2020 14:34:24;1;1767383;;LU;1;';';';';';Y;#A1/C/5/K9;APPART;DEEL_APP_GEBOUW - PARTIE_IMMEUBLE_APP;APPART;;;';;';;Y;;;;'26/03/2020 14:34:24
;;;Zoning;6807712;'20200127134349;W03-C-Antwerpen-West-FH08;6807712;'20200127134349;W03-C-Antwerpen-West-FH08;19085;FTTH-Cu;;';';;;;;;;710522;'20200326153602;48986;'1630000;'28193;Sleutelstraat;'38;';2000;Antwerpen;;'152262,577;'211795,004;';Y;NA;4;4;Unknown;Unknown;;None;;;';IFH_BATCH;'26/03/2020 15:00:21;;Y;;;;'26/03/2020 14:34:24;2;1767384;;LU;1;';';';';';Y;#A1/C/6/;APPART;DEEL_APP_GEBOUW - PARTIE_IMMEUBLE_APP;APPART;;;';;';;Y;;;;'26/03/2020 14:34:24
;;;Zoning;6807712;'20200127134349;W03-C-Antwerpen-West-FH08;6807712;'20200127134349;W03-C-Antwerpen-West-FH08;19085;FTTH-Cu;;';';;;;;;;710522;'20200326153602;48986;'1630000;'28193;Sleutelstraat;'38;';2000;Antwerpen;;'152262,577;'211795,004;';Y;NA;4;4;Unknown;Unknown;;None;;;';IFH_BATCH;'26/03/2020 15:00:21;;Y;;;;'26/03/2020 14:34:24;3;1767493;;LU;1;';';';';';Y;#A2/C/11/K5;APPART;DEEL_APP_GEBOUW - PARTIE_IMMEUBLE_APP;APPART;;;';;';;Y;;;;'26/03/2020 14:34:24
;;;Zoning;6807712;'20200127134349;W03-C-Antwerpen-West-FH08;6807712;'20200127134349;W03-C-Antwerpen-West-FH08;19085;FTTH-Cu;;';';;;;;;;710522;'20200326153602;48986;'1630000;'28193;Sleutelstraat;'38;';2000;Antwerpen;;'152262,577;'211795,004;';Y;NA;4;4;Unknown;Unknown;;None;;;';IFH_BATCH;'26/03/2020 15:00:21;;Y;;;;'26/03/2020 14:34:24;4;1767494;;LU;1;';';';';';Y;#A2/C/12/K6;APPART;DEEL_APP_GEBOUW - PARTIE_IMMEUBLE_APP;APPART;;;';;';;Y;;;;'26/03/2020 14:34:24
;;;Zoning;6807712;'20200127134349;W03-C-Antwerpen-West-FH08;6807712;'20200127134349;W03-C-Antwerpen-West-FH08;19085;FTTH-Cu;;';';;;;;;;710522;'20200326153602;48986;'1630000;'28193;Sleutelstraat;'38;';2000;Antwerpen;;'152262,577;'211795,004;';Y;NA;4;4;Unknown;Unknown;;None;;;';IFH_BATCH;'26/03/2020 15:00:21;;Y;;;;'26/03/2020 14:34:24;5;1767576;;LU;1;';';';';';Y;#A3/C/17/;APPART;DEEL_APP_GEBOUW - PARTIE_IMMEUBLE_APP;APPART;;;';;';;Y;;;;'26/03/2020 14:34:24
;;;Zoning;6807712;'20200127134349;W03-C-Antwerpen-West-FH08;6807712;'20200127134349;W03-C-Antwerpen-West-FH08;19085;FTTH-Cu;;';';;;;;;;710522;'20200326153602;48986;'1630000;'28193;Sleutelstraat;'38;';2000;Antwerpen;;'152262,577;'211795,004;';Y;NA;4;4;Unknown;Unknown;;None;;;';IFH_BATCH;'26/03/2020 15:00:21;;Y;;;;'26/03/2020 14:34:24;6;1767577;;LU;1;';';';';';Y;#A3/C/18/;APPART;DEEL_APP_GEBOUW - PARTIE_IMMEUBLE_APP;APPART;;;';;';;Y;;;;'26/03/2020 14:34:24
;;;Zoning;6807712;'20200127134349;W03-C-Antwerpen-West-FH08;6807712;'20200127134349;W03-C-Antwerpen-West-FH08;19085;FTTH-Cu;;';';;;;;;;710522;'20200326153602;48986;'1630000;'28193;Sleutelstraat;'38;';2000;Antwerpen;;'152262,577;'211795,004;';Y;NA;4;4;Unknown;Unknown;;None;;;';IFH_BATCH;'26/03/2020 15:00:21;;Y;;;;'26/03/2020 14:34:24;7;1767627;;LU;1;';';';';';Y;#A4/C/23/;APPART;DEEL_APP_GEBOUW - PARTIE_IMMEUBLE_APP;APPART;;;';;';;Y;;;;'26/03/2020 14:34:24
;;;Zoning;6807712;'20200127134349;W03-C-Antwerpen-West-FH08;6807712;'20200127134349;W03-C-Antwerpen-West-FH08;19085;FTTH-Cu;;';';;;;;;;31648091;'20200326153558;48978;'1630000;'26126;Theodoor Van Rijswijckplaats;'1;';2000;Antwerpen;;'152174;'211888;';Y;NA;4;4;Unknown;Unknown;;None;;;';SSV_IMPORT;'26/03/2020 14:47:20;;Y;;;;'26/03/2020 14:34:24;1;11341472;;LU;1;';';';';';;;;;;;;';SSV_IMPORT;'26/03/2020 14:47:21;;Y;;;;'26/03/2020 14:34:24
;;;Zoning;6807712;'20200127134349;W03-C-Antwerpen-West-FH08;6807712;'20200127134349;W03-C-Antwerpen-West-FH08;19085;FTTH-Cu;;';';;;;;;;31648091;'20200326153558;48978;'1630000;'26126;Theodoor Van Rijswijckplaats;'1;';2000;Antwerpen;;'152174;'211888;';Y;NA;4;4;Unknown;Unknown;;None;;;';SSV_IMPORT;'26/03/2020 14:47:20;;Y;;;;'26/03/2020 14:34:24;2;11341473;;LU;1;';';';';';;;;;;;;';SSV_IMPORT;'26/03/2020 14:47:22;;Y;;;;'26/03/2020 14:34:24
;;;Zoning;6807712;'20200127134349;W03-C-Antwerpen-West-FH08;6807712;'20200127134349;W03-C-Antwerpen-West-FH08;19085;FTTH-Cu;;';';;;;;;;31648091;'20200326153558;48978;'1630000;'26126;Theodoor Van Rijswijckplaats;'1;';2000;Antwerpen;;'152174;'211888;';Y;NA;4;4;Unknown;Unknown;;None;;;';SSV_IMPORT;'26/03/2020 14:47:20;;Y;;;;'26/03/2020 14:34:24;3;11341474;;LU;1;';';';';';;;;;;;;';SSV_IMPORT;'26/03/2020 14:47:24;;Y;;;;'26/03/2020 14:34:24
;;;Zoning;6807712;'20200127134349;W03-C-Antwerpen-West-FH08;6807712;'20200127134349;W03-C-Antwerpen-West-FH08;19085;FTTH-Cu;;';';;;;;;;31648091;'20200326153558;48978;'1630000;'26126;Theodoor Van Rijswijckplaats;'1;';2000;Antwerpen;;'152174;'211888;';Y;NA;4;4;Unknown;Unknown;;None;;;';SSV_IMPORT;'26/03/2020 14:47:20;;Y;;;;'26/03/2020 14:34:24;4;11341475;;LU;1;';';';';';;;;;;;;';SSV_IMPORT;'26/03/2020 14:47:25;;Y;;;;'26/03/2020 14:34:24
;;;Zoning;6807712;'20200127134349;W03-C-Antwerpen-West-FH08;6807712;'20200127134349;W03-C-Antwerpen-West-FH08;19085;FTTH-Cu;;';';;;;;;;31648091;'20200326153558;48978;'1630000;'26126;Theodoor Van Rijswijckplaats;'1;';2000;Antwerpen;;'152174;'211888;';Y;NA;4;4;Unknown;Unknown;;None;;;';SSV_IMPORT;'26/03/2020 14:47:20;;Y;;;;'26/03/2020 14:34:24;5;11341476;;LU;1;';';';';';;;;;;;;';SSV_IMPORT;'26/03/2020 14:47:26;;Y;;;;'26/03/2020 14:34:24
;;;Zoning;6807712;'20200127134349;W03-C-Antwerpen-West-FH08;6807712;'20200127134349;W03-C-Antwerpen-West-FH08;19085;FTTH-Cu;;';';;;;;;;31648091;'20200326153558;48978;'1630000;'26126;Theodoor Van Rijswijckplaats;'1;';2000;Antwerpen;;'152174;'211888;';Y;NA;4;4;Unknown;Unknown;;None;;;';SSV_IMPORT;'26/03/2020 14:47:20;;Y;;;;'26/03/2020 14:34:24;6;11341477;;LU;1;';';';';';;;;;;;;';SSV_IMPORT;'26/03/2020 14:47:27;;Y;;;;'26/03/2020 14:34:24
;;;Zoning;6807712;'20200127134349;W03-C-Antwerpen-West-FH08;6807712;'20200127134349;W03-C-Antwerpen-West-FH08;19085;FTTH-Cu;;';';;;;;;;710516;'20200326153601;48977;'1630000;'26126;Theodoor Van Rijswijckplaats;'2;';2000;Antwerpen;;'152183,665;'211888,235;';Y;NA;2;4;Unknown;Unknown;;None;;;';IFH_BATCH;'26/03/2020 14:56:57;;Y;;;;'26/03/2020 14:34:24;1;1693621;;BU;1;';';';';';Y;;COMM;HANDELSZAAK - COMMERCE;NA;;;';;';;Y;;;;'26/03/2020 14:34:24
;;;Zoning;6807712;'20200127134349;W03-C-Antwerpen-West-FH08;6807712;'20200127134349;W03-C-Antwerpen-West-FH08;19085;FTTH-Cu;;';';;;;;;;615235;'20200326153606;12593;'1630000;'26126;Theodoor Van Rijswijckplaats;'3;';2000;Antwerpen;;'152195,979;'211866,211;';Y;NA;2;4;Unknown;Unknown;;None;;;';IFH_BATCH;'26/03/2020 14:56:46;;Y;;;;'26/03/2020 14:34:24;1;1741713;;LU;1;';';';';';Y;;HOUSE;WONING - MAISON;NA;;;';;';;Y;;;;'26/03/2020 14:34:24
;;;Zoning;6807712;'20200127134349;W03-C-Antwerpen-West-FH08;6807712;'20200127134349;W03-C-Antwerpen-West-FH08;19085;FTTH-Cu;;';';;;;;;;671542;'20200326153550;2047767;'1630000;'26126;Theodoor Van Rijswijckplaats;'5;';2000;Antwerpen;;'152193,689;'211847,222;';Y;NA;4;4;Unknown;Unknown;;None;;;';IFH_BATCH;'26/03/2020 14:56:51;;Y;;;;'26/03/2020 14:34:24;1;1799415;;LU;1;';';';';';Y;#A1/APP.1/B1;APPART;DEEL_APP_GEBOUW - PARTIE_IMMEUBLE_APP;APPART;;;';;';;Y;;;;'26/03/2020 14:34:24
;;;Zoning;6807712;'20200127134349;W03-C-Antwerpen-West-FH08;6807712;'20200127134349;W03-C-Antwerpen-West-FH08;19085;FTTH-Cu;;';';;;;;;;671542;'20200326153550;2047767;'1630000;'26126;Theodoor Van Rijswijckplaats;'5;';2000;Antwerpen;;'152193,689;'211847,222;';Y;NA;4;4;Unknown;Unknown;;None;;;';IFH_BATCH;'26/03/2020 14:56:51;;Y;;;;'26/03/2020 14:34:24;2;1799890;;LU;1;';';';';';Y;#A2/APP.2/B2;APPART;DEEL_APP_GEBOUW - PARTIE_IMMEUBLE_APP;APPART;;;';;';;Y;;;;'26/03/2020 14:34:24
;;;Zoning;6807712;'20200127134349;W03-C-Antwerpen-West-FH08;6807712;'20200127134349;W03-C-Antwerpen-West-FH08;19085;FTTH-Cu;;';';;;;;;;671542;'20200326153550;2047767;'1630000;'26126;Theodoor Van Rijswijckplaats;'5;';2000;Antwerpen;;'152193,689;'211847,222;';Y;NA;4;4;Unknown;Unknown;;None;;;';IFH_BATCH;'26/03/2020 14:56:51;;Y;;;;'26/03/2020 14:34:24;3;1800182;;LU;1;';';';';';Y;#A3/APP.3/B3;APPART;DEEL_APP_GEBOUW - PARTIE_IMMEUBLE_APP;APPART;;;';;';;Y;;;;'26/03/2020 14:34:24
;;;Zoning;6807712;'20200127134349;W03-C-Antwerpen-West-FH08;6807712;'20200127134349;W03-C-Antwerpen-West-FH08;19085;FTTH-Cu;;';';;;;;;;671542;'20200326153550;2047767;'1630000;'26126;Theodoor Van Rijswijckplaats;'5;';2000;Antwerpen;;'152193,689;'211847,222;';Y;NA;4;4;Unknown;Unknown;;None;;;';IFH_BATCH;'26/03/2020 14:56:51;;Y;;;;'26/03/2020 14:34:24;4;1800351;;LU;1;';';';';';Y;#A4.5/APP.4/B4;APPART;DEEL_APP_GEBOUW - PARTIE_IMMEUBLE_APP;APPART;;;';;';;Y;;;;'26/03/2020 14:34:24
;;;Zoning;6807712;'20200127134349;W03-C-Antwerpen-West-FH08;6807712;'20200127134349;W03-C-Antwerpen-West-FH08;19085;FTTH-Cu;;';';;;;;;;31648092;'20200326153558;48976;'1630000;'26126;Theodoor Van Rijswijckplaats;'6;';2000;Antwerpen;;'152193;'211846;';Y;NA;2;4;Unknown;Unknown;;None;;;';SSV_IMPORT;'26/03/2020 14:47:30;;Y;;;;'26/03/2020 14:34:24;1;11341478;;LU;1;';';';';';;;;;;;;';SSV_IMPORT;'26/03/2020 14:47:31;;Y;;;;'26/03/2020 14:34:24
;;;Zoning;6807712;'20200127134349;W03-C-Antwerpen-West-FH08;6807712;'20200127134349;W03-C-Antwerpen-West-FH08;19085;FTTH-Cu;;';';;;;;;;710514;'20200326153601;48974;'1630000;'26126;Theodoor Van Rijswijckplaats;'7;';2000;Antwerpen;;'152173,065;'211830,845;';Y;NA;2;4;Unknown;Unknown;;None;;;';IFH_BATCH;'26/03/2020 14:56:53;;Y;;;;'26/03/2020 14:34:24;1;1841806;;BU;1;';';';';';Y;;OFFICE;KANTOORGEBOUW - BATIMENT DE BUREAU;NA;;;';;';;Y;;;;'26/03/2020 14:34:24
;;;Zoning;6807712;'20200127134349;W03-C-Antwerpen-West-FH08;6807712;'20200127134349;W03-C-Antwerpen-West-FH08;19085;FTTH-Cu;;';';;;;;;;710515;'20200326153601;48975;'1630000;'26126;Theodoor Van Rijswijckplaats;'8;';2000;Antwerpen;;'152153,706;'211843,151;';Y;NA;2;4;Unknown;Unknown;;None;;;';IFH_BATCH;'26/03/2020 14:56:55;;Y;;;;'26/03/2020 14:34:24;1;1855788;;BU;1;';';';';';Y;;OFFICE;KANTOORGEBOUW - BATIMENT DE BUREAU;NA;;;';;';;Y;;;;'26/03/2020 14:34:24
;;;Zoning;6807712;'20200127134349;W03-C-Antwerpen-West-FH08;6807712;'20200127134349;W03-C-Antwerpen-West-FH08;19085;FTTH-Cu;;';';;;;;;;710539;'20200326153603;49007;'1630000;'35825;Zwaardstraat;'2;';2000;Antwerpen;;'152204,966;'211825,884;';Y;NA;4;4;Unknown;Unknown;;None;;;';IFH_BATCH;'26/03/2020 15:01:35;;Y;;;;'26/03/2020 14:34:24;1;1688818;;LU;1;';';';';';Y;#A/GV.A1/GAR;APPART;DEEL_APP_GEBOUW - PARTIE_IMMEUBLE_APP;APPART;;;';;';;Y;;;;'26/03/2020 14:34:24
;;;Zoning;6807712;'20200127134349;W03-C-Antwerpen-West-FH08;6807712;'20200127134349;W03-C-Antwerpen-West-FH08;19085;FTTH-Cu;;';';;;;;;;710539;'20200326153603;49007;'1630000;'35825;Zwaardstraat;'2;';2000;Antwerpen;;'152204,966;'211825,884;';Y;NA;4;4;Unknown;Unknown;;None;;;';IFH_BATCH;'26/03/2020 15:01:35;;Y;;;;'26/03/2020 14:34:24;2;1689314;;LU;1;';';';';';Y;#A1/S1;APPART;DEEL_APP_GEBOUW - PARTIE_IMMEUBLE_APP;APPART;;;';;';;Y;;;;'26/03/2020 14:34:24
;;;Zoning;6807712;'20200127134349;W03-C-Antwerpen-West-FH08;6807712;'20200127134349;W03-C-Antwerpen-West-FH08;19085;FTTH-Cu;;';';;;;;;;710539;'20200326153603;49007;'1630000;'35825;Zwaardstraat;'2;';2000;Antwerpen;;'152204,966;'211825,884;';Y;NA;4;4;Unknown;Unknown;;None;;;';IFH_BATCH;'26/03/2020 15:01:35;;Y;;;;'26/03/2020 14:34:24;3;1691511;;LU;1;';';';';';Y;#DAKV./S2;APPART;DEEL_APP_GEBOUW - PARTIE_IMMEUBLE_APP;NA;;;';;';;Y;;;;'26/03/2020 14:34:24
;;;Zoning;6807712;'20200127134349;W03-C-Antwerpen-West-FH08;6807712;'20200127134349;W03-C-Antwerpen-West-FH08;19085;FTTH-Cu;;';';;;;;;;31648093;'20200326153558;6563838;'1630000;'35825;Zwaardstraat;'3;';2000;Antwerpen;;'152202;'211840;';Y;NA;4;4;Unknown;Unknown;;None;;;';SSV_IMPORT;'26/03/2020 14:47:35;;Y;;;;'26/03/2020 14:34:24;1;11341479;;LU;1;';';';';';;;;;;;;';SSV_IMPORT;'26/03/2020 14:47:36;;Y;;;;'26/03/2020 14:34:24
;;;Zoning;6807712;'20200127134349;W03-C-Antwerpen-West-FH08;6807712;'20200127134349;W03-C-Antwerpen-West-FH08;19085;FTTH-Cu;;';';;;;;;;31648093;'20200326153558;6563838;'1630000;'35825;Zwaardstraat;'3;';2000;Antwerpen;;'152202;'211840;';Y;NA;4;4;Unknown;Unknown;;None;;;';SSV_IMPORT;'26/03/2020 14:47:35;;Y;;;;'26/03/2020 14:34:24;2;11341480;;LU;1;';';';';';;;;;;;;';SSV_IMPORT;'26/03/2020 14:47:37;;Y;;;;'26/03/2020 14:34:24
;;;Zoning;6807712;'20200127134349;W03-C-Antwerpen-West-FH08;6807712;'20200127134349;W03-C-Antwerpen-West-FH08;19085;FTTH-Cu;;';';;;;;;;31648093;'20200326153558;6563838;'1630000;'35825;Zwaardstraat;'3;';2000;Antwerpen;;'152202;'211840;';Y;NA;4;4;Unknown;Unknown;;None;;;';SSV_IMPORT;'26/03/2020 14:47:35;;Y;;;;'26/03/2020 14:34:24;3;11341481;;LU;1;';';';';';;;;;;;;';SSV_IMPORT;'26/03/2020 14:47:38;;Y;;;;'26/03/2020 14:34:24
;;;Zoning;6807712;'20200127134349;W03-C-Antwerpen-West-FH08;6807712;'20200127134349;W03-C-Antwerpen-West-FH08;19085;FTTH-Cu;;';';;;;;;;31648101;'20200326153558;4504991;'1630000;'35825;Zwaardstraat;'4;';2000;Antwerpen;;'152205;'211826;';Y;NA;2;4;Unknown;Unknown;;None;;;';SSV_IMPORT;'26/03/2020 14:47:42;;Y;;;;'26/03/2020 14:34:24;1;11341482;;LU;1;';';';';';;;;;;;;';SSV_IMPORT;'26/03/2020 14:47:43;;Y;;;;'26/03/2020 14:34:24
;;;Zoning;6807712;'20200127134349;W03-C-Antwerpen-West-FH08;6807712;'20200127134349;W03-C-Antwerpen-West-FH08;19085;FTTH-Cu;;';';;;;;;;31648103;'20200326153558;5753060;'1630000;'35825;Zwaardstraat;'5;';2000;Antwerpen;;'152210;'211839;';Y;NA;4;4;Unknown;Unknown;;None;;;';SSV_IMPORT;'26/03/2020 14:47:47;;Y;;;;'26/03/2020 14:34:24;1;11341483;;LU;1;';';';';';;;;;;;;';SSV_IMPORT;'26/03/2020 14:47:48;;Y;;;;'26/03/2020 14:34:24
;;;Zoning;6807712;'20200127134349;W03-C-Antwerpen-West-FH08;6807712;'20200127134349;W03-C-Antwerpen-West-FH08;19085;FTTH-Cu;;';';;;;;;;31648103;'20200326153558;5753060;'1630000;'35825;Zwaardstraat;'5;';2000;Antwerpen;;'152210;'211839;';Y;NA;4;4;Unknown;Unknown;;None;;;';SSV_IMPORT;'26/03/2020 14:47:47;;Y;;;;'26/03/2020 14:34:24;2;11341484;;LU;1;';';';';';;;;;;;;';SSV_IMPORT;'26/03/2020 14:47:49;;Y;;;;'26/03/2020 14:34:24
;;;Zoning;6807712;'20200127134349;W03-C-Antwerpen-West-FH08;6807712;'20200127134349;W03-C-Antwerpen-West-FH08;19085;FTTH-Cu;;';';;;;;;;31648104;'20200326153558;4504992;'1630000;'35825;Zwaardstraat;'6;';2000;Antwerpen;;'152210;'211826;';Y;NA;2;4;Unknown;Unknown;;None;;;';SSV_IMPORT;'26/03/2020 14:47:52;;Y;;;;'26/03/2020 14:34:24;1;11341485;;LU;1;';';';';';;;;;;;;';SSV_IMPORT;'26/03/2020 14:47:53;;Y;;;;'26/03/2020 14:34:24
;;;Zoning;6807712;'20200127134349;W03-C-Antwerpen-West-FH08;6807712;'20200127134349;W03-C-Antwerpen-West-FH08;19085;FTTH-Cu;;';';;;;;;;706029;'20200326153605;4504994;'1630000;'35825;Zwaardstraat;'8;';2000;Antwerpen;;'152214,299;'211828,303;';Y;NA;2;4;Unknown;Unknown;;None;;;';IFH_BATCH;'26/03/2020 15:01:29;;Y;;;;'26/03/2020 14:34:24;1;1855789;;LU;1;';';';';';Y;;HOUSE;WONING - MAISON;NA;;;';;';;Y;;;;'26/03/2020 14:34:24
;;;Zoning;6807712;'20200127134349;W03-C-Antwerpen-West-FH08;6807712;'20200127134349;W03-C-Antwerpen-West-FH08;19085;FTTH-Cu;;';';;;;;;;706030;'20200326153605;4504996;'1630000;'35825;Zwaardstraat;'10;';2000;Antwerpen;;'152221,558;'211826,229;';Y;NA;2;4;Unknown;Unknown;;None;;;';IFH_BATCH;'26/03/2020 15:01:31;;Y;;;;'26/03/2020 14:34:24;1;1620841;;LU;1;';';';';';Y;;HOUSE;WONING - MAISON;NA;;;';;';;Y;;;;'26/03/2020 14:34:24
;;;Zoning;6807712;'20200127134349;W03-C-Antwerpen-West-FH08;6807712;'20200127134349;W03-C-Antwerpen-West-FH08;19085;FTTH-Cu;;';';;;;;;;31648106;'20200326153558;6362487;'1630000;'35825;Zwaardstraat;'11;';2000;Antwerpen;;'152225;'211834;';Y;NA;2;4;Unknown;Unknown;;None;;;';SSV_IMPORT;'26/03/2020 14:47:57;;Y;;;;'26/03/2020 14:34:24;1;11341486;;LU;1;';';';';';;;;;;;;';SSV_IMPORT;'26/03/2020 14:47:58;;Y;;;;'26/03/2020 14:34:24
;;;Zoning;6807712;'20200127134349;W03-C-Antwerpen-West-FH08;6807712;'20200127134349;W03-C-Antwerpen-West-FH08;19085;FTTH-Cu;;';';;;;;;;31648108;'20200326153558;2066921;'1630000;'35825;Zwaardstraat;'12;';2000;Antwerpen;;'152222;'211824;';Y;NA;2;4;Unknown;Unknown;;None;;;';SSV_IMPORT;'26/03/2020 14:48:03;;Y;;;;'26/03/2020 14:34:24;1;11341487;;LU;1;';';';';';;;;;;;;';SSV_IMPORT;'26/03/2020 14:48:04;;Y;;;;'26/03/2020 14:34:24
;;;Zoning;6807712;'20200127134349;W03-C-Antwerpen-West-FH08;6807712;'20200127134349;W03-C-Antwerpen-West-FH08;19085;FTTH-Cu;;';';;;;;;;710538;'20200326153603;49006;'1630000;'35825;Zwaardstraat;'14;';2000;Antwerpen;;'152235,961;'211825,538;';Y;NA;4;4;Unknown;Unknown;;None;;;';IFH_BATCH;'26/03/2020 15:01:33;;Y;;;;'26/03/2020 14:34:24;1;1655057;;LU;1;';';';';';Y;;APTBLD;APPARTEMENTSGEBOUW - IMMEUBLE A APPARTEMENTS;NA;;;';;';;Y;;;;'26/03/2020 14:34:24
;;;Zoning;6807712;'20200127134349;W03-C-Antwerpen-West-FH08;6807712;'20200127134349;W03-C-Antwerpen-West-FH08;19085;FTTH-Cu;;';';;;;;;;710538;'20200326153603;49006;'1630000;'35825;Zwaardstraat;'14;';2000;Antwerpen;;'152235,961;'211825,538;';Y;NA;4;4;Unknown;Unknown;;None;;;';IFH_BATCH;'26/03/2020 15:01:33;;Y;;;;'26/03/2020 14:34:24;2;1655058;;LU;1;';';';';';Y;;APTBLD;APPARTEMENTSGEBOUW - IMMEUBLE A APPARTEMENTS;NA;;;';;';;Y;;;;'26/03/2020 14:34:24
;;;Zoning;6807712;'20200127134349;W03-C-Antwerpen-West-FH08;6807712;'20200127134349;W03-C-Antwerpen-West-FH08;19085;FTTH-Cu;;';';;;;;;;710538;'20200326153603;49006;'1630000;'35825;Zwaardstraat;'14;';2000;Antwerpen;;'152235,961;'211825,538;';Y;NA;4;4;Unknown;Unknown;;None;;;';IFH_BATCH;'26/03/2020 15:01:33;;Y;;;;'26/03/2020 14:34:24;3;1655059;;LU;1;';';';';';Y;;APTBLD;APPARTEMENTSGEBOUW - IMMEUBLE A APPARTEMENTS;NA;;;';;';;Y;;;;'26/03/2020 14:34:24
;;;Zoning;6807712;'20200127134349;W03-C-Antwerpen-West-FH08;6807712;'20200127134349;W03-C-Antwerpen-West-FH08;19085;FTTH-Cu;;';';;;;;;;710538;'20200326153603;49006;'1630000;'35825;Zwaardstraat;'14;';2000;Antwerpen;;'152235,961;'211825,538;';Y;NA;4;4;Unknown;Unknown;;None;;;';IFH_BATCH;'26/03/2020 15:01:33;;Y;;;;'26/03/2020 14:34:24;4;1655060;;LU;1;';';';';';Y;;APTBLD;APPARTEMENTSGEBOUW - IMMEUBLE A APPARTEMENTS;NA;;;';;';;Y;;;;'26/03/2020 14:34:24
;;;Zoning;6807712;'20200127134349;W03-C-Antwerpen-West-FH08;6807712;'20200127134349;W03-C-Antwerpen-West-FH08;19085;FTTH-Cu;;';';;;;;;;710538;'20200326153603;49006;'1630000;'35825;Zwaardstraat;'14;';2000;Antwerpen;;'152235,961;'211825,538;';Y;NA;4;4;Unknown;Unknown;;None;;;';IFH_BATCH;'26/03/2020 15:01:33;;Y;;;;'26/03/2020 14:34:24;5;1655061;;LU;1;';';';';';Y;;APTBLD;APPARTEMENTSGEBOUW - IMMEUBLE A APPARTEMENTS;NA;;;';;';;Y;;;;'26/03/2020 14:34:24
;;;Zoning;6807712;'20200127134349;W03-C-Antwerpen-West-FH08;6807712;'20200127134349;W03-C-Antwerpen-West-FH08;19085;FTTH-Cu;;';';;;;;;;710538;'20200326153603;49006;'1630000;'35825;Zwaardstraat;'14;';2000;Antwerpen;;'152235,961;'211825,538;';Y;NA;4;4;Unknown;Unknown;;None;;;';IFH_BATCH;'26/03/2020 15:01:33;;Y;;;;'26/03/2020 14:34:24;6;1655062;;LU;1;';';';';';Y;;APTBLD;APPARTEMENTSGEBOUW - IMMEUBLE A APPARTEMENTS;NA;;;';;';;Y;;;;'26/03/2020 14:34:24
;;;Zoning;6807712;'20200127134349;W03-C-Antwerpen-West-FH08;6807712;'20200127134349;W03-C-Antwerpen-West-FH08;19085;FTTH-Cu;;';';;;;;;;710538;'20200326153603;49006;'1630000;'35825;Zwaardstraat;'14;';2000;Antwerpen;;'152235,961;'211825,538;';Y;NA;4;4;Unknown;Unknown;;None;;;';IFH_BATCH;'26/03/2020 15:01:33;;Y;;;;'26/03/2020 14:34:24;7;1655063;;LU;1;';';';';';Y;;APTBLD;APPARTEMENTSGEBOUW - IMMEUBLE A APPARTEMENTS;NA;;;';;';;Y;;;;'26/03/2020 14:34:24
;;;Zoning;6807712;'20200127134349;W03-C-Antwerpen-West-FH08;6807712;'20200127134349;W03-C-Antwerpen-West-FH08;19085;FTTH-Cu;;';';;;;;;;710538;'20200326153603;49006;'1630000;'35825;Zwaardstraat;'14;';2000;Antwerpen;;'152235,961;'211825,538;';Y;NA;4;4;Unknown;Unknown;;None;;;';IFH_BATCH;'26/03/2020 15:01:33;;Y;;;;'26/03/2020 14:34:24;8;1655064;;LU;1;';';';';';Y;;APTBLD;APPARTEMENTSGEBOUW - IMMEUBLE A APPARTEMENTS;NA;;;';;';;Y;;;;'26/03/2020 14:34:24
;;;Zoning;6807712;'20200127134349;W03-C-Antwerpen-West-FH08;6807712;'20200127134349;W03-C-Antwerpen-West-FH08;19085;FTTH-Cu;;';';;;;;;;710538;'20200326153603;49006;'1630000;'35825;Zwaardstraat;'14;';2000;Antwerpen;;'152235,961;'211825,538;';Y;NA;4;4;Unknown;Unknown;;None;;;';IFH_BATCH;'26/03/2020 15:01:33;;Y;;;;'26/03/2020 14:34:24;9;1655065;;LU;1;';';';';';Y;;APTBLD;APPARTEMENTSGEBOUW - IMMEUBLE A APPARTEMENTS;NA;;;';;';;Y;;;;'26/03/2020 14:34:24
;;;Zoning;6807712;'20200127134349;W03-C-Antwerpen-West-FH08;6807712;'20200127134349;W03-C-Antwerpen-West-FH08;19085;FTTH-Cu;;';';;;;;;;710538;'20200326153603;49006;'1630000;'35825;Zwaardstraat;'14;';2000;Antwerpen;;'152235,961;'211825,538;';Y;NA;4;4;Unknown;Unknown;;None;;;';IFH_BATCH;'26/03/2020 15:01:33;;Y;;;;'26/03/2020 14:34:24;10;1655066;;LU;1;';';';';';Y;;APTBLD;APPARTEMENTSGEBOUW - IMMEUBLE A APPARTEMENTS;NA;;;';;';;Y;;;;'26/03/2020 14:34:24
;;;Zoning;6807712;'20200127134349;W03-C-Antwerpen-West-FH08;6807712;'20200127134349;W03-C-Antwerpen-West-FH08;19085;FTTH-Cu;;';';;;;;;;7093500;'20200326153609;1732169;'1630000;'25;Aalmoezenierstraat;'20;';2000;Antwerpen - Anvers;;'152120,969;'211591,868;';Y;NA;4;4;Unknown;Unknown;;None;;;';IFH_BATCH;'26/03/2020 14:56:43;;Y;;;;'26/03/2020 14:34:24;4;10410584;;BU;1;';';';';';Y;;COMM;HANDELSZAAK - COMMERCE;NA;;;';;';;Y;;;;'26/03/2020 14:34:24
;;;Zoning;6807712;'20200127134349;W03-C-Antwerpen-West-FH08;6807712;'20200127134349;W03-C-Antwerpen-West-FH08;19085;FTTH-Cu;;';';;;;;;;7093500;'20200326153609;1732169;'1630000;'25;Aalmoezenierstraat;'20;';2000;Antwerpen - Anvers;;'152120,969;'211591,868;';Y;NA;4;4;Unknown;Unknown;;None;;;';IFH_BATCH;'26/03/2020 14:56:43;;Y;;;;'26/03/2020 14:34:24;5;10410585;;BU;1;';';';';';Y;;COMM;HANDELSZAAK - COMMERCE;NA;;;';;';;Y;;;;'26/03/2020 14:34:24
;;;Zoning;6807712;'20200127134349;W03-C-Antwerpen-West-FH08;6807712;'20200127134349;W03-C-Antwerpen-West-FH08;19085;FTTH-Cu;;';';;;;;;;7093500;'20200326153609;1732169;'1630000;'25;Aalmoezenierstraat;'20;';2000;Antwerpen - Anvers;;'152120,969;'211591,868;';Y;NA;4;4;Unknown;Unknown;;None;;;';IFH_BATCH;'26/03/2020 14:56:43;;Y;;;;'26/03/2020 14:34:24;6;10410586;;BU;1;';';';';';Y;;COMM;HANDELSZAAK - COMMERCE;NA;;;';;';;Y;;;;'26/03/2020 14:34:24
;;;Zoning;6807712;'20200127134349;W03-C-Antwerpen-West-FH08;6807712;'20200127134349;W03-C-Antwerpen-West-FH08;19085;FTTH-Cu;;';';;;;;;;7093500;'20200326153609;1732169;'1630000;'25;Aalmoezenierstraat;'20;';2000;Antwerpen - Anvers;;'152120,969;'211591,868;';Y;NA;4;4;Unknown;Unknown;;None;;;';IFH_BATCH;'26/03/2020 14:56:43;;Y;;;;'26/03/2020 14:34:24;7;10410587;;BU;1;';';';';';Y;;COMM;HANDELSZAAK - COMMERCE;NA;;;';;';;Y;;;;'26/03/2020 14:34:24
;;;Zoning;6807712;'20200127134349;W03-C-Antwerpen-West-FH08;6807712;'20200127134349;W03-C-Antwerpen-West-FH08;19085;FTTH-Cu;;';';;;;;;;7093501;'20200326153609;1732201;'1630000;'25;Aalmoezenierstraat;'73;';2000;Antwerpen - Anvers;;'152279,225;'211581,748;';Y;NA;4;4;Unknown;Unknown;;None;;;';IFH_BATCH;'26/03/2020 14:56:41;;Y;;;;'26/03/2020 14:34:24;2;10410253;;LU;1;';';';';';Y;;APTBLD;APPARTEMENTSGEBOUW - IMMEUBLE A APPARTEMENTS;NA;;;';;';;Y;;;;'26/03/2020 14:34:24
;;;Zoning;6807712;'20200127134349;W03-C-Antwerpen-West-FH08;6807712;'20200127134349;W03-C-Antwerpen-West-FH08;19085;FTTH-Cu;;';';;;;;;;7093501;'20200326153609;1732201;'1630000;'25;Aalmoezenierstraat;'73;';2000;Antwerpen - Anvers;;'152279,225;'211581,748;';Y;NA;4;4;Unknown;Unknown;;None;;;';IFH_BATCH;'26/03/2020 14:56:41;;Y;;;;'26/03/2020 14:34:24;3;10410254;;LU;1;';';';';';Y;;APTBLD;APPARTEMENTSGEBOUW - IMMEUBLE A APPARTEMENTS;NA;;;';;';;Y;;;;'26/03/2020 14:34:24
;;;Zoning;6807712;'20200127134349;W03-C-Antwerpen-West-FH08;6807712;'20200127134349;W03-C-Antwerpen-West-FH08;19085;FTTH-Cu;;';';;;;;;;7093501;'20200326153609;1732201;'1630000;'25;Aalmoezenierstraat;'73;';2000;Antwerpen - Anvers;;'152279,225;'211581,748;';Y;NA;4;4;Unknown;Unknown;;None;;;';IFH_BATCH;'26/03/2020 14:56:41;;Y;;;;'26/03/2020 14:34:24;4;10410255;;LU;1;';';';';';Y;;APTBLD;APPARTEMENTSGEBOUW - IMMEUBLE A APPARTEMENTS;NA;;;';;';;Y;;;;'26/03/2020 14:34:24
;;;Zoning;6807712;'20200127134349;W03-C-Antwerpen-West-FH08;6807712;'20200127134349;W03-C-Antwerpen-West-FH08;19085;FTTH-Cu;;';';;;;;;;7093501;'20200326153609;1732201;'1630000;'25;Aalmoezenierstraat;'73;';2000;Antwerpen - Anvers;;'152279,225;'211581,748;';Y;NA;4;4;Unknown;Unknown;;None;;;';IFH_BATCH;'26/03/2020 14:56:41;;Y;;;;'26/03/2020 14:34:24;5;10410256;;LU;1;';';';';';Y;;APTBLD;APPARTEMENTSGEBOUW - IMMEUBLE A APPARTEMENTS;NA;;;';;';;Y;;;;'26/03/2020 14:34:24
;;;Zoning;6807712;'20200127134349;W03-C-Antwerpen-West-FH08;6807712;'20200127134349;W03-C-Antwerpen-West-FH08;19085;FTTH-Cu;;';';;;;;;;7093558;'20200326153610;49171;'1630000;'1640;Begijnenstraat;'52;';2000;Antwerpen - Anvers;;'152221,348;'211412,569;';Y;NA;2;4;Unknown;Unknown;;None;;;';IFH_BATCH;'26/03/2020 14:51:48;;Y;;;;'26/03/2020 14:34:24;1;10364812;;BU;1;';';';';';Y;;INDU;NIJVERHEIDSGEBOUW - ENTREPRISE INDUSTRIELLE;NA;;;';;';;Y;;;;'26/03/2020 14:34:24
;;;Zoning;6807712;'20200127134349;W03-C-Antwerpen-West-FH08;6807712;'20200127134349;W03-C-Antwerpen-West-FH08;19085;FTTH-Cu;;';';;;;;;;7093539;'20200326153610;4003448;'1630000;'3076;Bogaardestraat;'10;';2000;Antwerpen - Anvers;;'152197,103;'211723,761;';Y;NA;2;4;Unknown;Unknown;;None;;;';IFH_BATCH;'26/03/2020 15:01:07;;Y;;;;'26/03/2020 14:34:24;1;10366170;;BU;1;';';';';';Y;;COMM;HANDELSZAAK - COMMERCE;NA;;;';;';;Y;;;;'26/03/2020 14:34:24
;;;Zoning;6807712;'20200127134349;W03-C-Antwerpen-West-FH08;6807712;'20200127134349;W03-C-Antwerpen-West-FH08;19085;FTTH-Cu;;';';;;;;;;7093550;'20200326153610;4511169;'1630000;'3076;Bogaardestraat;'27;';2000;Antwerpen - Anvers;;'152215,247;'211672,551;';Y;NA;4;4;Unknown;Unknown;;None;;;';IFH_BATCH;'26/03/2020 15:01:19;;Y;;;;'26/03/2020 14:34:24;1;10358671;;LU;1;';';';';';Y;;HOUSE;WONING - MAISON;NA;;;';;';;Y;;;;'26/03/2020 14:34:24
;;;Zoning;6807712;'20200127134349;W03-C-Antwerpen-West-FH08;6807712;'20200127134349;W03-C-Antwerpen-West-FH08;19085;FTTH-Cu;;';';;;;;;;7093550;'20200326153610;4511169;'1630000;'3076;Bogaardestraat;'27;';2000;Antwerpen - Anvers;;'152215,247;'211672,551;';Y;NA;4;4;Unknown;Unknown;;None;;;';IFH_BATCH;'26/03/2020 15:01:19;;Y;;;;'26/03/2020 14:34:24;2;10358672;;LU;1;';';';';';Y;;HOUSE;WONING - MAISON;NA;;;';;';;Y;;;;'26/03/2020 14:34:24
;;;Zoning;6807712;'20200127134349;W03-C-Antwerpen-West-FH08;6807712;'20200127134349;W03-C-Antwerpen-West-FH08;19085;FTTH-Cu;;';';;;;;;;7093550;'20200326153610;4511169;'1630000;'3076;Bogaardestraat;'27;';2000;Antwerpen - Anvers;;'152215,247;'211672,551;';Y;NA;4;4;Unknown;Unknown;;None;;;';IFH_BATCH;'26/03/2020 15:01:19;;Y;;;;'26/03/2020 14:34:24;3;10358673;;LU;1;';';';';';Y;;HOUSE;WONING - MAISON;NA;;;';;';;Y;;;;'26/03/2020 14:34:24
;;;Zoning;6807712;'20200127134349;W03-C-Antwerpen-West-FH08;6807712;'20200127134349;W03-C-Antwerpen-West-FH08;19085;FTTH-Cu;;';';;;;;;;7093511;'20200326153609;1778796;'1630000;'3955;Bredestraat;'20;';2000;Antwerpen - Anvers;;'152319,146;'211639,838;';Y;NA;4;4;Unknown;Unknown;;None;;;';IFH_BATCH;'26/03/2020 15:01:45;;Y;;;;'26/03/2020 14:34:24;1;1698381;;LU;1;';';';';';Y;;APTBLD;APPARTEMENTSGEBOUW - IMMEUBLE A APPARTEMENTS;NA;;;';;';;Y;;;;'26/03/2020 14:34:24
;;;Zoning;6807712;'20200127134349;W03-C-Antwerpen-West-FH08;6807712;'20200127134349;W03-C-Antwerpen-West-FH08;19085;FTTH-Cu;;';';;;;;;;7093511;'20200326153609;1778796;'1630000;'3955;Bredestraat;'20;';2000;Antwerpen - Anvers;;'152319,146;'211639,838;';Y;NA;4;4;Unknown;Unknown;;None;;;';IFH_BATCH;'26/03/2020 15:01:45;;Y;;;;'26/03/2020 14:34:24;2;10362269;;LU;1;';';';';';Y;;APTBLD;APPARTEMENTSGEBOUW - IMMEUBLE A APPARTEMENTS;NA;;;';;';;Y;;;;'26/03/2020 14:34:24
;;;Zoning;6807712;'20200127134349;W03-C-Antwerpen-West-FH08;6807712;'20200127134349;W03-C-Antwerpen-West-FH08;19085;FTTH-Cu;;';';;;;;;;7093511;'20200326153609;1778796;'1630000;'3955;Bredestraat;'20;';2000;Antwerpen - Anvers;;'152319,146;'211639,838;';Y;NA;4;4;Unknown;Unknown;;None;;;';IFH_BATCH;'26/03/2020 15:01:45;;Y;;;;'26/03/2020 14:34:24;3;10362270;;LU;1;';';';';';Y;;APTBLD;APPARTEMENTSGEBOUW - IMMEUBLE A APPARTEMENTS;NA;;;';;';;Y;;;;'26/03/2020 14:34:24
;;;Zoning;6807712;'20200127134349;W03-C-Antwerpen-West-FH08;6807712;'20200127134349;W03-C-Antwerpen-West-FH08;19085;FTTH-Cu;;';';;;;;;;7093551;'20200326153610;4511236;'1630000;'3955;Bredestraat;'22;';2000;Antwerpen - Anvers;;'152318,123;'211636,061;';Y;NA;4;4;Unknown;Unknown;;None;;;';IFH_BATCH;'26/03/2020 15:01:57;;Y;;;;'26/03/2020 14:34:24;1;1708433;;LU;1;';';';';';Y;;HOUSE;WONING - MAISON;NA;;;';;';;Y;;;;'26/03/2020 14:34:24
;;;Zoning;6807712;'20200127134349;W03-C-Antwerpen-West-FH08;6807712;'20200127134349;W03-C-Antwerpen-West-FH08;19085;FTTH-Cu;;';';;;;;;;7093551;'20200326153610;4511236;'1630000;'3955;Bredestraat;'22;';2000;Antwerpen - Anvers;;'152318,123;'211636,061;';Y;NA;4;4;Unknown;Unknown;;None;;;';IFH_BATCH;'26/03/2020 15:01:57;;Y;;;;'26/03/2020 14:34:24;2;10357895;;LU;1;';';';';';Y;;HOUSE;WONING - MAISON;NA;;;';;';;Y;;;;'26/03/2020 14:34:24
;;;Zoning;6807712;'20200127134349;W03-C-Antwerpen-West-FH08;6807712;'20200127134349;W03-C-Antwerpen-West-FH08;19085;FTTH-Cu;;';';;;;;;;7093551;'20200326153610;4511236;'1630000;'3955;Bredestraat;'22;';2000;Antwerpen - Anvers;;'152318,123;'211636,061;';Y;NA;4;4;Unknown;Unknown;;None;;;';IFH_BATCH;'26/03/2020 15:01:57;;Y;;;;'26/03/2020 14:34:24;3;10357896;;LU;1;';';';';';Y;;HOUSE;WONING - MAISON;NA;;;';;';;Y;;;;'26/03/2020 14:34:24
;;;Zoning;6807712;'20200127134349;W03-C-Antwerpen-West-FH08;6807712;'20200127134349;W03-C-Antwerpen-West-FH08;19085;FTTH-Cu;;';';;;;;;;7093559;'20200326153610;49201;'1630000;'3955;Bredestraat;'30;';2000;Antwerpen - Anvers;;'152313,951;'211607,638;';Y;NA;2;4;Unknown;Unknown;;None;;;';IFH_BATCH;'26/03/2020 15:02:01;;Y;;;;'26/03/2020 14:34:24;1;1744909;;BU;1;';';';';';Y;;COMM;HANDELSZAAK - COMMERCE;NA;;;';;';;Y;;;;'26/03/2020 14:34:24
;;;Zoning;6807712;'20200127134349;W03-C-Antwerpen-West-FH08;6807712;'20200127134349;W03-C-Antwerpen-West-FH08;19085;FTTH-Cu;;';';;;;;;;7093512;'20200326153609;1778846;'1630000;'3955;Bredestraat;'42;';2000;Antwerpen - Anvers;;'152308,677;'211585,309;';Y;NA;2;4;Unknown;Unknown;;None;;;';IFH_BATCH;'26/03/2020 15:01:51;;Y;;;;'26/03/2020 14:34:24;1;1783343;;LU;1;';';';';';Y;;HOUSE;WONING - MAISON;NA;;;';;';;Y;;;;'26/03/2020 14:34:24
;;;Zoning;6807712;'20200127134349;W03-C-Antwerpen-West-FH08;6807712;'20200127134349;W03-C-Antwerpen-West-FH08;19085;FTTH-Cu;;';';;;;;;;7093515;'20200326153609;1934042;'1630000;'11411;Happaertstraat;'10;';2000;Antwerpen - Anvers;;'152262,338;'211689,729;';Y;NA;4;4;Unknown;Unknown;;None;;;';IFH_BATCH;'26/03/2020 14:49:24;;Y;;;;'26/03/2020 14:34:24;1;1618976;;LU;1;';';';';';Y;#S.2/H/10.13.24;APPART;DEEL_APP_GEBOUW - PARTIE_IMMEUBLE_APP;;;;';;';;Y;;;;'26/03/2020 14:34:24
;;;Zoning;6807712;'20200127134349;W03-C-Antwerpen-West-FH08;6807712;'20200127134349;W03-C-Antwerpen-West-FH08;19085;FTTH-Cu;;';';;;;;;;7093515;'20200326153609;1934042;'1630000;'11411;Happaertstraat;'10;';2000;Antwerpen - Anvers;;'152262,338;'211689,729;';Y;NA;4;4;Unknown;Unknown;;None;;;';IFH_BATCH;'26/03/2020 14:49:24;;Y;;;;'26/03/2020 14:34:24;2;1618977;;LU;1;';';';';';Y;#S.2/H/11.12;APPART;DEEL_APP_GEBOUW - PARTIE_IMMEUBLE_APP;;;;';;';;Y;;;;'26/03/2020 14:34:24
;;;Zoning;6807712;'20200127134349;W03-C-Antwerpen-West-FH08;6807712;'20200127134349;W03-C-Antwerpen-West-FH08;19085;FTTH-Cu;;';';;;;;;;7093515;'20200326153609;1934042;'1630000;'11411;Happaertstraat;'10;';2000;Antwerpen - Anvers;;'152262,338;'211689,729;';Y;NA;4;4;Unknown;Unknown;;None;;;';IFH_BATCH;'26/03/2020 14:49:24;;Y;;;;'26/03/2020 14:34:24;3;1618979;;LU;1;';';';';';Y;#S.2/H/1@4;APPART;DEEL_APP_GEBOUW - PARTIE_IMMEUBLE_APP;;;;';;';;Y;;;;'26/03/2020 14:34:24
;;;Zoning;6807712;'20200127134349;W03-C-Antwerpen-West-FH08;6807712;'20200127134349;W03-C-Antwerpen-West-FH08;19085;FTTH-Cu;;';';;;;;;;7093515;'20200326153609;1934042;'1630000;'11411;Happaertstraat;'10;';2000;Antwerpen - Anvers;;'152262,338;'211689,729;';Y;NA;4;4;Unknown;Unknown;;None;;;';IFH_BATCH;'26/03/2020 14:49:24;;Y;;;;'26/03/2020 14:34:24;4;1618980;;LU;1;';';';';';Y;#S.2/H/5.6.8.14@16.21@23;APPART;DEEL_APP_GEBOUW - PARTIE_IMMEUBLE_APP;;;;';;';;Y;;;;'26/03/2020 14:34:24
;;;Zoning;6807712;'20200127134349;W03-C-Antwerpen-West-FH08;6807712;'20200127134349;W03-C-Antwerpen-West-FH08;19085;FTTH-Cu;;';';;;;;;;7093515;'20200326153609;1934042;'1630000;'11411;Happaertstraat;'10;';2000;Antwerpen - Anvers;;'152262,338;'211689,729;';Y;NA;4;4;Unknown;Unknown;;None;;;';IFH_BATCH;'26/03/2020 14:49:24;;Y;;;;'26/03/2020 14:34:24;5;1618981;;LU;1;';';';';';Y;#S.2/H/7;APPART;DEEL_APP_GEBOUW - PARTIE_IMMEUBLE_APP;;;;';;';;Y;;;;'26/03/2020 14:34:24
;;;Zoning;6807712;'20200127134349;W03-C-Antwerpen-West-FH08;6807712;'20200127134349;W03-C-Antwerpen-West-FH08;19085;FTTH-Cu;;';';;;;;;;7093515;'20200326153609;1934042;'1630000;'11411;Happaertstraat;'10;';2000;Antwerpen - Anvers;;'152262,338;'211689,729;';Y;NA;4;4;Unknown;Unknown;;None;;;';IFH_BATCH;'26/03/2020 14:49:24;;Y;;;;'26/03/2020 14:34:24;6;1618982;;LU;1;';';';';';Y;#S.2/H/9;APPART;DEEL_APP_GEBOUW - PARTIE_IMMEUBLE_APP;;;;';;';;Y;;;;'26/03/2020 14:34:24
;;;Zoning;6807712;'20200127134349;W03-C-Antwerpen-West-FH08;6807712;'20200127134349;W03-C-Antwerpen-West-FH08;19085;FTTH-Cu;;';';;;;;;;7093515;'20200326153609;1934042;'1630000;'11411;Happaertstraat;'10;';2000;Antwerpen - Anvers;;'152262,338;'211689,729;';Y;NA;4;4;Unknown;Unknown;;None;;;';IFH_BATCH;'26/03/2020 14:49:24;;Y;;;;'26/03/2020 14:34:24;7;1618992;;LU;1;';';';';';Y;#S.GV/D/22;APPART;DEEL_APP_GEBOUW - PARTIE_IMMEUBLE_APP;;;;';;';;Y;;;;'26/03/2020 14:34:24
;;;Zoning;6807712;'20200127134349;W03-C-Antwerpen-West-FH08;6807712;'20200127134349;W03-C-Antwerpen-West-FH08;19085;FTTH-Cu;;';';;;;;;;7093515;'20200326153609;1934042;'1630000;'11411;Happaertstraat;'10;';2000;Antwerpen - Anvers;;'152262,338;'211689,729;';Y;NA;4;4;Unknown;Unknown;;None;;;';IFH_BATCH;'26/03/2020 14:49:24;;Y;;;;'26/03/2020 14:34:24;8;1618993;;LU;1;';';';';';Y;#S.GV/D/23;APPART;DEEL_APP_GEBOUW - PARTIE_IMMEUBLE_APP;;;;';;';;Y;;;;'26/03/2020 14:34:24
;;;Zoning;6807712;'20200127134349;W03-C-Antwerpen-West-FH08;6807712;'20200127134349;W03-C-Antwerpen-West-FH08;19085;FTTH-Cu;;';';;;;;;;7093515;'20200326153609;1934042;'1630000;'11411;Happaertstraat;'10;';2000;Antwerpen - Anvers;;'152262,338;'211689,729;';Y;NA;4;4;Unknown;Unknown;;None;;;';IFH_BATCH;'26/03/2020 14:49:24;;Y;;;;'26/03/2020 14:34:24;9;1618994;;LU;1;';';';';';Y;#S.GV/D/24.25;APPART;DEEL_APP_GEBOUW - PARTIE_IMMEUBLE_APP;;;;';;';;Y;;;;'26/03/2020 14:34:24
;;;Zoning;6807712;'20200127134349;W03-C-Antwerpen-West-FH08;6807712;'20200127134349;W03-C-Antwerpen-West-FH08;19085;FTTH-Cu;;';';;;;;;;7093515;'20200326153609;1934042;'1630000;'11411;Happaertstraat;'10;';2000;Antwerpen - Anvers;;'152262,338;'211689,729;';Y;NA;4;4;Unknown;Unknown;;None;;;';IFH_BATCH;'26/03/2020 14:49:24;;Y;;;;'26/03/2020 14:34:24;10;1618998;;LU;1;';';';';';Y;#S.OG/A/1.7&12-S.OG/B/7.8;APPART;DEEL_APP_GEBOUW - PARTIE_IMMEUBLE_APP;;;;';;';;Y;;;;'26/03/2020 14:34:24
;;;Zoning;6807712;'20200127134349;W03-C-Antwerpen-West-FH08;6807712;'20200127134349;W03-C-Antwerpen-West-FH08;19085;FTTH-Cu;;';';;;;;;;7093515;'20200326153609;1934042;'1630000;'11411;Happaertstraat;'10;';2000;Antwerpen - Anvers;;'152262,338;'211689,729;';Y;NA;4;4;Unknown;Unknown;;None;;;';IFH_BATCH;'26/03/2020 14:49:24;;Y;;;;'26/03/2020 14:34:24;11;1618999;;LU;1;';';';';';Y;#S.OG/A/13;APPART;DEEL_APP_GEBOUW - PARTIE_IMMEUBLE_APP;;;;';;';;Y;;;;'26/03/2020 14:34:24
;;;Zoning;6807712;'20200127134349;W03-C-Antwerpen-West-FH08;6807712;'20200127134349;W03-C-Antwerpen-West-FH08;19085;FTTH-Cu;;';';;;;;;;7093515;'20200326153609;1934042;'1630000;'11411;Happaertstraat;'10;';2000;Antwerpen - Anvers;;'152262,338;'211689,729;';Y;NA;4;4;Unknown;Unknown;;None;;;';IFH_BATCH;'26/03/2020 14:49:24;;Y;;;;'26/03/2020 14:34:24;12;1619000;;LU;1;';';';';';Y;#S.OG/A/14.15;APPART;DEEL_APP_GEBOUW - PARTIE_IMMEUBLE_APP;;;;';;';;Y;;;;'26/03/2020 14:34:24
;;;Zoning;6807712;'20200127134349;W03-C-Antwerpen-West-FH08;6807712;'20200127134349;W03-C-Antwerpen-West-FH08;19085;FTTH-Cu;;';';;;;;;;7093515;'20200326153609;1934042;'1630000;'11411;Happaertstraat;'10;';2000;Antwerpen - Anvers;;'152262,338;'211689,729;';Y;NA;4;4;Unknown;Unknown;;None;;;';IFH_BATCH;'26/03/2020 14:49:24;;Y;;;;'26/03/2020 14:34:24;13;1619001;;LU;1;';';';';';Y;#S.OG/A/16;APPART;DEEL_APP_GEBOUW - PARTIE_IMMEUBLE_APP;;;;';;';;Y;;;;'26/03/2020 14:34:24
;;;Zoning;6807712;'20200127134349;W03-C-Antwerpen-West-FH08;6807712;'20200127134349;W03-C-Antwerpen-West-FH08;19085;FTTH-Cu;;';';;;;;;;7093515;'20200326153609;1934042;'1630000;'11411;Happaertstraat;'10;';2000;Antwerpen - Anvers;;'152262,338;'211689,729;';Y;NA;4;4;Unknown;Unknown;;None;;;';IFH_BATCH;'26/03/2020 14:49:24;;Y;;;;'26/03/2020 14:34:24;14;1619002;;LU;1;';';';';';Y;#S.OG/A/17;APPART;DEEL_APP_GEBOUW - PARTIE_IMMEUBLE_APP;;;;';;';;Y;;;;'26/03/2020 14:34:24
;;;Zoning;6807712;'20200127134349;W03-C-Antwerpen-West-FH08;6807712;'20200127134349;W03-C-Antwerpen-West-FH08;19085;FTTH-Cu;;';';;;;;;;7093515;'20200326153609;1934042;'1630000;'11411;Happaertstraat;'10;';2000;Antwerpen - Anvers;;'152262,338;'211689,729;';Y;NA;4;4;Unknown;Unknown;;None;;;';IFH_BATCH;'26/03/2020 14:49:24;;Y;;;;'26/03/2020 14:34:24;15;1619003;;LU;1;';';';';';Y;#S.OG/A/18;APPART;DEEL_APP_GEBOUW - PARTIE_IMMEUBLE_APP;;;;';;';;Y;;;;'26/03/2020 14:34:24
;;;Zoning;6807712;'20200127134349;W03-C-Antwerpen-West-FH08;6807712;'20200127134349;W03-C-Antwerpen-West-FH08;19085;FTTH-Cu;;';';;;;;;;7093515;'20200326153609;1934042;'1630000;'11411;Happaertstraat;'10;';2000;Antwerpen - Anvers;;'152262,338;'211689,729;';Y;NA;4;4;Unknown;Unknown;;None;;;';IFH_BATCH;'26/03/2020 14:49:24;;Y;;;;'26/03/2020 14:34:24;16;1619005;;LU;1;';';';';';Y;#S.OG/A/2.3;APPART;DEEL_APP_GEBOUW - PARTIE_IMMEUBLE_APP;;;;';;';;Y;;;;'26/03/2020 14:34:24
;;;Zoning;6807712;'20200127134349;W03-C-Antwerpen-West-FH08;6807712;'20200127134349;W03-C-Antwerpen-West-FH08;19085;FTTH-Cu;;';';;;;;;;7093515;'20200326153609;1934042;'1630000;'11411;Happaertstraat;'10;';2000;Antwerpen - Anvers;;'152262,338;'211689,729;';Y;NA;4;4;Unknown;Unknown;;None;;;';IFH_BATCH;'26/03/2020 14:49:24;;Y;;;;'26/03/2020 14:34:24;17;1619006;;LU;1;';';';';';Y;#S.OG/A/4;APPART;DEEL_APP_GEBOUW - PARTIE_IMMEUBLE_APP;;;;';;';;Y;;;;'26/03/2020 14:34:24
;;;Zoning;6807712;'20200127134349;W03-C-Antwerpen-West-FH08;6807712;'20200127134349;W03-C-Antwerpen-West-FH08;19085;FTTH-Cu;;';';;;;;;;7093515;'20200326153609;1934042;'1630000;'11411;Happaertstraat;'10;';2000;Antwerpen - Anvers;;'152262,338;'211689,729;';Y;NA;4;4;Unknown;Unknown;;None;;;';IFH_BATCH;'26/03/2020 14:49:24;;Y;;;;'26/03/2020 14:34:24;18;1619007;;LU;1;';';';';';Y;#S.OG/A/5;APPART;DEEL_APP_GEBOUW - PARTIE_IMMEUBLE_APP;;;;';;';;Y;;;;'26/03/2020 14:34:24
;;;Zoning;6807712;'20200127134349;W03-C-Antwerpen-West-FH08;6807712;'20200127134349;W03-C-Antwerpen-West-FH08;19085;FTTH-Cu;;';';;;;;;;7093515;'20200326153609;1934042;'1630000;'11411;Happaertstraat;'10;';2000;Antwerpen - Anvers;;'152262,338;'211689,729;';Y;NA;4;4;Unknown;Unknown;;None;;;';IFH_BATCH;'26/03/2020 14:49:24;;Y;;;;'26/03/2020 14:34:24;19;1619008;;LU;1;';';';';';Y;#S.OG/A/6;APPART;DEEL_APP_GEBOUW - PARTIE_IMMEUBLE_APP;;;;';;';;Y;;;;'26/03/2020 14:34:24
;;;Zoning;6807712;'20200127134349;W03-C-Antwerpen-West-FH08;6807712;'20200127134349;W03-C-Antwerpen-West-FH08;19085;FTTH-Cu;;';';;;;;;;7093515;'20200326153609;1934042;'1630000;'11411;Happaertstraat;'10;';2000;Antwerpen - Anvers;;'152262,338;'211689,729;';Y;NA;4;4;Unknown;Unknown;;None;;;';IFH_BATCH;'26/03/2020 14:49:24;;Y;;;;'26/03/2020 14:34:24;20;1619013;;LU;1;';';';';';Y;#SOG/B/24&27-SGV/D/1&21-S.3/I/15&;APPART;DEEL_APP_GEBOUW - PARTIE_IMMEUBLE_APP;;;;';;';;Y;;;;'26/03/2020 14:34:24
;;;Zoning;6807712;'20200127134349;W03-C-Antwerpen-West-FH08;6807712;'20200127134349;W03-C-Antwerpen-West-FH08;19085;FTTH-Cu;;';';;;;;;;7093515;'20200326153609;1934042;'1630000;'11411;Happaertstraat;'10;';2000;Antwerpen - Anvers;;'152262,338;'211689,729;';Y;NA;4;4;Unknown;Unknown;;None;;;';IFH_BATCH;'26/03/2020 14:49:24;;Y;;;;'26/03/2020 14:34:24;21;10371057;;LU;1;';';';';';Y;#S.2/H/17;APPART;DEEL_APP_GEBOUW - PARTIE_IMMEUBLE_APP;;;;';;';;Y;;;;'26/03/2020 14:34:24
;;;Zoning;6807712;'20200127134349;W03-C-Antwerpen-West-FH08;6807712;'20200127134349;W03-C-Antwerpen-West-FH08;19085;FTTH-Cu;;';';;;;;;;7093515;'20200326153609;1934042;'1630000;'11411;Happaertstraat;'10;';2000;Antwerpen - Anvers;;'152262,338;'211689,729;';Y;NA;4;4;Unknown;Unknown;;None;;;';IFH_BATCH;'26/03/2020 14:49:24;;Y;;;;'26/03/2020 14:34:24;22;10371058;;LU;1;';';';';';Y;#S.2/H/18;APPART;DEEL_APP_GEBOUW - PARTIE_IMMEUBLE_APP;;;;';;';;Y;;;;'26/03/2020 14:34:24
;;;Zoning;6807712;'20200127134349;W03-C-Antwerpen-West-FH08;6807712;'20200127134349;W03-C-Antwerpen-West-FH08;19085;FTTH-Cu;;';';;;;;;;7093515;'20200326153609;1934042;'1630000;'11411;Happaertstraat;'10;';2000;Antwerpen - Anvers;;'152262,338;'211689,729;';Y;NA;4;4;Unknown;Unknown;;None;;;';IFH_BATCH;'26/03/2020 14:49:24;;Y;;;;'26/03/2020 14:34:24;23;10371059;;LU;1;';';';';';Y;#S.2/H/19;APPART;DEEL_APP_GEBOUW - PARTIE_IMMEUBLE_APP;;;;';;';;Y;;;;'26/03/2020 14:34:24
;;;Zoning;6807712;'20200127134349;W03-C-Antwerpen-West-FH08;6807712;'20200127134349;W03-C-Antwerpen-West-FH08;19085;FTTH-Cu;;';';;;;;;;7093515;'20200326153609;1934042;'1630000;'11411;Happaertstraat;'10;';2000;Antwerpen - Anvers;;'152262,338;'211689,729;';Y;NA;4;4;Unknown;Unknown;;None;;;';IFH_BATCH;'26/03/2020 14:49:24;;Y;;;;'26/03/2020 14:34:24;24;10371060;;LU;1;';';';';';Y;#S.2/H/20;APPART;DEEL_APP_GEBOUW - PARTIE_IMMEUBLE_APP;;;;';;';;Y;;;;'26/03/2020 14:34:24
;;;Zoning;6807712;'20200127134349;W03-C-Antwerpen-West-FH08;6807712;'20200127134349;W03-C-Antwerpen-West-FH08;19085;FTTH-Cu;;';';;;;;;;7093515;'20200326153609;1934042;'1630000;'11411;Happaertstraat;'10;';2000;Antwerpen - Anvers;;'152262,338;'211689,729;';Y;NA;4;4;Unknown;Unknown;;None;;;';IFH_BATCH;'26/03/2020 14:49:24;;Y;;;;'26/03/2020 14:34:24;25;10375675;;LU;1;';';';';';Y;#S.OG/A/19@21/;APPART;DEEL_APP_GEBOUW - PARTIE_IMMEUBLE_APP;;;;';;';;Y;;;;'26/03/2020 14:34:24
;;;Zoning;6807712;'20200127134349;W03-C-Antwerpen-West-FH08;6807712;'20200127134349;W03-C-Antwerpen-West-FH08;19085;FTTH-Cu;;';';;;;;;;7093516;'20200326153609;1948493;'1630000;'13783;IJzerenwaag;'12;'A;2000;Antwerpen - Anvers;;'152229,508;'211868,4;';Y;NA;2;4;Unknown;Unknown;;None;;;';IFH_BATCH;'26/03/2020 14:50:07;;Y;;;;'26/03/2020 14:34:24;1;10364806;;BU;1;';';';';';Y;;INDU;NIJVERHEIDSGEBOUW - ENTREPRISE INDUSTRIELLE;NA;;;';;';;Y;;;;'26/03/2020 14:34:24
;;;Zoning;6807712;'20200127134349;W03-C-Antwerpen-West-FH08;6807712;'20200127134349;W03-C-Antwerpen-West-FH08;19085;FTTH-Cu;;';';;;;;;;7093555;'20200326153610;49019;'1630000;'13783;IJzerenwaag;'17;';2000;Antwerpen - Anvers;;'152225,993;'211886,571;';Y;NA;4;4;Unknown;Unknown;;None;;;';IFH_BATCH;'26/03/2020 14:50:25;;Y;;;;'26/03/2020 14:34:24;1;10410941;;LU;1;';';';';';Y;#A1/1/;APPART;DEEL_APP_GEBOUW - PARTIE_IMMEUBLE_APP;APPART;;;';;';;Y;;;;'26/03/2020 14:34:24
;;;Zoning;6807712;'20200127134349;W03-C-Antwerpen-West-FH08;6807712;'20200127134349;W03-C-Antwerpen-West-FH08;19085;FTTH-Cu;;';';;;;;;;7093555;'20200326153610;49019;'1630000;'13783;IJzerenwaag;'17;';2000;Antwerpen - Anvers;;'152225,993;'211886,571;';Y;NA;4;4;Unknown;Unknown;;None;;;';IFH_BATCH;'26/03/2020 14:50:25;;Y;;;;'26/03/2020 14:34:24;2;10411038;;LU;1;';';';';';Y;#A2/2/;APPART;DEEL_APP_GEBOUW - PARTIE_IMMEUBLE_APP;APPART;;;';;';;Y;;;;'26/03/2020 14:34:24
;;;Zoning;6807712;'20200127134349;W03-C-Antwerpen-West-FH08;6807712;'20200127134349;W03-C-Antwerpen-West-FH08;19085;FTTH-Cu;;';';;;;;;;7093555;'20200326153610;49019;'1630000;'13783;IJzerenwaag;'17;';2000;Antwerpen - Anvers;;'152225,993;'211886,571;';Y;NA;4;4;Unknown;Unknown;;None;;;';IFH_BATCH;'26/03/2020 14:50:25;;Y;;;;'26/03/2020 14:34:24;3;10411102;;LU;1;';';';';';Y;#A3/3/;APPART;DEEL_APP_GEBOUW - PARTIE_IMMEUBLE_APP;APPART;;;';;';;Y;;;;'26/03/2020 14:34:24
;;;Zoning;6807712;'20200127134349;W03-C-Antwerpen-West-FH08;6807712;'20200127134349;W03-C-Antwerpen-West-FH08;19085;FTTH-Cu;;';';;;;;;;7093517;'20200326153609;1959774;'1630000;'14410;Kammenstraat;'44;';2000;Antwerpen - Anvers;;'152232,317;'211890,222;';Y;NA;2;4;Unknown;Unknown;;None;;;';IFH_BATCH;'26/03/2020 14:50:36;;Y;;;;'26/03/2020 14:34:24;1;1786851;;BU;1;';';';';';Y;#HA.GV/O/;APPART;DEEL_APP_GEBOUW - PARTIE_IMMEUBLE_APP;COMM;;;';;';;Y;;;;'26/03/2020 14:34:24
;;;Zoning;6807712;'20200127134349;W03-C-Antwerpen-West-FH08;6807712;'20200127134349;W03-C-Antwerpen-West-FH08;19085;FTTH-Cu;;';';;;;;;;7093520;'20200326153609;1998305;'1630000;'19920;Kleine Markt;'10;';2000;Antwerpen - Anvers;;'152321,742;'211726,899;';Y;NA;4;4;Unknown;Unknown;;None;;;';IFH_BATCH;'26/03/2020 14:52:12;;Y;;;;'26/03/2020 14:34:24;1;1617643;;LU;1;';';';';';Y;#A1/1/K1/PK1;APPART;DEEL_APP_GEBOUW - PARTIE_IMMEUBLE_APP;APPART;;;';;';;Y;;;;'26/03/2020 14:34:24
;;;Zoning;6807712;'20200127134349;W03-C-Antwerpen-West-FH08;6807712;'20200127134349;W03-C-Antwerpen-West-FH08;19085;FTTH-Cu;;';';;;;;;;7093520;'20200326153609;1998305;'1630000;'19920;Kleine Markt;'10;';2000;Antwerpen - Anvers;;'152321,742;'211726,899;';Y;NA;4;4;Unknown;Unknown;;None;;;';IFH_BATCH;'26/03/2020 14:52:12;;Y;;;;'26/03/2020 14:34:24;2;1617974;;LU;1;';';';';';Y;#A2/2/K2/PK2;APPART;DEEL_APP_GEBOUW - PARTIE_IMMEUBLE_APP;APPART;;;';;';;Y;;;;'26/03/2020 14:34:24
;;;Zoning;6807712;'20200127134349;W03-C-Antwerpen-West-FH08;6807712;'20200127134349;W03-C-Antwerpen-West-FH08;19085;FTTH-Cu;;';';;;;;;;7093520;'20200326153609;1998305;'1630000;'19920;Kleine Markt;'10;';2000;Antwerpen - Anvers;;'152321,742;'211726,899;';Y;NA;4;4;Unknown;Unknown;;None;;;';IFH_BATCH;'26/03/2020 14:52:12;;Y;;;;'26/03/2020 14:34:24;3;1618926;;BU;1;';';';';';Y;#HA.GV/0/K0-PK0;APPART;DEEL_APP_GEBOUW - PARTIE_IMMEUBLE_APP;COMM;;;';;';;Y;;;;'26/03/2020 14:34:24
;;;Zoning;6807712;'20200127134349;W03-C-Antwerpen-West-FH08;6807712;'20200127134349;W03-C-Antwerpen-West-FH08;19085;FTTH-Cu;;';';;;;;;;7093520;'20200326153609;1998305;'1630000;'19920;Kleine Markt;'10;';2000;Antwerpen - Anvers;;'152321,742;'211726,899;';Y;NA;4;4;Unknown;Unknown;;None;;;';IFH_BATCH;'26/03/2020 14:52:12;;Y;;;;'26/03/2020 14:34:24;4;10372765;;LU;1;';';';';';Y;#A3.4/3/PK3;APPART;DEEL_APP_GEBOUW - PARTIE_IMMEUBLE_APP;APPART;;;';;';;Y;;;;'26/03/2020 14:34:24
;;;Zoning;6807712;'20200127134349;W03-C-Antwerpen-West-FH08;6807712;'20200127134349;W03-C-Antwerpen-West-FH08;19085;FTTH-Cu;;';';;;;;;;7093521;'20200326153609;2025238;'1630000;'22002;Nationalestraat;'79;';2000;Antwerpen - Anvers;;'152103,783;'211661,639;';Y;NA;4;4;Unknown;Unknown;;None;;;';IFH_BATCH;'26/03/2020 14:53:14;;Y;;;;'26/03/2020 14:34:24;1;1852061;;BU;1;';';';';';Y;#HA/GV;APPART;DEEL_APP_GEBOUW - PARTIE_IMMEUBLE_APP;COMM;;;';;';;Y;;;;'26/03/2020 14:34:24
;;;Zoning;6807712;'20200127134349;W03-C-Antwerpen-West-FH08;6807712;'20200127134349;W03-C-Antwerpen-West-FH08;19085;FTTH-Cu;;';';;;;;;;7093521;'20200326153609;2025238;'1630000;'22002;Nationalestraat;'79;';2000;Antwerpen - Anvers;;'152103,783;'211661,639;';Y;NA;4;4;Unknown;Unknown;;None;;;';IFH_BATCH;'26/03/2020 14:53:14;;Y;;;;'26/03/2020 14:34:24;2;10366858;;LU;1;';';';';';Y;#A4;APPART;DEEL_APP_GEBOUW - PARTIE_IMMEUBLE_APP;APPART;;;';;';;Y;;;;'26/03/2020 14:34:24
;;;Zoning;6807712;'20200127134349;W03-C-Antwerpen-West-FH08;6807712;'20200127134349;W03-C-Antwerpen-West-FH08;19085;FTTH-Cu;;';';;;;;;;7093521;'20200326153609;2025238;'1630000;'22002;Nationalestraat;'79;';2000;Antwerpen - Anvers;;'152103,783;'211661,639;';Y;NA;4;4;Unknown;Unknown;;None;;;';IFH_BATCH;'26/03/2020 14:53:14;;Y;;;;'26/03/2020 14:34:24;3;10367320;;LU;1;';';';';';Y;#A1/K1;APPART;DEEL_APP_GEBOUW - PARTIE_IMMEUBLE_APP;APPART;;;';;';;Y;;;;'26/03/2020 14:34:24
;;;Zoning;6807712;'20200127134349;W03-C-Antwerpen-West-FH08;6807712;'20200127134349;W03-C-Antwerpen-West-FH08;19085;FTTH-Cu;;';';;;;;;;7093521;'20200326153609;2025238;'1630000;'22002;Nationalestraat;'79;';2000;Antwerpen - Anvers;;'152103,783;'211661,639;';Y;NA;4;4;Unknown;Unknown;;None;;;';IFH_BATCH;'26/03/2020 14:53:14;;Y;;;;'26/03/2020 14:34:24;4;10367528;;LU;1;';';';';';Y;#A2/K2;APPART;DEEL_APP_GEBOUW - PARTIE_IMMEUBLE_APP;APPART;;;';;';;Y;;;;'26/03/2020 14:34:24
;;;Zoning;6807712;'20200127134349;W03-C-Antwerpen-West-FH08;6807712;'20200127134349;W03-C-Antwerpen-West-FH08;19085;FTTH-Cu;;';';;;;;;;7093521;'20200326153609;2025238;'1630000;'22002;Nationalestraat;'79;';2000;Antwerpen - Anvers;;'152103,783;'211661,639;';Y;NA;4;4;Unknown;Unknown;;None;;;';IFH_BATCH;'26/03/2020 14:53:14;;Y;;;;'26/03/2020 14:34:24;5;10367665;;LU;1;';';';';';Y;#A3/K3;APPART;DEEL_APP_GEBOUW - PARTIE_IMMEUBLE_APP;APPART;;;';;';;Y;;;;'26/03/2020 14:34:24
;;;Zoning;6807712;'20200127134349;W03-C-Antwerpen-West-FH08;6807712;'20200127134349;W03-C-Antwerpen-West-FH08;19085;FTTH-Cu;;';';;;;;;;7093522;'20200326153609;2025277;'1630000;'22002;Nationalestraat;'87;';2000;Antwerpen - Anvers;;'152093,114;'211633,949;';Y;NA;4;4;Unknown;Unknown;;None;;;';IFH_BATCH;'26/03/2020 14:53:22;;Y;;;;'26/03/2020 14:34:24;1;1862857;;LU;1;';';';';';Y;#KAVEL 2;APPART;DEEL_APP_GEBOUW - PARTIE_IMMEUBLE_APP;ROOM;;;';;';;Y;;;;'26/03/2020 14:34:24
;;;Zoning;6807712;'20200127134349;W03-C-Antwerpen-West-FH08;6807712;'20200127134349;W03-C-Antwerpen-West-FH08;19085;FTTH-Cu;;';';;;;;;;7093522;'20200326153609;2025277;'1630000;'22002;Nationalestraat;'87;';2000;Antwerpen - Anvers;;'152093,114;'211633,949;';Y;NA;4;4;Unknown;Unknown;;None;;;';IFH_BATCH;'26/03/2020 14:53:22;;Y;;;;'26/03/2020 14:34:24;2;10366725;;LU;1;';';';';';Y;#A1;APPART;DEEL_APP_GEBOUW - PARTIE_IMMEUBLE_APP;APPART;;;';;';;Y;;;;'26/03/2020 14:34:24
;;;Zoning;6807712;'20200127134349;W03-C-Antwerpen-West-FH08;6807712;'20200127134349;W03-C-Antwerpen-West-FH08;19085;FTTH-Cu;;';';;;;;;;7093522;'20200326153609;2025277;'1630000;'22002;Nationalestraat;'87;';2000;Antwerpen - Anvers;;'152093,114;'211633,949;';Y;NA;4;4;Unknown;Unknown;;None;;;';IFH_BATCH;'26/03/2020 14:53:22;;Y;;;;'26/03/2020 14:34:24;3;10366801;;LU;1;';';';';';Y;#A2;APPART;DEEL_APP_GEBOUW - PARTIE_IMMEUBLE_APP;APPART;;;';;';;Y;;;;'26/03/2020 14:34:24
;;;Zoning;6807712;'20200127134349;W03-C-Antwerpen-West-FH08;6807712;'20200127134349;W03-C-Antwerpen-West-FH08;19085;FTTH-Cu;;';';;;;;;;7093522;'20200326153609;2025277;'1630000;'22002;Nationalestraat;'87;';2000;Antwerpen - Anvers;;'152093,114;'211633,949;';Y;NA;4;4;Unknown;Unknown;;None;;;';IFH_BATCH;'26/03/2020 14:53:22;;Y;;;;'26/03/2020 14:34:24;4;10366838;;LU;1;';';';';';Y;#A3;APPART;DEEL_APP_GEBOUW - PARTIE_IMMEUBLE_APP;APPART;;;';;';;Y;;;;'26/03/2020 14:34:24
;;;Zoning;6807712;'20200127134349;W03-C-Antwerpen-West-FH08;6807712;'20200127134349;W03-C-Antwerpen-West-FH08;19085;FTTH-Cu;;';';;;;;;;7093522;'20200326153609;2025277;'1630000;'22002;Nationalestraat;'87;';2000;Antwerpen - Anvers;;'152093,114;'211633,949;';Y;NA;4;4;Unknown;Unknown;;None;;;';IFH_BATCH;'26/03/2020 14:53:22;;Y;;;;'26/03/2020 14:34:24;5;10366859;;LU;1;';';';';';Y;#A4;APPART;DEEL_APP_GEBOUW - PARTIE_IMMEUBLE_APP;APPART;;;';;';;Y;;;;'26/03/2020 14:34:24
;;;Zoning;6807712;'20200127134349;W03-C-Antwerpen-West-FH08;6807712;'20200127134349;W03-C-Antwerpen-West-FH08;19085;FTTH-Cu;;';';;;;;;;7093522;'20200326153609;2025277;'1630000;'22002;Nationalestraat;'87;';2000;Antwerpen - Anvers;;'152093,114;'211633,949;';Y;NA;4;4;Unknown;Unknown;;None;;;';IFH_BATCH;'26/03/2020 14:53:22;;Y;;;;'26/03/2020 14:34:24;6;10367891;;BU;1;';';';';';Y;#HA.GV;APPART;DEEL_APP_GEBOUW - PARTIE_IMMEUBLE_APP;COMM;;;';;';;Y;;;;'26/03/2020 14:34:24
;;;Zoning;6807712;'20200127134349;W03-C-Antwerpen-West-FH08;6807712;'20200127134349;W03-C-Antwerpen-West-FH08;19085;FTTH-Cu;;';';;;;;;;7093524;'20200326153559;2025400;'1630000;'22002;Nationalestraat;'125;';2000;Antwerpen - Anvers;;'152057,222;'211518,867;';Y;NA;2;4;Unknown;Unknown;;None;;;';IFH_BATCH;'26/03/2020 14:53:37;;Y;;;;'26/03/2020 14:34:24;1;10414938;;BU;1;';';';';';Y;#HA.GV/125-0/;APPART;DEEL_APP_GEBOUW - PARTIE_IMMEUBLE_APP;COMM;;;';;';;Y;;;;'26/03/2020 14:34:24
;;;Zoning;6807712;'20200127134349;W03-C-Antwerpen-West-FH08;6807712;'20200127134349;W03-C-Antwerpen-West-FH08;19085;FTTH-Cu;;';';;;;;;;7093525;'20200326153559;2025415;'1630000;'22002;Nationalestraat;'129;';2000;Antwerpen - Anvers;;'152055,078;'211512,618;';Y;NA;2;4;Unknown;Unknown;;None;;;';IFH_BATCH;'26/03/2020 14:53:39;;Y;;;;'26/03/2020 14:34:24;1;10414939;;BU;1;';';';';';Y;#HA.GV/129-0/;APPART;DEEL_APP_GEBOUW - PARTIE_IMMEUBLE_APP;COMM;;;';;';;Y;;;;'26/03/2020 14:34:24
;;;Zoning;6807712;'20200127134349;W03-C-Antwerpen-West-FH08;6807712;'20200127134349;W03-C-Antwerpen-West-FH08;19085;FTTH-Cu;;';';;;;;;;7093503;'20200326153609;1735355;'1630000;'686;Sint-Antoniusstraat;'27;';2000;Antwerpen - Anvers;;'152222,289;'211771,414;';Y;NA;2;4;Unknown;Unknown;;None;;;';IFH_BATCH;'26/03/2020 15:02:27;;Y;;;;'26/03/2020 14:34:24;1;10366429;;BU;1;';';';';';Y;;COMMUNAL;GEMEENSCHAPSVERBLIJF - ??;NA;;;';;';;Y;;;;'26/03/2020 14:34:24
;;;Zoning;6807712;'20200127134349;W03-C-Antwerpen-West-FH08;6807712;'20200127134349;W03-C-Antwerpen-West-FH08;19085;FTTH-Cu;;';';;;;;;;7093529;'20200326153609;2048073;'1630000;'26208;Sint-Rochusstraat;'6;';2000;Antwerpen - Anvers;;'152113,313;'211390,026;';Y;NA;2;4;Unknown;Unknown;;None;;;';IFH_BATCH;'26/03/2020 14:57:01;;Y;;;;'26/03/2020 14:34:24;1;1824205;;BU;1;';';';';';Y;;INDU;NIJVERHEIDSGEBOUW - ENTREPRISE INDUSTRIELLE;NA;;;';;';;Y;;;;'26/03/2020 14:34:24
;;;Zoning;6807712;'20200127134349;W03-C-Antwerpen-West-FH08;6807712;'20200127134349;W03-C-Antwerpen-West-FH08;19085;FTTH-Cu;;';';;;;;;;7093530;'20200326153609;2048075;'1630000;'26208;Sint-Rochusstraat;'7;';2000;Antwerpen - Anvers;;'152041,232;'211431,806;';Y;NA;2;4;Unknown;Unknown;;None;;;';IFH_BATCH;'26/03/2020 14:57:04;;Y;;;;'26/03/2020 14:34:24;1;1841850;;LU;1;';';';';';Y;;HOUSE;WONING - MAISON;NA;;;';;';;Y;;;;'26/03/2020 14:34:24
;;;Zoning;6807712;'20200127134349;W03-C-Antwerpen-West-FH08;6807712;'20200127134349;W03-C-Antwerpen-West-FH08;19085;FTTH-Cu;;';';;;;;;;7093531;'20200326153609;2048076;'1630000;'26208;Sint-Rochusstraat;'9;';2000;Antwerpen - Anvers;;'152044,969;'211432,234;';Y;NA;4;4;Unknown;Unknown;;None;;;';IFH_BATCH;'26/03/2020 14:57:07;;Y;;;;'26/03/2020 14:34:24;1;1867642;;LU;1;';';';';';Y;;HOUSE;WONING - MAISON;NA;;;';;';;Y;;;;'26/03/2020 14:34:24
;;;Zoning;6807712;'20200127134349;W03-C-Antwerpen-West-FH08;6807712;'20200127134349;W03-C-Antwerpen-West-FH08;19085;FTTH-Cu;;';';;;;;;;7093531;'20200326153609;2048076;'1630000;'26208;Sint-Rochusstraat;'9;';2000;Antwerpen - Anvers;;'152044,969;'211432,234;';Y;NA;4;4;Unknown;Unknown;;None;;;';IFH_BATCH;'26/03/2020 14:57:07;;Y;;;;'26/03/2020 14:34:24;2;10357914;;LU;1;';';';';';Y;;HOUSE;WONING - MAISON;NA;;;';;';;Y;;;;'26/03/2020 14:34:24
;;;Zoning;6807712;'20200127134349;W03-C-Antwerpen-West-FH08;6807712;'20200127134349;W03-C-Antwerpen-West-FH08;19085;FTTH-Cu;;';';;;;;;;7093546;'20200326153610;4507630;'1630000;'26208;Sint-Rochusstraat;'11;';2000;Antwerpen - Anvers;;'152049,38;'211429,784;';Y;NA;2;4;Unknown;Unknown;;None;;;';IFH_BATCH;'26/03/2020 14:57:39;;Y;;;;'26/03/2020 14:34:24;1;1630631;;LU;1;';';';';';Y;;HOUSE;WONING - MAISON;NA;;;';;';;Y;;;;'26/03/2020 14:34:24
;;;Zoning;6807712;'20200127134349;W03-C-Antwerpen-West-FH08;6807712;'20200127134349;W03-C-Antwerpen-West-FH08;19085;FTTH-Cu;;';';;;;;;;7093532;'20200326153609;2048077;'1630000;'26208;Sint-Rochusstraat;'13;';2000;Antwerpen - Anvers;;'152054,282;'211430,029;';Y;NA;4;4;Unknown;Unknown;;None;;;';IFH_BATCH;'26/03/2020 14:57:09;;Y;;;;'26/03/2020 14:34:24;1;1647967;;LU;1;';';';';';Y;;APTBLD;APPARTEMENTSGEBOUW - IMMEUBLE A APPARTEMENTS;NA;;;';;';;Y;;;;'26/03/2020 14:34:24
;;;Zoning;6807712;'20200127134349;W03-C-Antwerpen-West-FH08;6807712;'20200127134349;W03-C-Antwerpen-West-FH08;19085;FTTH-Cu;;';';;;;;;;7093532;'20200326153609;2048077;'1630000;'26208;Sint-Rochusstraat;'13;';2000;Antwerpen - Anvers;;'152054,282;'211430,029;';Y;NA;4;4;Unknown;Unknown;;None;;;';IFH_BATCH;'26/03/2020 14:57:09;;Y;;;;'26/03/2020 14:34:24;2;10362302;;LU;1;';';';';';Y;;APTBLD;APPARTEMENTSGEBOUW - IMMEUBLE A APPARTEMENTS;NA;;;';;';;Y;;;;'26/03/2020 14:34:24
;;;Zoning;6807712;'20200127134349;W03-C-Antwerpen-West-FH08;6807712;'20200127134349;W03-C-Antwerpen-West-FH08;19085;FTTH-Cu;;';';;;;;;;13723754;'20200326153606;4507633;'1630000;'26208;Sint-Rochusstraat;'19;';2000;Antwerpen - Anvers;;'152065,087;'211427,792;';Y;NA;2;4;Unknown;Unknown;;None;;;';IFH_BATCH;'26/03/2020 14:57:42;;Y;;;;'26/03/2020 14:34:24;1;1683217;;LU;1;';';';';';Y;#A.GV.1;APPART;DEEL_APP_GEBOUW - PARTIE_IMMEUBLE_APP;APPART;;;';;';;Y;;;;'26/03/2020 14:34:24
;;;Zoning;6807712;'20200127134349;W03-C-Antwerpen-West-FH08;6807712;'20200127134349;W03-C-Antwerpen-West-FH08;19085;FTTH-Cu;;';';;;;;;;13723745;'20200326153606;2048079;'1630000;'26208;Sint-Rochusstraat;'21;';2000;Antwerpen - Anvers;;'152067,161;'211426,87;';Y;NA;2;4;Unknown;Unknown;;None;;;';IFH_BATCH;'26/03/2020 14:57:14;;Y;;;;'26/03/2020 14:34:24;1;1703206;;LU;1;';';';';';Y;;HOUSE;WONING - MAISON;NA;;;';;';;Y;;;;'26/03/2020 14:34:24
;;;Zoning;6807712;'20200127134349;W03-C-Antwerpen-West-FH08;6807712;'20200127134349;W03-C-Antwerpen-West-FH08;19085;FTTH-Cu;;';';;;;;;;7093533;'20200326153609;2048080;'1630000;'26208;Sint-Rochusstraat;'23;';2000;Antwerpen - Anvers;;'152070,089;'211426,23;';Y;NA;4;4;Unknown;Unknown;;None;;;';IFH_BATCH;'26/03/2020 14:57:16;;Y;;;;'26/03/2020 14:34:24;1;1712998;;LU;1;';';';';';Y;;HOUSE;WONING - MAISON;NA;;;';;';;Y;;;;'26/03/2020 14:34:24
;;;Zoning;6807712;'20200127134349;W03-C-Antwerpen-West-FH08;6807712;'20200127134349;W03-C-Antwerpen-West-FH08;19085;FTTH-Cu;;';';;;;;;;7093533;'20200326153609;2048080;'1630000;'26208;Sint-Rochusstraat;'23;';2000;Antwerpen - Anvers;;'152070,089;'211426,23;';Y;NA;4;4;Unknown;Unknown;;None;;;';IFH_BATCH;'26/03/2020 14:57:16;;Y;;;;'26/03/2020 14:34:24;2;10357915;;LU;1;';';';';';Y;;HOUSE;WONING - MAISON;NA;;;';;';;Y;;;;'26/03/2020 14:34:24
;;;Zoning;6807712;'20200127134349;W03-C-Antwerpen-West-FH08;6807712;'20200127134349;W03-C-Antwerpen-West-FH08;19085;FTTH-Cu;;';';;;;;;;7093533;'20200326153609;2048080;'1630000;'26208;Sint-Rochusstraat;'23;';2000;Antwerpen - Anvers;;'152070,089;'211426,23;';Y;NA;4;4;Unknown;Unknown;;None;;;';IFH_BATCH;'26/03/2020 14:57:16;;Y;;;;'26/03/2020 14:34:24;3;10357916;;LU;1;';';';';';Y;;HOUSE;WONING - MAISON;NA;;;';;';;Y;;;;'26/03/2020 14:34:24
;;;Zoning;6807712;'20200127134349;W03-C-Antwerpen-West-FH08;6807712;'20200127134349;W03-C-Antwerpen-West-FH08;19085;FTTH-Cu;;';';;;;;;;7093533;'20200326153609;2048080;'1630000;'26208;Sint-Rochusstraat;'23;';2000;Antwerpen - Anvers;;'152070,089;'211426,23;';Y;NA;4;4;Unknown;Unknown;;None;;;';IFH_BATCH;'26/03/2020 14:57:16;;Y;;;;'26/03/2020 14:34:24;4;10357917;;LU;1;';';';';';Y;;HOUSE;WONING - MAISON;NA;;;';;';;Y;;;;'26/03/2020 14:34:24
;;;Zoning;6807712;'20200127134349;W03-C-Antwerpen-West-FH08;6807712;'20200127134349;W03-C-Antwerpen-West-FH08;19085;FTTH-Cu;;';';;;;;;;13723752;'20200326153606;4366554;'1630000;'26208;Sint-Rochusstraat;'25;';2000;Antwerpen - Anvers;;'152076,494;'211424,22;';Y;NA;2;4;Unknown;Unknown;;None;;;';IFH_BATCH;'26/03/2020 14:57:36;;Y;;;;'26/03/2020 14:34:24;1;1720856;;LU;1;';';';';';Y;;HOUSE;WONING - MAISON;NA;;;';;';;Y;;;;'26/03/2020 14:34:24
;;;Zoning;6807712;'20200127134349;W03-C-Antwerpen-West-FH08;6807712;'20200127134349;W03-C-Antwerpen-West-FH08;19085;FTTH-Cu;;';';;;;;;;7093534;'20200326153609;2048081;'1630000;'26208;Sint-Rochusstraat;'27;';2000;Antwerpen - Anvers;;'152083,506;'211422,922;';Y;NA;4;4;Unknown;Unknown;;None;;;';IFH_BATCH;'26/03/2020 14:57:18;;Y;;;;'26/03/2020 14:34:24;1;1728995;;LU;1;';';';';';Y;;APTBLD;APPARTEMENTSGEBOUW - IMMEUBLE A APPARTEMENTS;NA;;;';;';;Y;;;;'26/03/2020 14:34:24
;;;Zoning;6807712;'20200127134349;W03-C-Antwerpen-West-FH08;6807712;'20200127134349;W03-C-Antwerpen-West-FH08;19085;FTTH-Cu;;';';;;;;;;7093534;'20200326153609;2048081;'1630000;'26208;Sint-Rochusstraat;'27;';2000;Antwerpen - Anvers;;'152083,506;'211422,922;';Y;NA;4;4;Unknown;Unknown;;None;;;';IFH_BATCH;'26/03/2020 14:57:18;;Y;;;;'26/03/2020 14:34:24;2;10362327;;LU;1;';';';';';Y;;APTBLD;APPARTEMENTSGEBOUW - IMMEUBLE A APPARTEMENTS;NA;;;';;';;Y;;;;'26/03/2020 14:34:24
;;;Zoning;6807712;'20200127134349;W03-C-Antwerpen-West-FH08;6807712;'20200127134349;W03-C-Antwerpen-West-FH08;19085;FTTH-Cu;;';';;;;;;;7093534;'20200326153609;2048081;'1630000;'26208;Sint-Rochusstraat;'27;';2000;Antwerpen - Anvers;;'152083,506;'211422,922;';Y;NA;4;4;Unknown;Unknown;;None;;;';IFH_BATCH;'26/03/2020 14:57:18;;Y;;;;'26/03/2020 14:34:24;3;10362328;;LU;1;';';';';';Y;;APTBLD;APPARTEMENTSGEBOUW - IMMEUBLE A APPARTEMENTS;NA;;;';;';;Y;;;;'26/03/2020 14:34:24
;;;Zoning;6807712;'20200127134349;W03-C-Antwerpen-West-FH08;6807712;'20200127134349;W03-C-Antwerpen-West-FH08;19085;FTTH-Cu;;';';;;;;;;7093534;'20200326153609;2048081;'1630000;'26208;Sint-Rochusstraat;'27;';2000;Antwerpen - Anvers;;'152083,506;'211422,922;';Y;NA;4;4;Unknown;Unknown;;None;;;';IFH_BATCH;'26/03/2020 14:57:18;;Y;;;;'26/03/2020 14:34:24;4;10362329;;LU;1;';';';';';Y;;APTBLD;APPARTEMENTSGEBOUW - IMMEUBLE A APPARTEMENTS;NA;;;';;';;Y;;;;'26/03/2020 14:34:24
;;;Zoning;6807712;'20200127134349;W03-C-Antwerpen-West-FH08;6807712;'20200127134349;W03-C-Antwerpen-West-FH08;19085;FTTH-Cu;;';';;;;;;;7093534;'20200326153609;2048081;'1630000;'26208;Sint-Rochusstraat;'27;';2000;Antwerpen - Anvers;;'152083,506;'211422,922;';Y;NA;4;4;Unknown;Unknown;;None;;;';IFH_BATCH;'26/03/2020 14:57:18;;Y;;;;'26/03/2020 14:34:24;5;10362330;;LU;1;';';';';';Y;;APTBLD;APPARTEMENTSGEBOUW - IMMEUBLE A APPARTEMENTS;NA;;;';;';;Y;;;;'26/03/2020 14:34:24
;;;Zoning;6807712;'20200127134349;W03-C-Antwerpen-West-FH08;6807712;'20200127134349;W03-C-Antwerpen-West-FH08;19085;FTTH-Cu;;';';;;;;;;7093534;'20200326153609;2048081;'1630000;'26208;Sint-Rochusstraat;'27;';2000;Antwerpen - Anvers;;'152083,506;'211422,922;';Y;NA;4;4;Unknown;Unknown;;None;;;';IFH_BATCH;'26/03/2020 14:57:18;;Y;;;;'26/03/2020 14:34:24;6;10362331;;LU;1;';';';';';Y;;APTBLD;APPARTEMENTSGEBOUW - IMMEUBLE A APPARTEMENTS;NA;;;';;';;Y;;;;'26/03/2020 14:34:24
;;;Zoning;6807712;'20200127134349;W03-C-Antwerpen-West-FH08;6807712;'20200127134349;W03-C-Antwerpen-West-FH08;19085;FTTH-Cu;;';';;;;;;;7093534;'20200326153609;2048081;'1630000;'26208;Sint-Rochusstraat;'27;';2000;Antwerpen - Anvers;;'152083,506;'211422,922;';Y;NA;4;4;Unknown;Unknown;;None;;;';IFH_BATCH;'26/03/2020 14:57:18;;Y;;;;'26/03/2020 14:34:24;7;10362332;;LU;1;';';';';';Y;;APTBLD;APPARTEMENTSGEBOUW - IMMEUBLE A APPARTEMENTS;NA;;;';;';;Y;;;;'26/03/2020 14:34:24
;;;Zoning;6807712;'20200127134349;W03-C-Antwerpen-West-FH08;6807712;'20200127134349;W03-C-Antwerpen-West-FH08;19085;FTTH-Cu;;';';;;;;;;7093534;'20200326153609;2048081;'1630000;'26208;Sint-Rochusstraat;'27;';2000;Antwerpen - Anvers;;'152083,506;'211422,922;';Y;NA;4;4;Unknown;Unknown;;None;;;';IFH_BATCH;'26/03/2020 14:57:18;;Y;;;;'26/03/2020 14:34:24;8;10362333;;LU;1;';';';';';Y;;APTBLD;APPARTEMENTSGEBOUW - IMMEUBLE A APPARTEMENTS;NA;;;';;';;Y;;;;'26/03/2020 14:34:24
;;;Zoning;6807712;'20200127134349;W03-C-Antwerpen-West-FH08;6807712;'20200127134349;W03-C-Antwerpen-West-FH08;19085;FTTH-Cu;;';';;;;;;;13723758;'20200326153606;6083283;'1630000;'26208;Sint-Rochusstraat;'29;';2000;Antwerpen - Anvers;;'152143,323;'211399,217;';Y;NA;2;4;Unknown;Unknown;;None;;;';IFH_BATCH;'26/03/2020 14:57:52;;Y;;;;'26/03/2020 14:34:24;1;10864656;2721663;BU;1;';'1;';'0;';Y;;HOUSE;;;;;';;';;Y;;;;'26/03/2020 14:34:24
;;;Zoning;6807712;'20200127134349;W03-C-Antwerpen-West-FH08;6807712;'20200127134349;W03-C-Antwerpen-West-FH08;19085;FTTH-Cu;;';';;;;;;;7093547;'20200326153610;4507642;'1630000;'26208;Sint-Rochusstraat;'41;';2000;Antwerpen - Anvers;;'152210,212;'211395,965;';N;MON;2;0;Unknown;Unknown;;None;;;';IFH_BATCH;'26/03/2020 14:57:44;;Y;;;;'26/03/2020 14:34:24;1;1781047;;BU;1;';';';';';Y;;EDUC;ONDERWIJSGEBOUW - BATIMENT D' ENSEIGNEMENT;NA;;;';;';;Y;;;;'26/03/2020 14:34:24
;;;Zoning;6807712;'20200127134349;W03-C-Antwerpen-West-FH08;6807712;'20200127134349;W03-C-Antwerpen-West-FH08;19085;FTTH-Cu;;';';;;;;;;7093540;'20200326153610;4015800;'1630000;'26208;Sint-Rochusstraat;'47;';2000;Antwerpen - Anvers;;'152214,361;'211380,719;';Y;NA;2;4;Unknown;Unknown;;None;;;';IFH_BATCH;'26/03/2020 14:57:29;;Y;;;;'26/03/2020 14:34:24;1;1794548;;LU;1;';';';';';Y;;HOUSE;WONING - MAISON;NA;;;';;';;Y;;;;'26/03/2020 14:34:24
;;;Zoning;6807712;'20200127134349;W03-C-Antwerpen-West-FH08;6807712;'20200127134349;W03-C-Antwerpen-West-FH08;19085;FTTH-Cu;;';';;;;;;;13723751;'20200326153606;3928266;'1630000;'26208;Sint-Rochusstraat;'51;';2000;Antwerpen - Anvers;;'152223,41;'211377,68;';Y;NA;2;4;Unknown;Unknown;;None;;;';IFH_BATCH;'26/03/2020 14:57:25;;Y;;;;'26/03/2020 14:34:24;1;1807455;;LU;1;';';';';';Y;;HOUSE;WONING - MAISON;NA;;;';;';;Y;;;;'26/03/2020 14:34:24
;;;Zoning;6807712;'20200127134349;W03-C-Antwerpen-West-FH08;6807712;'20200127134349;W03-C-Antwerpen-West-FH08;19085;FTTH-Cu;;';';;;;;;;7093544;'20200326153610;4274296;'1630000;'26208;Sint-Rochusstraat;'53;';2000;Antwerpen - Anvers;;'152230,046;'211376,952;';Y;NA;2;4;Unknown;Unknown;;None;;;';IFH_BATCH;'26/03/2020 14:57:32;;Y;;;;'26/03/2020 14:34:24;1;1811030;;LU;1;';';';';';Y;;HOUSE;WONING - MAISON;NA;;;';;';;Y;;;;'26/03/2020 14:34:24
;;;Zoning;6807712;'20200127134349;W03-C-Antwerpen-West-FH08;6807712;'20200127134349;W03-C-Antwerpen-West-FH08;19085;FTTH-Cu;;';';;;;;;;13723756;'20200326153606;49181;'1630000;'26208;Sint-Rochusstraat;'55;';2000;Antwerpen - Anvers;;'152230,063;'211375,161;';Y;NA;4;4;Unknown;Unknown;;None;;;';IFH_BATCH;'26/03/2020 14:57:50;;Y;;;;'26/03/2020 14:34:24;1;1814191;2723698;LU;1;';'1;';'0;';Y;;HOUSE;WONING - MAISON;NA;;;';;';;Y;;;;'26/03/2020 14:34:24
;;;Zoning;6807712;'20200127134349;W03-C-Antwerpen-West-FH08;6807712;'20200127134349;W03-C-Antwerpen-West-FH08;19085;FTTH-Cu;;';';;;;;;;13723756;'20200326153606;49181;'1630000;'26208;Sint-Rochusstraat;'55;';2000;Antwerpen - Anvers;;'152230,063;'211375,161;';Y;NA;4;4;Unknown;Unknown;;None;;;';IFH_BATCH;'26/03/2020 14:57:50;;Y;;;;'26/03/2020 14:34:24;2;1814192;2723699;LU;1;';'101;';'1;';Y;;HOUSE;WONING - MAISON;NA;;;';;';;Y;;;;'26/03/2020 14:34:24
;;;Zoning;6807712;'20200127134349;W03-C-Antwerpen-West-FH08;6807712;'20200127134349;W03-C-Antwerpen-West-FH08;19085;FTTH-Cu;;';';;;;;;;13723756;'20200326153606;49181;'1630000;'26208;Sint-Rochusstraat;'55;';2000;Antwerpen - Anvers;;'152230,063;'211375,161;';Y;NA;4;4;Unknown;Unknown;;None;;;';IFH_BATCH;'26/03/2020 14:57:50;;Y;;;;'26/03/2020 14:34:24;3;10865077;2723700;LU;1;';'201;';'2;';Y;;HOUSE;;;;;';;';;Y;;;;'26/03/2020 14:34:24
;;;Zoning;6807712;'20200127134349;W03-C-Antwerpen-West-FH08;6807712;'20200127134349;W03-C-Antwerpen-West-FH08;19085;FTTH-Cu;;';';;;;;;;13723749;'20200326153606;2048088;'1630000;'26208;Sint-Rochusstraat;'59;';2000;Antwerpen - Anvers;;'152226,628;'211325,129;';Y;NA;2;4;Unknown;Unknown;;None;;;';IFH_BATCH;'26/03/2020 14:57:22;;Y;;;;'26/03/2020 14:34:24;1;10869780;2734079;BU;1;';'201;';'2;';Y;;HOUSE;;;;;';;';;Y;;;;'26/03/2020 14:34:24
;;;Zoning;6807712;'20200127134349;W03-C-Antwerpen-West-FH08;6807712;'20200127134349;W03-C-Antwerpen-West-FH08;19085;FTTH-Cu;;';';;;;;;;7093554;'20200326153610;48988;'1630000;'28193;Sleutelstraat;'16;';2000;Antwerpen - Anvers;;'152184,022;'211796,685;';Y;NA;4;4;Unknown;Unknown;;None;;;';IFH_BATCH;'26/03/2020 15:00:25;;Y;;;;'26/03/2020 14:34:24;1;1666153;;LU;1;';';';';';Y;#A.GV/APP.1/;APPART;DEEL_APP_GEBOUW - PARTIE_IMMEUBLE_APP;APPART;;;';;';;Y;;;;'26/03/2020 14:34:24
;;;Zoning;6807712;'20200127134349;W03-C-Antwerpen-West-FH08;6807712;'20200127134349;W03-C-Antwerpen-West-FH08;19085;FTTH-Cu;;';';;;;;;;7093554;'20200326153610;48988;'1630000;'28193;Sleutelstraat;'16;';2000;Antwerpen - Anvers;;'152184,022;'211796,685;';Y;NA;4;4;Unknown;Unknown;;None;;;';IFH_BATCH;'26/03/2020 15:00:25;;Y;;;;'26/03/2020 14:34:24;2;1666154;;LU;1;';';';';';Y;#A.GV/APP.2/;APPART;DEEL_APP_GEBOUW - PARTIE_IMMEUBLE_APP;APPART;;;';;';;Y;;;;'26/03/2020 14:34:24
;;;Zoning;6807712;'20200127134349;W03-C-Antwerpen-West-FH08;6807712;'20200127134349;W03-C-Antwerpen-West-FH08;19085;FTTH-Cu;;';';;;;;;;7093554;'20200326153610;48988;'1630000;'28193;Sleutelstraat;'16;';2000;Antwerpen - Anvers;;'152184,022;'211796,685;';Y;NA;4;4;Unknown;Unknown;;None;;;';IFH_BATCH;'26/03/2020 15:00:25;;Y;;;;'26/03/2020 14:34:24;3;1666155;;LU;1;';';';';';Y;#A.GV/APP.3/;APPART;DEEL_APP_GEBOUW - PARTIE_IMMEUBLE_APP;APPART;;;';;';;Y;;;;'26/03/2020 14:34:24
;;;Zoning;6807712;'20200127134349;W03-C-Antwerpen-West-FH08;6807712;'20200127134349;W03-C-Antwerpen-West-FH08;19085;FTTH-Cu;;';';;;;;;;7093554;'20200326153610;48988;'1630000;'28193;Sleutelstraat;'16;';2000;Antwerpen - Anvers;;'152184,022;'211796,685;';Y;NA;4;4;Unknown;Unknown;;None;;;';IFH_BATCH;'26/03/2020 15:00:25;;Y;;;;'26/03/2020 14:34:24;5;1666220;;LU;1;';';';';';Y;#A.GV1/APP.4/;APPART;DEEL_APP_GEBOUW - PARTIE_IMMEUBLE_APP;APPART;;;';;';;Y;;;;'26/03/2020 14:34:24
;;;Zoning;6807712;'20200127134349;W03-C-Antwerpen-West-FH08;6807712;'20200127134349;W03-C-Antwerpen-West-FH08;19085;FTTH-Cu;;';';;;;;;;7093554;'20200326153610;48988;'1630000;'28193;Sleutelstraat;'16;';2000;Antwerpen - Anvers;;'152184,022;'211796,685;';Y;NA;4;4;Unknown;Unknown;;None;;;';IFH_BATCH;'26/03/2020 15:00:25;;Y;;;;'26/03/2020 14:34:24;6;1666221;;LU;1;';';';';';Y;#A.GV1/APP.5/;APPART;DEEL_APP_GEBOUW - PARTIE_IMMEUBLE_APP;APPART;;;';;';;Y;;;;'26/03/2020 14:34:24
;;;Zoning;6807712;'20200127134349;W03-C-Antwerpen-West-FH08;6807712;'20200127134349;W03-C-Antwerpen-West-FH08;19085;FTTH-Cu;;';';;;;;;;7093554;'20200326153610;48988;'1630000;'28193;Sleutelstraat;'16;';2000;Antwerpen - Anvers;;'152184,022;'211796,685;';Y;NA;4;4;Unknown;Unknown;;None;;;';IFH_BATCH;'26/03/2020 15:00:25;;Y;;;;'26/03/2020 14:34:24;7;1666301;;LU;1;';';';';';Y;#A1/APP.10/;APPART;DEEL_APP_GEBOUW - PARTIE_IMMEUBLE_APP;APPART;;;';;';;Y;;;;'26/03/2020 14:34:24
;;;Zoning;6807712;'20200127134349;W03-C-Antwerpen-West-FH08;6807712;'20200127134349;W03-C-Antwerpen-West-FH08;19085;FTTH-Cu;;';';;;;;;;7093554;'20200326153610;48988;'1630000;'28193;Sleutelstraat;'16;';2000;Antwerpen - Anvers;;'152184,022;'211796,685;';Y;NA;4;4;Unknown;Unknown;;None;;;';IFH_BATCH;'26/03/2020 15:00:25;;Y;;;;'26/03/2020 14:34:24;8;1666302;;LU;1;';';';';';Y;#A1/APP.7/;APPART;DEEL_APP_GEBOUW - PARTIE_IMMEUBLE_APP;APPART;;;';;';;Y;;;;'26/03/2020 14:34:24
;;;Zoning;6807712;'20200127134349;W03-C-Antwerpen-West-FH08;6807712;'20200127134349;W03-C-Antwerpen-West-FH08;19085;FTTH-Cu;;';';;;;;;;7093554;'20200326153610;48988;'1630000;'28193;Sleutelstraat;'16;';2000;Antwerpen - Anvers;;'152184,022;'211796,685;';Y;NA;4;4;Unknown;Unknown;;None;;;';IFH_BATCH;'26/03/2020 15:00:25;;Y;;;;'26/03/2020 14:34:24;9;1666303;;LU;1;';';';';';Y;#A1/APP.8/;APPART;DEEL_APP_GEBOUW - PARTIE_IMMEUBLE_APP;APPART;;;';;';;Y;;;;'26/03/2020 14:34:24
;;;Zoning;6807712;'20200127134349;W03-C-Antwerpen-West-FH08;6807712;'20200127134349;W03-C-Antwerpen-West-FH08;19085;FTTH-Cu;;';';;;;;;;7093554;'20200326153610;48988;'1630000;'28193;Sleutelstraat;'16;';2000;Antwerpen - Anvers;;'152184,022;'211796,685;';Y;NA;4;4;Unknown;Unknown;;None;;;';IFH_BATCH;'26/03/2020 15:00:25;;Y;;;;'26/03/2020 14:34:24;10;1666304;;LU;1;';';';';';Y;#A1/APP.9/;APPART;DEEL_APP_GEBOUW - PARTIE_IMMEUBLE_APP;APPART;;;';;';;Y;;;;'26/03/2020 14:34:24
;;;Zoning;6807712;'20200127134349;W03-C-Antwerpen-West-FH08;6807712;'20200127134349;W03-C-Antwerpen-West-FH08;19085;FTTH-Cu;;';';;;;;;;7093554;'20200326153610;48988;'1630000;'28193;Sleutelstraat;'16;';2000;Antwerpen - Anvers;;'152184,022;'211796,685;';Y;NA;4;4;Unknown;Unknown;;None;;;';IFH_BATCH;'26/03/2020 15:00:25;;Y;;;;'26/03/2020 14:34:24;11;1666502;;LU;1;';';';';';Y;#A2/APP.11/;APPART;DEEL_APP_GEBOUW - PARTIE_IMMEUBLE_APP;APPART;;;';;';;Y;;;;'26/03/2020 14:34:24
;;;Zoning;6807712;'20200127134349;W03-C-Antwerpen-West-FH08;6807712;'20200127134349;W03-C-Antwerpen-West-FH08;19085;FTTH-Cu;;';';;;;;;;7093554;'20200326153610;48988;'1630000;'28193;Sleutelstraat;'16;';2000;Antwerpen - Anvers;;'152184,022;'211796,685;';Y;NA;4;4;Unknown;Unknown;;None;;;';IFH_BATCH;'26/03/2020 15:00:25;;Y;;;;'26/03/2020 14:34:24;12;1666503;;LU;1;';';';';';Y;#A2/APP.12/;APPART;DEEL_APP_GEBOUW - PARTIE_IMMEUBLE_APP;APPART;;;';;';;Y;;;;'26/03/2020 14:34:24
;;;Zoning;6807712;'20200127134349;W03-C-Antwerpen-West-FH08;6807712;'20200127134349;W03-C-Antwerpen-West-FH08;19085;FTTH-Cu;;';';;;;;;;7093554;'20200326153610;48988;'1630000;'28193;Sleutelstraat;'16;';2000;Antwerpen - Anvers;;'152184,022;'211796,685;';Y;NA;4;4;Unknown;Unknown;;None;;;';IFH_BATCH;'26/03/2020 15:00:25;;Y;;;;'26/03/2020 14:34:24;13;1666504;;LU;1;';';';';';Y;#A2/APP.13/;APPART;DEEL_APP_GEBOUW - PARTIE_IMMEUBLE_APP;APPART;;;';;';;Y;;;;'26/03/2020 14:34:24
;;;Zoning;6807712;'20200127134349;W03-C-Antwerpen-West-FH08;6807712;'20200127134349;W03-C-Antwerpen-West-FH08;19085;FTTH-Cu;;';';;;;;;;7093554;'20200326153610;48988;'1630000;'28193;Sleutelstraat;'16;';2000;Antwerpen - Anvers;;'152184,022;'211796,685;';Y;NA;4;4;Unknown;Unknown;;None;;;';IFH_BATCH;'26/03/2020 15:00:25;;Y;;;;'26/03/2020 14:34:24;14;1666505;;LU;1;';';';';';Y;#A2/APP.14/;APPART;DEEL_APP_GEBOUW - PARTIE_IMMEUBLE_APP;APPART;;;';;';;Y;;;;'26/03/2020 14:34:24
;;;Zoning;6807712;'20200127134349;W03-C-Antwerpen-West-FH08;6807712;'20200127134349;W03-C-Antwerpen-West-FH08;19085;FTTH-Cu;;';';;;;;;;7093554;'20200326153610;48988;'1630000;'28193;Sleutelstraat;'16;';2000;Antwerpen - Anvers;;'152184,022;'211796,685;';Y;NA;4;4;Unknown;Unknown;;None;;;';IFH_BATCH;'26/03/2020 15:00:25;;Y;;;;'26/03/2020 14:34:24;15;1666631;;LU;1;';';';';';Y;#A3.4/APP.15/;APPART;DEEL_APP_GEBOUW - PARTIE_IMMEUBLE_APP;APPART;;;';;';;Y;;;;'26/03/2020 14:34:24
;;;Zoning;6807712;'20200127134349;W03-C-Antwerpen-West-FH08;6807712;'20200127134349;W03-C-Antwerpen-West-FH08;19085;FTTH-Cu;;';';;;;;;;7093554;'20200326153610;48988;'1630000;'28193;Sleutelstraat;'16;';2000;Antwerpen - Anvers;;'152184,022;'211796,685;';Y;NA;4;4;Unknown;Unknown;;None;;;';IFH_BATCH;'26/03/2020 15:00:25;;Y;;;;'26/03/2020 14:34:24;16;1666632;;LU;1;';';';';';Y;#A3.4/APP.16/;APPART;DEEL_APP_GEBOUW - PARTIE_IMMEUBLE_APP;APPART;;;';;';;Y;;;;'26/03/2020 14:34:24
;;;Zoning;6807712;'20200127134349;W03-C-Antwerpen-West-FH08;6807712;'20200127134349;W03-C-Antwerpen-West-FH08;19085;FTTH-Cu;;';';;;;;;;7093554;'20200326153610;48988;'1630000;'28193;Sleutelstraat;'16;';2000;Antwerpen - Anvers;;'152184,022;'211796,685;';Y;NA;4;4;Unknown;Unknown;;None;;;';IFH_BATCH;'26/03/2020 15:00:25;;Y;;;;'26/03/2020 14:34:24;17;1666633;;LU;1;';';';';';Y;#A3.4/APP.17/;APPART;DEEL_APP_GEBOUW - PARTIE_IMMEUBLE_APP;APPART;;;';;';;Y;;;;'26/03/2020 14:34:24
;;;Zoning;6807712;'20200127134349;W03-C-Antwerpen-West-FH08;6807712;'20200127134349;W03-C-Antwerpen-West-FH08;19085;FTTH-Cu;;';';;;;;;;7093554;'20200326153610;48988;'1630000;'28193;Sleutelstraat;'16;';2000;Antwerpen - Anvers;;'152184,022;'211796,685;';Y;NA;4;4;Unknown;Unknown;;None;;;';IFH_BATCH;'26/03/2020 15:00:25;;Y;;;;'26/03/2020 14:34:24;18;1666672;;LU;1;';';';';';Y;#A3/APP.18/;APPART;DEEL_APP_GEBOUW - PARTIE_IMMEUBLE_APP;APPART;;;';;';;Y;;;;'26/03/2020 14:34:24
;;;Zoning;6807712;'20200127134349;W03-C-Antwerpen-West-FH08;6807712;'20200127134349;W03-C-Antwerpen-West-FH08;19085;FTTH-Cu;;';';;;;;;;7093554;'20200326153610;48988;'1630000;'28193;Sleutelstraat;'16;';2000;Antwerpen - Anvers;;'152184,022;'211796,685;';Y;NA;4;4;Unknown;Unknown;;None;;;';IFH_BATCH;'26/03/2020 15:00:25;;Y;;;;'26/03/2020 14:34:24;19;10414967;;LU;1;';';';';';Y;#A.GV.1/APP.6/;APPART;DEEL_APP_GEBOUW - PARTIE_IMMEUBLE_APP;APPART;;;';;';;Y;;;;'26/03/2020 14:34:24
